title,ingredients,directions,NER,average_embeddings
Cracklin' Bread,"[""2 c. corn meal"", ""1 c. boiling water"", ""1 Tbsp. shortening"", ""2 eggs"", ""2 1/2 c. milk"", ""1 tsp. salt"", ""2 tsp. baking powder"", ""1 c. broken cracklings""]","[""Scald corn meal with boiling water."", ""Add shortening and cool slightly."", ""Beat eggs thoroughly."", ""Add milk and salt."", ""Combine the two mixtures."", ""Add baking powder and cracklings and blend thoroughly."", ""Turn into well-greased pan and bake in a moderately hot oven at 375\u00b0 for 25 to 30 minutes."", ""Makes 6 servings.""]","[""corn meal"", ""baking powder"", ""shortening"", ""eggs"", ""milk"", ""cracklings"", ""boiling water"", ""salt""]","[-0.00980775 -0.00982829 -0.00987367 -0.00979142 -0.00983019 -0.0097083
 -0.00975834 -0.0094635  -0.00994588 -0.00990933 -0.00984941 -0.00988188
 -0.0097886  -0.00971151 -0.00989027 -0.00986551 -0.00978341 -0.00979143
 -0.00977048 -0.00975623 -0.00971532 -0.0099684  -0.00999694 -0.00976954
 -0.00966489 -0.00968838 -0.00992444 -0.00980344 -0.00979558 -0.00988477
 -0.00991585 -0.0098145  -0.00962666 -0.00981748 -0.00972822 -0.00990029
 -0.0098031  -0.00991261 -0.01004307 -0.0097882  -0.00986692 -0.00980727
 -0.00959731 -0.00986763 -0.0098244  -0.00990515 -0.00976031 -0.00982027
 -0.01002642 -0.00993711 -0.00970799 -0.00983305 -0.0098984  -0.0099422
 -0.00984166 -0.00962967 -0.00981546 -0.00979224 -0.00985857 -0.00975793
 -0.00975833 -0.00985054 -0.00981481 -0.00984241 -0.00989735 -0.00973072
 -0.00976574 -0.0097256  -0.01009625 -0.00974636 -0.00979792 -0.00989542
 -0.00993943 -0.00987871 -0.00971118 -0.00991774 -0.00973204 -0.00979644
 -0.00985626 -0.00983335 -0.00992402 -0.00979193 -0.00976097 -0.00963444
 -0.00986788 -0.00968968 -0.01007108 -0.00983517 -0.00982709 -0.00958971
 -0.00994307 -0.00978402 -0.00987503 -0.00978175 -0.00994625 -0.00990624
 -0.00999377 -0.0097504  -0.00968309 -0.00970151 -0.00985665 -0.00989255
 -0.00978594 -0.00962978 -0.0101026  -0.00977024 -0.00983402 -0.00994266
 -0.0097861  -0.00980456 -0.00974405 -0.00990758 -0.0096849  -0.00984876
 -0.00998914 -0.0097445  -0.00996014 -0.00988327 -0.0100424  -0.00986708
 -0.00997893 -0.00985673 -0.00976782 -0.00963672 -0.00982536 -0.00989474
 -0.00999801 -0.00979125 -0.00968655 -0.00990806 -0.00978722 -0.00969693
 -0.00974678 -0.0098212  -0.00986801 -0.00972021 -0.00977281 -0.00987809
 -0.00975881 -0.01000853 -0.00988135 -0.00969157 -0.00984651 -0.00993762
 -0.00991666 -0.00994617 -0.0099363  -0.00989521 -0.00984049 -0.0097902
 -0.00982773 -0.00962203 -0.01001175 -0.00998887 -0.00983748 -0.00975527
 -0.00999796 -0.0098247  -0.00983816 -0.00979314 -0.00990604 -0.00980239
 -0.00979918 -0.00990543 -0.00997904 -0.00982215 -0.00983136 -0.00968787
 -0.00983475 -0.00971951 -0.00984726 -0.00969666 -0.00939244 -0.00989071
 -0.0098869  -0.00979136 -0.00972751 -0.00981133 -0.0098825  -0.0097098
 -0.0101739  -0.00973052 -0.00975308 -0.00995589 -0.00974768 -0.00992876
 -0.00967682 -0.01016084 -0.00961213 -0.00977467 -0.00986824 -0.00988369
 -0.00987979 -0.00989348 -0.00968487 -0.00995262 -0.00989135 -0.00983828
 -0.00980469 -0.00994818 -0.00966773 -0.00977308 -0.00977878 -0.0097747
 -0.01001271 -0.00962798 -0.00972185 -0.00995565 -0.00975114 -0.00985303
 -0.00985562 -0.00973128 -0.00966649 -0.00996077 -0.00982676 -0.0097889
 -0.0097329  -0.0098024  -0.00992964 -0.00991193 -0.00973354 -0.00987557
 -0.01007072 -0.0097181  -0.00987156 -0.00968726 -0.00976616 -0.00973152
 -0.00972985 -0.009756   -0.00989738 -0.00997756 -0.00964623 -0.00977114
 -0.00990676 -0.00973509 -0.00988011 -0.00990244 -0.00979146 -0.0099348
 -0.0099708  -0.00984986 -0.00965461 -0.0098888  -0.00986777 -0.00976124
 -0.00981177 -0.00987721 -0.00977981 -0.0099701  -0.00975818 -0.00999375
 -0.00966963 -0.00995341 -0.00993886 -0.00988087 -0.00988853 -0.00990785
 -0.00970739 -0.00967669 -0.00976351 -0.00983856 -0.00963717 -0.00985404
 -0.009834   -0.0097199  -0.00999869 -0.00979289 -0.00982756 -0.00983383
 -0.00977783 -0.00973396 -0.0098477  -0.00981512 -0.00994605 -0.01003236
 -0.00982227 -0.00982176 -0.00980842 -0.00999408 -0.00988703 -0.00972997
 -0.01007431 -0.00980913 -0.00987196 -0.00999668 -0.00987935 -0.00986134
 -0.01001702 -0.00993052 -0.00976374 -0.0096856  -0.00999513 -0.00996728
 -0.00966422 -0.00976618 -0.00986399 -0.00961302 -0.00985006 -0.01003867
 -0.00967214 -0.00989317 -0.00987235 -0.00978944 -0.00980958 -0.00973642
 -0.00992771 -0.00996744 -0.01178744 -0.00988197 -0.00986781 -0.00997305
 -0.00969132 -0.00997443 -0.00999716 -0.01003592 -0.0098106  -0.00976363
 -0.01002373 -0.00995647 -0.00970052 -0.00991225 -0.00970038 -0.0100216
 -0.00985172 -0.01001492 -0.00986089 -0.00967849 -0.00979261 -0.00995952
 -0.00968249 -0.00979265 -0.00994394 -0.00976794 -0.0098352  -0.00980072
 -0.01004908 -0.00978221 -0.01004924 -0.00990136 -0.00985467 -0.00985624
 -0.00971527 -0.01002043 -0.0098832  -0.00991732 -0.00956732 -0.00977858
 -0.00972142 -0.00980382 -0.00987732 -0.0099061  -0.00967228 -0.00985933
 -0.00976572 -0.01007123 -0.00984375 -0.00967454 -0.0097177  -0.00985201
 -0.00995192 -0.00995791 -0.00987173 -0.00977804 -0.00963415 -0.00975461
 -0.00990616 -0.0100836  -0.00978296 -0.00977835 -0.00992375 -0.00974933
 -0.0100007  -0.00978683 -0.0099423  -0.00993899 -0.00974671 -0.00973635
 -0.00990286 -0.00995365 -0.009837   -0.01020127 -0.0098555  -0.00976351
 -0.00996652 -0.0099194  -0.0097874  -0.00980949 -0.00983642 -0.01008337
 -0.00972184 -0.00978327 -0.00988579 -0.00983726 -0.00990189 -0.00999638
 -0.01006601 -0.00991542 -0.00964061 -0.00987964 -0.00979706 -0.00987561
 -0.0096145  -0.00966476 -0.0098568  -0.00989358 -0.00993033 -0.00982314
 -0.01008599 -0.0098116  -0.00967786 -0.0099412  -0.00975494 -0.00986208
 -0.00999698 -0.0097883  -0.00974837 -0.00979429 -0.00981807 -0.00983773
 -0.00972381 -0.00999821 -0.00999309 -0.00995303 -0.00970573 -0.0097567
 -0.00992682 -0.00974338 -0.00974274 -0.00977322 -0.00986877 -0.00987033
 -0.00990784 -0.0097914  -0.00977071 -0.01007554 -0.00972399 -0.00984387
 -0.00999146 -0.00990361 -0.00986331 -0.0098063  -0.00995641 -0.0098459
 -0.01007751 -0.00998202 -0.00992994 -0.00970807 -0.00980354 -0.00978712
 -0.0097755  -0.009804   -0.0099873  -0.00949802 -0.00994215 -0.00991125
 -0.00988127 -0.00968188 -0.00991427 -0.00987282 -0.00981583 -0.0098529
 -0.00992014 -0.01012565 -0.00966666 -0.00980913 -0.00985124 -0.01003277
 -0.00983933 -0.00999281 -0.00981089 -0.0096459  -0.00979961 -0.00960744
 -0.00976195 -0.00985111 -0.00998746 -0.00969231 -0.00986866 -0.00985809
 -0.00987194 -0.00969076 -0.00995037 -0.00974936 -0.00980593 -0.00992355
 -0.00995873 -0.0098031  -0.00983925 -0.00991072 -0.00991051 -0.00988542
 -0.00984466 -0.00986858 -0.00983231 -0.00992189 -0.0096556  -0.00974911
 -0.00976826 -0.00972398 -0.0097688  -0.00988116 -0.00991792 -0.00984988
 -0.00984719 -0.00967085 -0.00970934 -0.00982872 -0.00992836 -0.01006626
 -0.00996516 -0.00973877 -0.00978881 -0.00983354 -0.00971745 -0.00979614
 -0.00989956 -0.00982797 -0.00984021 -0.01004669 -0.00987027 -0.01002476
 -0.00995252 -0.0097716  -0.00975634 -0.00979905 -0.0098475  -0.00977744
 -0.01001504 -0.00994464 -0.00983121 -0.00978629 -0.00982458 -0.00968142
 -0.00992783 -0.00986343 -0.00980539 -0.00971931 -0.00972599 -0.00985855
 -0.00987563 -0.00972817 -0.0097572  -0.00956167 -0.0100962  -0.00988587
 -0.00975609 -0.00981081 -0.00970932 -0.00995497 -0.00991979 -0.00980387
 -0.0098996  -0.01002386 -0.00982376 -0.00972659 -0.00972021 -0.00976495
 -0.0098564  -0.00983237 -0.0097869  -0.00996042 -0.00979662 -0.01002467
 -0.00989391 -0.00975338 -0.00988468 -0.00972849 -0.00992266 -0.0097984
 -0.0098076  -0.00973304 -0.00986851 -0.00991562 -0.00977564 -0.00986236
 -0.00968749 -0.00970042 -0.0099452  -0.0098575  -0.00970049 -0.00976967
 -0.00990954 -0.00977486 -0.00986531 -0.0100728  -0.00977818 -0.00976359
 -0.00982386 -0.00960401 -0.00995822 -0.00988168 -0.00990144 -0.00983317
 -0.00993903 -0.00981959 -0.00999992 -0.00979836 -0.00960064 -0.00970653
 -0.00983089 -0.0097419  -0.00998222 -0.00980927 -0.00986138 -0.00974596
 -0.01000727 -0.00982542 -0.00998953 -0.00978937 -0.00982348 -0.0099008
 -0.00987898 -0.00984064 -0.00990143 -0.00995648 -0.00995318 -0.00982117
 -0.00982663 -0.00993787 -0.00974389 -0.00963173 -0.00983081 -0.00975462
 -0.00970413 -0.00999004 -0.00994171 -0.00955714 -0.00976034 -0.00991637
 -0.00977363 -0.00983555 -0.00973532 -0.00963241 -0.01007351 -0.00988353
 -0.00988155 -0.00988163 -0.01000821 -0.00980159 -0.00987336 -0.00978216
 -0.00971677 -0.00995957 -0.00976323 -0.00989217 -0.00994246 -0.00986344
 -0.00972183 -0.00989377 -0.00999778 -0.00979423 -0.00962201 -0.00974702
 -0.00988372 -0.00991585 -0.00971378 -0.00985561 -0.00983112 -0.00990001
 -0.00977406 -0.00991236 -0.00958631 -0.00990228 -0.00982337 -0.00981409
 -0.00991466 -0.00981542 -0.00981198 -0.00973291 -0.00986257 -0.01007271
 -0.00981105 -0.00961056 -0.00983252 -0.00994197 -0.00992703 -0.00975043
 -0.00980691 -0.00999775 -0.0098622  -0.00965923 -0.00993637 -0.00972902
 -0.01005621 -0.00963154 -0.00995222 -0.00972166 -0.00986012 -0.00979616
 -0.01007672 -0.00996132 -0.00972522 -0.00992293 -0.009882   -0.00990519
 -0.0100655  -0.00990567 -0.00996127 -0.0099483  -0.00997404 -0.00999686
 -0.00968777 -0.00989668 -0.00983016 -0.00979302 -0.00980591 -0.00979693
 -0.00975125 -0.00989204 -0.00994446 -0.00979336 -0.00991479 -0.00998839
 -0.0098366  -0.00984523 -0.00992942 -0.00980954 -0.0099113  -0.00969706
 -0.01001602 -0.00973855 -0.01005347 -0.0098558  -0.00973315 -0.00983048
 -0.00983149 -0.00997049 -0.00981545 -0.00988486 -0.00981492 -0.00975042
 -0.0098939  -0.00979438 -0.00993972 -0.00967404 -0.00986477 -0.00978612
 -0.01001669 -0.00962278 -0.00992801 -0.00996916 -0.00990854 -0.00973723
 -0.00996148 -0.00982347 -0.00990462 -0.00998569 -0.00960967 -0.00991243
 -0.00974945 -0.00984317 -0.01003096 -0.00993473 -0.0097796  -0.00977931
 -0.00997096 -0.00983737 -0.00986349 -0.00988354 -0.00990333 -0.00979583
 -0.00970181 -0.00987465 -0.00981162 -0.00982402 -0.00985314 -0.00992573]"
Earthquake Cake,"[""1 c. pecans"", ""1 c. coconut"", ""1 stick margarine"", ""1 (8 oz.) cream cheese"", ""1 box powdered sugar"", ""1 box German chocolate cake mix""]","[""In a 9 x 13 pan, put nuts and coconut in bottom."", ""Mix cake mix as directed on box."", ""When melted, mix with powdered sugar. Spoon over cake mix."", ""Do not spread."", ""Bake at 350\u00b0 for 45 minutes.""]","[""chocolate cake"", ""powdered sugar"", ""pecans"", ""cream cheese"", ""margarine"", ""coconut""]","[-0.00925492 -0.00936089 -0.00924232 -0.00918473 -0.00929791 -0.00915629
 -0.00904459 -0.00909265 -0.00935162 -0.00922849 -0.00929874 -0.0092683
 -0.00922962 -0.00921035 -0.00936895 -0.0093338  -0.00926962 -0.0092049
 -0.00911542 -0.00912384 -0.00920102 -0.00928783 -0.00921071 -0.009297
 -0.0092282  -0.0091591  -0.00936289 -0.00912556 -0.00935903 -0.00922909
 -0.00932378 -0.00922326 -0.00905981 -0.00921512 -0.0092045  -0.00934546
 -0.00932059 -0.00921471 -0.00943673 -0.00922633 -0.00917926 -0.00926426
 -0.00918913 -0.00930241 -0.00930314 -0.00913223 -0.00927329 -0.00918726
 -0.00941552 -0.00936315 -0.00934527 -0.00914902 -0.00928097 -0.00922031
 -0.00933402 -0.0092549  -0.00916056 -0.00910759 -0.00910125 -0.00931714
 -0.0091276  -0.00944123 -0.00930077 -0.0092963  -0.00928609 -0.00918096
 -0.00912605 -0.00906335 -0.00921076 -0.00924848 -0.00919726 -0.00920396
 -0.00921604 -0.00926309 -0.00923512 -0.00930293 -0.00918829 -0.00918639
 -0.00920535 -0.00923344 -0.00922602 -0.00923217 -0.00910378 -0.00926785
 -0.00921751 -0.00928091 -0.00912729 -0.00914993 -0.00936995 -0.0090914
 -0.00930499 -0.0092171  -0.00925184 -0.00916569 -0.0092562  -0.00920314
 -0.00937873 -0.00916537 -0.00922748 -0.00923435 -0.00934447 -0.0093392
 -0.00927366 -0.00899552 -0.00923801 -0.00925701 -0.00923096 -0.00924904
 -0.00926037 -0.00937421 -0.00922042 -0.0093092  -0.00915634 -0.00925008
 -0.00931381 -0.00918722 -0.0092058  -0.00920585 -0.00912979 -0.00921328
 -0.00920634 -0.00929622 -0.00924911 -0.00902584 -0.00917045 -0.00911088
 -0.00943534 -0.00935477 -0.00928901 -0.00911245 -0.00917844 -0.00907143
 -0.00922002 -0.0092637  -0.00915013 -0.00915193 -0.00927431 -0.0091131
 -0.00916684 -0.00938643 -0.00932485 -0.00904768 -0.00931158 -0.00932373
 -0.00921756 -0.00924623 -0.00932624 -0.00925369 -0.00919402 -0.00917952
 -0.0092197  -0.00908222 -0.00936046 -0.00939326 -0.00914317 -0.00913321
 -0.00930859 -0.00925682 -0.00925266 -0.00908913 -0.00897102 -0.00905694
 -0.00929223 -0.00923249 -0.00933091 -0.00923576 -0.00919645 -0.00903342
 -0.00916275 -0.00929289 -0.00944889 -0.00926585 -0.00910884 -0.00909362
 -0.00931369 -0.00916892 -0.00907455 -0.00915757 -0.0092717  -0.00911636
 -0.00950929 -0.00927616 -0.00925249 -0.00925586 -0.00916623 -0.00922253
 -0.00911321 -0.00928645 -0.00906638 -0.00932641 -0.00933011 -0.00925887
 -0.0093043  -0.00926929 -0.00917724 -0.00938289 -0.00922546 -0.00929189
 -0.00903439 -0.00915618 -0.0090789  -0.00919145 -0.00906565 -0.00906639
 -0.00923682 -0.00918455 -0.00925928 -0.00928465 -0.00923733 -0.00936328
 -0.00932719 -0.00903497 -0.00909695 -0.0093207  -0.00907738 -0.00924697
 -0.00921128 -0.00927373 -0.0093056  -0.00927069 -0.00920401 -0.00930338
 -0.00928451 -0.00922832 -0.00934565 -0.00906421 -0.00914231 -0.00914992
 -0.00910988 -0.00930425 -0.00933446 -0.00928439 -0.00930942 -0.00912836
 -0.00933806 -0.0092086  -0.00908152 -0.00927872 -0.0092587  -0.00931449
 -0.00941186 -0.00911722 -0.00919672 -0.00912014 -0.00922496 -0.0093143
 -0.00906644 -0.00933328 -0.00929132 -0.0091889  -0.00924143 -0.00918604
 -0.00920847 -0.00920062 -0.00927388 -0.00932698 -0.00930149 -0.00937636
 -0.00917368 -0.00921762 -0.00921129 -0.00922416 -0.00895584 -0.00939083
 -0.00925915 -0.00919068 -0.00930851 -0.00925827 -0.00920354 -0.00926399
 -0.00927902 -0.00928491 -0.00913584 -0.0092239  -0.00923049 -0.0093789
 -0.00904102 -0.009096   -0.00912623 -0.00929392 -0.00929331 -0.00921158
 -0.00934503 -0.00930605 -0.00912605 -0.0093517  -0.00938232 -0.00927894
 -0.00930652 -0.00930117 -0.0093349  -0.00918446 -0.00913415 -0.00926444
 -0.00912788 -0.00928001 -0.00914785 -0.00916099 -0.00917599 -0.0092515
 -0.00922796 -0.00921958 -0.00933406 -0.00929507 -0.00914497 -0.00918041
 -0.00925084 -0.00919583 -0.01170375 -0.00923308 -0.0091537  -0.00934942
 -0.00918917 -0.00913081 -0.00921295 -0.00917845 -0.009359   -0.00925368
 -0.0091251  -0.0092391  -0.00913937 -0.00921352 -0.00926567 -0.00945759
 -0.00922593 -0.00924426 -0.00932098 -0.00916428 -0.00935298 -0.00934019
 -0.00911424 -0.00924772 -0.00923517 -0.00924267 -0.0091418  -0.00911372
 -0.00932708 -0.0092694  -0.00920097 -0.00931494 -0.00920444 -0.00911327
 -0.00927353 -0.00916936 -0.0091889  -0.00925449 -0.00901938 -0.00911151
 -0.0091967  -0.00934822 -0.00920187 -0.00913392 -0.00917217 -0.00940992
 -0.00912181 -0.00922612 -0.00918748 -0.00911136 -0.00895858 -0.00920712
 -0.00921122 -0.00932855 -0.00916068 -0.00905936 -0.00910078 -0.00907964
 -0.00930262 -0.00939476 -0.00908037 -0.00916926 -0.00936908 -0.00919164
 -0.00924997 -0.0092296  -0.00919227 -0.00942213 -0.00929194 -0.00921743
 -0.00924899 -0.00935529 -0.00925305 -0.00963638 -0.00946183 -0.00911348
 -0.00933278 -0.00934519 -0.00910794 -0.00935716 -0.00932111 -0.00924185
 -0.00910763 -0.00916438 -0.00920498 -0.00921778 -0.00920573 -0.00931665
 -0.00928201 -0.00915647 -0.00913999 -0.00923052 -0.00911951 -0.0092894
 -0.00907767 -0.00896962 -0.009174   -0.00921713 -0.00917803 -0.00926929
 -0.00930786 -0.0093219  -0.0091352  -0.00928629 -0.00914037 -0.00934867
 -0.009375   -0.00914169 -0.00914948 -0.00928188 -0.00914335 -0.00919632
 -0.00906201 -0.00926743 -0.00924823 -0.00924784 -0.00921477 -0.0091192
 -0.00918351 -0.00920127 -0.00937972 -0.00911127 -0.00930048 -0.0092303
 -0.00913679 -0.00921931 -0.00926045 -0.00933824 -0.0091774  -0.00922556
 -0.00932602 -0.00920401 -0.00923678 -0.00924878 -0.00925987 -0.00920586
 -0.00928691 -0.00921741 -0.00919816 -0.00914815 -0.00914862 -0.00933272
 -0.0093455  -0.0092244  -0.00916362 -0.00910943 -0.00935951 -0.00914283
 -0.00909202 -0.00915377 -0.00922753 -0.0093121  -0.00920324 -0.00927281
 -0.00938444 -0.00932419 -0.00920546 -0.0094092  -0.00919151 -0.00929309
 -0.00920957 -0.00941462 -0.00927156 -0.00915192 -0.00938978 -0.00915943
 -0.00919649 -0.0092402  -0.0094112  -0.00922343 -0.00921974 -0.00929702
 -0.00936054 -0.00914924 -0.00927982 -0.00915352 -0.00928439 -0.00936054
 -0.00921355 -0.00918245 -0.00917035 -0.00926369 -0.00912302 -0.00912442
 -0.00909623 -0.00920904 -0.00950064 -0.00920454 -0.00913418 -0.00904846
 -0.0091066  -0.00930357 -0.00924385 -0.00942908 -0.00924772 -0.00931237
 -0.00921087 -0.00914263 -0.0091675  -0.00915559 -0.00929775 -0.00937125
 -0.00928706 -0.00918483 -0.00910321 -0.00928032 -0.00921295 -0.0091445
 -0.00937792 -0.0094199  -0.00905739 -0.00931779 -0.0094593  -0.00933586
 -0.00927176 -0.00920296 -0.00922007 -0.00919822 -0.00924147 -0.00926914
 -0.00936337 -0.00920263 -0.0091501  -0.00928626 -0.00921313 -0.00923979
 -0.00928977 -0.0093797  -0.00915883 -0.0091524  -0.00913494 -0.0090646
 -0.00928188 -0.00910966 -0.00921369 -0.0091333  -0.00934981 -0.0092826
 -0.00920425 -0.00927816 -0.00927975 -0.00953446 -0.00930725 -0.00926406
 -0.00920464 -0.00918807 -0.00914647 -0.00914487 -0.0091031  -0.00908307
 -0.00924857 -0.00913373 -0.00930277 -0.00937383 -0.00923744 -0.00956263
 -0.00933464 -0.0093559  -0.00923725 -0.00924282 -0.00935072 -0.00910441
 -0.00915434 -0.0091531  -0.00923076 -0.00917092 -0.00918854 -0.00919563
 -0.00915733 -0.00914592 -0.0092643  -0.00916216 -0.00908275 -0.00916723
 -0.00924833 -0.00919859 -0.00921564 -0.00947881 -0.00927815 -0.00922563
 -0.00919118 -0.00905478 -0.00934987 -0.00930342 -0.00918293 -0.00930441
 -0.00936634 -0.00933482 -0.00938336 -0.00923568 -0.00917311 -0.00908716
 -0.00913339 -0.00918876 -0.00916971 -0.00914128 -0.00935448 -0.00912543
 -0.0095116  -0.00928956 -0.00928215 -0.009111   -0.0091555  -0.00926711
 -0.00929426 -0.00924481 -0.00925492 -0.0092569  -0.00928457 -0.00920158
 -0.00938157 -0.00913751 -0.00926463 -0.00898674 -0.00932937 -0.00918931
 -0.00917933 -0.00941796 -0.00930075 -0.00915622 -0.00924258 -0.00926775
 -0.00906276 -0.00921897 -0.00913203 -0.00919607 -0.00936466 -0.00918373
 -0.00922901 -0.00914776 -0.00919086 -0.00928402 -0.00921593 -0.0091911
 -0.0090846  -0.0092895  -0.00911028 -0.0092307  -0.00932865 -0.00934593
 -0.00921257 -0.00929723 -0.00929601 -0.00922435 -0.00921578 -0.00930482
 -0.00910195 -0.0092029  -0.00922438 -0.00914661 -0.00931499 -0.00932542
 -0.00928863 -0.00940231 -0.00907415 -0.00923778 -0.00918119 -0.00914685
 -0.00916332 -0.00927034 -0.00923778 -0.00920374 -0.00929343 -0.00914417
 -0.00922471 -0.00920065 -0.00935716 -0.00922382 -0.00926724 -0.00924111
 -0.00916627 -0.00934076 -0.00927412 -0.00906451 -0.00921958 -0.00911661
 -0.0094736  -0.00907896 -0.0093487  -0.00923065 -0.00935766 -0.00919585
 -0.00936689 -0.00921187 -0.00901742 -0.00930158 -0.00920569 -0.00924676
 -0.00929777 -0.00926982 -0.00912992 -0.00921239 -0.00930689 -0.00922772
 -0.00911006 -0.00925802 -0.00932218 -0.00934294 -0.00917575 -0.00914259
 -0.00898635 -0.00927887 -0.0092007  -0.0092515  -0.0093559  -0.00922571
 -0.0091477  -0.00910668 -0.00936995 -0.0093416  -0.00917275 -0.00911401
 -0.00939089 -0.00914021 -0.00936323 -0.00937517 -0.00915773 -0.00932189
 -0.00915428 -0.009458   -0.0093216  -0.00926917 -0.00915471 -0.00915352
 -0.00937036 -0.00931253 -0.00939943 -0.00921932 -0.00919782 -0.00920882
 -0.00931881 -0.00919019 -0.00922706 -0.00924171 -0.00926909 -0.00927333
 -0.00920922 -0.00924615 -0.00914767 -0.00935124 -0.00917834 -0.0092489
 -0.00923169 -0.00930067 -0.00947068 -0.00935295 -0.00923476 -0.00916038
 -0.00920996 -0.00940323 -0.00901497 -0.00923361 -0.00913665 -0.00919803
 -0.00921718 -0.00929303 -0.00916916 -0.00919003 -0.00928669 -0.00917421]"
Pumpkin Pie,"[""2 1/2 c. pumpkin"", ""2 to 3 eggs"", ""2 c. brown sugar"", ""1 can evaporated milk"", ""2 tsp. pumpkin spice"", ""touch of vanilla"", ""2 c. sugar""]","[""Combine all ingredients, except milk."", ""Pour slightly less than 1 can of milk to make mixture soupy."", ""Pour into crust."", ""Cook until knife in center comes out clean.""]","[""sugar"", ""vanilla"", ""pumpkin spice"", ""eggs"", ""brown sugar"", ""pumpkin"", ""milk""]","[-0.00919674 -0.00918125 -0.00916029 -0.00903859 -0.00912616 -0.00899685
 -0.00907437 -0.00896525 -0.00922153 -0.00921068 -0.00918773 -0.00914296
 -0.00904579 -0.00904563 -0.00924887 -0.00922128 -0.00911048 -0.00898434
 -0.00903191 -0.00904429 -0.00906682 -0.00933389 -0.00929989 -0.00919106
 -0.00900224 -0.00902739 -0.00918179 -0.00909353 -0.00904393 -0.00915142
 -0.00931262 -0.00919056 -0.00883679 -0.00910843 -0.00912887 -0.00913578
 -0.0090885  -0.0091379  -0.00936966 -0.00895262 -0.00916817 -0.00916575
 -0.00899694 -0.00924015 -0.00911436 -0.0091515  -0.00920531 -0.00908443
 -0.00921525 -0.00924497 -0.00915013 -0.00908432 -0.00925335 -0.00909727
 -0.00910427 -0.00917694 -0.00902855 -0.00914768 -0.00908552 -0.0091279
 -0.00916873 -0.00904949 -0.00910615 -0.00928505 -0.00926815 -0.00906719
 -0.00899241 -0.00896934 -0.00935419 -0.00923328 -0.00913608 -0.00924696
 -0.00913244 -0.00912777 -0.00905483 -0.0091447  -0.00909376 -0.00911523
 -0.00920877 -0.00902294 -0.00914299 -0.00921085 -0.00891494 -0.00900168
 -0.00923434 -0.00902875 -0.00909528 -0.00918604 -0.00925752 -0.00891865
 -0.00924708 -0.0091578  -0.00916553 -0.00905603 -0.00924734 -0.00921009
 -0.00925321 -0.00911578 -0.00907352 -0.00909798 -0.0092698  -0.00914004
 -0.00915777 -0.00898944 -0.0093398  -0.00913393 -0.00923216 -0.00923154
 -0.00904781 -0.00929484 -0.00914498 -0.00919012 -0.00898143 -0.00907749
 -0.00926994 -0.00898943 -0.00913915 -0.00916633 -0.00927115 -0.00915419
 -0.00913415 -0.0091265  -0.00905256 -0.00901658 -0.00908053 -0.00916738
 -0.00930537 -0.00918312 -0.00904691 -0.00933009 -0.00910011 -0.00917566
 -0.00905945 -0.00923966 -0.00917229 -0.00908575 -0.00912271 -0.00903797
 -0.00907158 -0.00927308 -0.00926771 -0.0089144  -0.00918415 -0.00937849
 -0.00900346 -0.00920265 -0.00911777 -0.00906952 -0.00908149 -0.0090268
 -0.00912853 -0.00894101 -0.00937138 -0.00931465 -0.0091264  -0.00912444
 -0.00930016 -0.00909149 -0.00917524 -0.00904996 -0.00905773 -0.00918026
 -0.00919446 -0.00906716 -0.00910633 -0.00904522 -0.0090607  -0.00912812
 -0.00922986 -0.00915049 -0.00918622 -0.00904558 -0.00878851 -0.00911268
 -0.00905576 -0.00905595 -0.00902057 -0.00911389 -0.00913839 -0.00902338
 -0.00944099 -0.00915844 -0.00905687 -0.00919047 -0.00918746 -0.00915935
 -0.00904588 -0.00932666 -0.0089417  -0.009021   -0.00933064 -0.00924039
 -0.00913792 -0.00915408 -0.00905939 -0.00911206 -0.00917464 -0.00922605
 -0.00895059 -0.00919568 -0.00904352 -0.00920174 -0.00899243 -0.00902952
 -0.00922409 -0.00905831 -0.00903169 -0.00917079 -0.009132   -0.00911851
 -0.00918351 -0.00899318 -0.00890913 -0.00926652 -0.00914048 -0.00916397
 -0.00908441 -0.00921058 -0.00928364 -0.00922586 -0.00908897 -0.00907757
 -0.00926157 -0.00919107 -0.00917787 -0.00899097 -0.00909955 -0.00912244
 -0.00904725 -0.00906405 -0.00922213 -0.00917893 -0.00921304 -0.00899802
 -0.00913013 -0.00904986 -0.00914778 -0.00915095 -0.00914886 -0.00926111
 -0.00921054 -0.00905049 -0.00918251 -0.0091674  -0.00918197 -0.00907718
 -0.00911529 -0.00919202 -0.0090521  -0.00920573 -0.00910258 -0.00914666
 -0.00904473 -0.00918917 -0.00911738 -0.00913141 -0.00914447 -0.0091146
 -0.00907811 -0.00898234 -0.00906999 -0.00904741 -0.00897924 -0.00922369
 -0.00914485 -0.00905139 -0.00939564 -0.00921674 -0.00908905 -0.00904261
 -0.00930816 -0.00915703 -0.00911372 -0.0091295  -0.00913498 -0.00939056
 -0.00915596 -0.0090879  -0.00915151 -0.0092677  -0.0091948  -0.00908529
 -0.0093127  -0.00921326 -0.00908209 -0.00926556 -0.00914709 -0.00931089
 -0.00936214 -0.00914093 -0.00905282 -0.00888656 -0.00921523 -0.00921512
 -0.00903048 -0.00914668 -0.00909264 -0.00904407 -0.00915383 -0.00913247
 -0.00906043 -0.00900613 -0.00925011 -0.00912126 -0.00903044 -0.00898292
 -0.00913371 -0.00919566 -0.01142728 -0.0091724  -0.0091654  -0.00918621
 -0.00905745 -0.0091903  -0.00934555 -0.00924821 -0.00919797 -0.009095
 -0.00918625 -0.00920084 -0.0090771  -0.00918749 -0.00919442 -0.00932588
 -0.00917609 -0.00925124 -0.0091887  -0.00904995 -0.00912249 -0.00918854
 -0.00916575 -0.00921558 -0.00920861 -0.00911865 -0.00917185 -0.00913324
 -0.0093013  -0.00915484 -0.00919325 -0.00911455 -0.00909989 -0.00910062
 -0.00917613 -0.00919713 -0.00923735 -0.00925393 -0.00893307 -0.00901557
 -0.0089734  -0.00918572 -0.00918546 -0.00914304 -0.00904745 -0.00921703
 -0.00914108 -0.0092778  -0.00910221 -0.00893295 -0.0088859  -0.00908615
 -0.00911383 -0.00923574 -0.00910413 -0.0089225  -0.00899583 -0.00901741
 -0.00921978 -0.00932694 -0.00910988 -0.00921404 -0.00909446 -0.00903617
 -0.00919367 -0.00921709 -0.00919437 -0.009238   -0.00920092 -0.00910461
 -0.00921131 -0.00936346 -0.00920242 -0.00947028 -0.00925931 -0.00910626
 -0.00921318 -0.00929757 -0.00913104 -0.00919326 -0.00907279 -0.00923781
 -0.00904303 -0.00906524 -0.00924519 -0.00911643 -0.00928788 -0.00940742
 -0.00935629 -0.0090741  -0.00902884 -0.00918586 -0.00909733 -0.00913368
 -0.0090216  -0.00888595 -0.00908936 -0.00911573 -0.00930714 -0.00913033
 -0.00926891 -0.00913611 -0.00908328 -0.0091897  -0.00911428 -0.00915525
 -0.00936952 -0.00913456 -0.00908843 -0.00925152 -0.00910748 -0.0092535
 -0.00902095 -0.00919114 -0.0092874  -0.00924187 -0.00910051 -0.00910238
 -0.00910933 -0.00908818 -0.00926035 -0.00904572 -0.00921225 -0.00917374
 -0.00925339 -0.00919712 -0.00912353 -0.00934252 -0.00897837 -0.00905149
 -0.00920399 -0.00917078 -0.00928535 -0.0091361  -0.00910768 -0.00914678
 -0.00941065 -0.00926002 -0.00928158 -0.00904283 -0.00917419 -0.00911008
 -0.00918286 -0.00914577 -0.00908145 -0.0089753  -0.00918882 -0.0092768
 -0.00910599 -0.00905494 -0.00911958 -0.00908868 -0.00893644 -0.00915946
 -0.00915039 -0.0093249  -0.00911338 -0.00923278 -0.00918128 -0.00917385
 -0.00913898 -0.00935074 -0.00905814 -0.0090355  -0.00919752 -0.00894538
 -0.009119   -0.00916778 -0.00931965 -0.0091809  -0.00908847 -0.00915958
 -0.00915046 -0.00898618 -0.00920717 -0.00907746 -0.00904901 -0.00931884
 -0.00922624 -0.00913933 -0.00915177 -0.00922143 -0.00906926 -0.00906
 -0.00899891 -0.00924733 -0.00921034 -0.00915572 -0.00897744 -0.00900662
 -0.00921507 -0.00904851 -0.00920412 -0.00916334 -0.00931838 -0.00935164
 -0.00907076 -0.00904418 -0.00896766 -0.00915214 -0.00923898 -0.00931468
 -0.00925425 -0.00909728 -0.00902921 -0.00918689 -0.00897284 -0.00912551
 -0.00923673 -0.00918292 -0.0091358  -0.00929547 -0.00901046 -0.00918929
 -0.00903536 -0.00909656 -0.00907849 -0.00900344 -0.00918905 -0.0091248
 -0.00927648 -0.00924663 -0.00909895 -0.00923338 -0.0090848  -0.00909052
 -0.00923453 -0.00925218 -0.00910387 -0.00908743 -0.00904755 -0.00912941
 -0.00922473 -0.00898871 -0.00898688 -0.00900615 -0.00941338 -0.00912735
 -0.00914124 -0.00914187 -0.00910527 -0.00928585 -0.00919637 -0.00916487
 -0.00930115 -0.00923383 -0.00918267 -0.00893932 -0.00910196 -0.00907127
 -0.00917648 -0.00899072 -0.00902035 -0.00929475 -0.00911332 -0.00945151
 -0.00924965 -0.00920845 -0.00926167 -0.00907903 -0.00924428 -0.00906547
 -0.00903933 -0.00899766 -0.00916505 -0.00924239 -0.00912474 -0.00918717
 -0.00909791 -0.00906363 -0.00911275 -0.00907709 -0.00896443 -0.00922188
 -0.00926833 -0.00920864 -0.00915065 -0.00933498 -0.00920315 -0.00913365
 -0.0091053  -0.00900561 -0.00943106 -0.0091359  -0.00915105 -0.00922379
 -0.00927855 -0.00916959 -0.00931584 -0.00900321 -0.0089989  -0.00906217
 -0.00913706 -0.0091382  -0.00913485 -0.00902394 -0.00909298 -0.00908427
 -0.00937425 -0.00904871 -0.00923589 -0.00909564 -0.00906673 -0.00917626
 -0.00925884 -0.00916342 -0.0092132  -0.00925693 -0.00931872 -0.00912415
 -0.00925117 -0.00918951 -0.00905686 -0.00899145 -0.00916586 -0.00912216
 -0.0091436  -0.00928978 -0.00923512 -0.00889385 -0.0091871  -0.00914999
 -0.00907706 -0.00906433 -0.00915237 -0.00901084 -0.00937468 -0.00909043
 -0.00915209 -0.00907673 -0.00928875 -0.00919265 -0.00902262 -0.0091414
 -0.00895905 -0.00922285 -0.00918543 -0.0093212  -0.00916927 -0.0091646
 -0.00918715 -0.00906453 -0.00930992 -0.00907235 -0.00899495 -0.00917267
 -0.00910012 -0.00928628 -0.00907652 -0.00913747 -0.00924316 -0.00914699
 -0.00920389 -0.00935364 -0.00894298 -0.00905883 -0.00909566 -0.00916685
 -0.00913887 -0.00920506 -0.00923863 -0.00924534 -0.00917289 -0.00922115
 -0.00911416 -0.00904211 -0.00936346 -0.00908006 -0.00919587 -0.00910067
 -0.00919418 -0.00930387 -0.00912723 -0.00891671 -0.00921635 -0.0089944
 -0.0092756  -0.00894873 -0.00925736 -0.00902588 -0.00924668 -0.00908392
 -0.0093214  -0.00912805 -0.0091333  -0.00911203 -0.00915818 -0.00929728
 -0.00920045 -0.00926894 -0.00909146 -0.00928122 -0.00920927 -0.00919861
 -0.00894785 -0.00922889 -0.00925757 -0.00910752 -0.00908118 -0.00907814
 -0.0089476  -0.00925423 -0.00912926 -0.00905772 -0.00924088 -0.00918783
 -0.00913831 -0.00927183 -0.00919384 -0.00915943 -0.00910206 -0.0089787
 -0.00932376 -0.00914875 -0.00920347 -0.00923349 -0.00900169 -0.00900151
 -0.00917472 -0.00936094 -0.00912503 -0.0092035  -0.00905931 -0.00904382
 -0.00917605 -0.00927146 -0.00926647 -0.00907074 -0.00921925 -0.00909833
 -0.0093381  -0.00904957 -0.00921796 -0.00927123 -0.00911698 -0.00912071
 -0.00911802 -0.00913815 -0.00922089 -0.00929826 -0.00910094 -0.00914722
 -0.00918746 -0.00902745 -0.00949874 -0.009097   -0.00907515 -0.00902775
 -0.00925399 -0.00917099 -0.00910814 -0.00918162 -0.00904262 -0.00918476
 -0.0090681  -0.00918611 -0.00907317 -0.00900273 -0.00913049 -0.00922164]"
Chicken Salad,"[""3 c. cubed, cooked chicken"", ""1 1/2 c. diced celery"", ""1 tsp. salt"", ""3 hard-cooked eggs, quartered"", ""3 sweet pickles, chopped"", ""mayonnaise""]","[""Combine all ingredients."", ""Moisten with mayonnaise."", ""Serve on lettuce and garnish with additional egg slices and olives.""]","[""eggs"", ""celery"", ""mayonnaise"", ""sweet pickles"", ""chicken"", ""salt""]","[-0.00948273 -0.00962827 -0.00960938 -0.00947175 -0.00940157 -0.00952055
 -0.00950936 -0.009293   -0.00964152 -0.00962378 -0.00947163 -0.00942995
 -0.00947616 -0.00946149 -0.00960697 -0.00961971 -0.00942681 -0.00940258
 -0.00939323 -0.0094051  -0.00951219 -0.0097736  -0.00962411 -0.00959612
 -0.00944186 -0.00952206 -0.00961867 -0.00946744 -0.00955796 -0.00951799
 -0.00959274 -0.00953435 -0.00921979 -0.00954127 -0.00941774 -0.00966071
 -0.00930059 -0.0094975  -0.00966287 -0.00935306 -0.00966794 -0.00957463
 -0.00932926 -0.00963303 -0.0093695  -0.00958807 -0.00955912 -0.00949802
 -0.00966519 -0.00952459 -0.00951712 -0.00950566 -0.009548   -0.00958309
 -0.00944032 -0.00939358 -0.00957432 -0.00952228 -0.0096449  -0.00946557
 -0.00950715 -0.0094047  -0.00956142 -0.00952987 -0.0094874  -0.00949522
 -0.00948275 -0.00944242 -0.00966975 -0.00947362 -0.00961841 -0.00939463
 -0.00960993 -0.00946563 -0.00938252 -0.00956382 -0.00955687 -0.00948153
 -0.00953384 -0.0095496  -0.0094897  -0.00961946 -0.00945091 -0.00952781
 -0.00958757 -0.00933394 -0.00966054 -0.00959503 -0.00970103 -0.00938188
 -0.00965058 -0.00941328 -0.0094475  -0.00947558 -0.00953563 -0.00956025
 -0.00965269 -0.00944567 -0.00942105 -0.00953055 -0.00960266 -0.00950771
 -0.00960005 -0.00937687 -0.00962268 -0.00957871 -0.00966554 -0.00951806
 -0.00940317 -0.00952812 -0.00951268 -0.00956096 -0.00933615 -0.00953215
 -0.00972466 -0.00936602 -0.0095904  -0.00942625 -0.00954968 -0.00954634
 -0.00970223 -0.00945399 -0.00950087 -0.00933553 -0.0095268  -0.00960778
 -0.00952821 -0.00952701 -0.00953267 -0.00962502 -0.00943087 -0.0095318
 -0.009483   -0.00950507 -0.0096088  -0.00943344 -0.00953621 -0.00958383
 -0.00941812 -0.00967926 -0.00968736 -0.00931329 -0.00946867 -0.00968324
 -0.00948252 -0.00957345 -0.00949388 -0.00938341 -0.00949347 -0.00954669
 -0.00938937 -0.00936473 -0.0097111  -0.00958479 -0.00952896 -0.00946581
 -0.00960184 -0.00950399 -0.00964885 -0.00953786 -0.00936499 -0.00949286
 -0.00948894 -0.00945395 -0.00956225 -0.00948127 -0.00953941 -0.00927098
 -0.00948523 -0.00935    -0.00961756 -0.0094064  -0.00921401 -0.00959314
 -0.00948199 -0.0095098  -0.00960915 -0.00951753 -0.00944712 -0.00940253
 -0.0098473  -0.00956303 -0.00944315 -0.00967284 -0.0094349  -0.00962626
 -0.00939565 -0.00957834 -0.00935306 -0.00935478 -0.00969076 -0.00950649
 -0.00962062 -0.00952647 -0.00945789 -0.00952395 -0.0096146  -0.0094436
 -0.00938644 -0.00966771 -0.00939678 -0.00947104 -0.00944763 -0.0093409
 -0.00972993 -0.00956612 -0.00938025 -0.00968157 -0.00957668 -0.00947692
 -0.00969961 -0.00946936 -0.009292   -0.00961625 -0.00950352 -0.0095185
 -0.00945381 -0.00959339 -0.00972115 -0.00953226 -0.00944886 -0.0095236
 -0.00987282 -0.00937998 -0.009655   -0.0095388  -0.00962766 -0.00940702
 -0.00951537 -0.00945798 -0.00958471 -0.00963482 -0.00953086 -0.00944552
 -0.00967791 -0.00937921 -0.00955737 -0.00950475 -0.00950643 -0.00966052
 -0.00957236 -0.00960777 -0.00954488 -0.00958302 -0.00956012 -0.00945996
 -0.00947703 -0.00953361 -0.00947429 -0.00959335 -0.00937604 -0.0095563
 -0.0094166  -0.00972774 -0.00953367 -0.00956762 -0.00947133 -0.00967564
 -0.00938177 -0.00935794 -0.00948765 -0.00943667 -0.00923417 -0.00963731
 -0.00951238 -0.00936604 -0.00961877 -0.00961953 -0.00959324 -0.00953541
 -0.00958556 -0.0095688  -0.0097424  -0.00949911 -0.00960774 -0.00978155
 -0.00953989 -0.00951024 -0.00955404 -0.00957832 -0.00949434 -0.00954345
 -0.00968017 -0.00945463 -0.00961107 -0.00980693 -0.00975547 -0.00957714
 -0.00967212 -0.0095267  -0.00947094 -0.00931278 -0.00969254 -0.00965941
 -0.00940691 -0.00959121 -0.00941177 -0.00947174 -0.00946309 -0.00967139
 -0.00936895 -0.00953172 -0.00954219 -0.00944867 -0.00960218 -0.00951887
 -0.00955496 -0.00962246 -0.011743   -0.0096063  -0.00964515 -0.00945482
 -0.00948655 -0.00955353 -0.00975689 -0.00976179 -0.00956518 -0.00956606
 -0.00956647 -0.00957369 -0.00939894 -0.00942188 -0.00948404 -0.00957347
 -0.0095725  -0.00957817 -0.00960656 -0.00937803 -0.00947693 -0.00963421
 -0.00944127 -0.00943843 -0.00959862 -0.00951238 -0.0096148  -0.00948698
 -0.00982038 -0.00950759 -0.00954676 -0.00950536 -0.00955545 -0.00946183
 -0.00954874 -0.00961171 -0.00972648 -0.00966999 -0.00929403 -0.00936551
 -0.00939442 -0.00949698 -0.00952471 -0.0095631  -0.00934959 -0.00957124
 -0.00946026 -0.00970907 -0.00960966 -0.00932857 -0.00936667 -0.00949777
 -0.00950528 -0.00958419 -0.00959952 -0.00935587 -0.00935507 -0.00943566
 -0.00956562 -0.00962923 -0.00942598 -0.00969177 -0.00962468 -0.0095155
 -0.00974104 -0.00952685 -0.00969616 -0.00960514 -0.00953929 -0.00948467
 -0.00959368 -0.00975392 -0.00947907 -0.00978389 -0.00952172 -0.00959818
 -0.00978226 -0.00972629 -0.00954698 -0.00952113 -0.00942247 -0.00963914
 -0.00941925 -0.00952472 -0.00958413 -0.0095485  -0.00958887 -0.00974105
 -0.00980137 -0.00963199 -0.00934371 -0.0095612  -0.00941241 -0.00952361
 -0.00948035 -0.00928193 -0.00955794 -0.00954881 -0.00960106 -0.00959393
 -0.00966673 -0.00963633 -0.00937487 -0.00954696 -0.00951889 -0.00960945
 -0.00968317 -0.00951535 -0.00946572 -0.00954947 -0.00947872 -0.00964188
 -0.00937235 -0.00971149 -0.00969638 -0.00952212 -0.00934982 -0.00939809
 -0.00951329 -0.00949342 -0.00946603 -0.00949839 -0.0095403  -0.00957636
 -0.00949483 -0.00964066 -0.00944358 -0.00959091 -0.00955006 -0.00938811
 -0.00957397 -0.00960106 -0.00957631 -0.00943907 -0.00961811 -0.00959107
 -0.00977152 -0.00965509 -0.00962602 -0.00945796 -0.00943918 -0.00951395
 -0.00964698 -0.00948285 -0.0096987  -0.00934566 -0.00948783 -0.0095314
 -0.00943802 -0.00941365 -0.00958501 -0.00952686 -0.00952178 -0.00954248
 -0.00969586 -0.00984732 -0.00939376 -0.00953126 -0.0094767  -0.00969446
 -0.00951275 -0.0096766  -0.00934951 -0.00935891 -0.00964775 -0.00930577
 -0.00954346 -0.00951949 -0.00965609 -0.00933982 -0.00951443 -0.00956419
 -0.00952733 -0.00947198 -0.00963965 -0.00954236 -0.00957735 -0.00959455
 -0.00985583 -0.00947838 -0.00944012 -0.00975123 -0.00946477 -0.00934587
 -0.00956814 -0.00954293 -0.00954139 -0.00967897 -0.00943159 -0.00956492
 -0.00955857 -0.00952137 -0.00950514 -0.00967671 -0.00948002 -0.0096345
 -0.00956534 -0.00939838 -0.00941159 -0.00950677 -0.00957799 -0.00957119
 -0.00966412 -0.00937929 -0.00940228 -0.00941954 -0.00937066 -0.00963713
 -0.00965563 -0.00963831 -0.00956784 -0.00977537 -0.00935686 -0.00973169
 -0.00953801 -0.00926868 -0.00957968 -0.00950342 -0.00952964 -0.00942938
 -0.0097591  -0.00958747 -0.00947694 -0.00965694 -0.00962252 -0.00951953
 -0.0094279  -0.00963238 -0.00948685 -0.00947657 -0.00952566 -0.00949692
 -0.00956224 -0.00943239 -0.00933339 -0.00924344 -0.00975661 -0.00964309
 -0.00940941 -0.00948644 -0.00953944 -0.00959632 -0.0096202  -0.00950533
 -0.00970585 -0.00970033 -0.00957426 -0.009393   -0.00939693 -0.00944414
 -0.00959959 -0.00947052 -0.00947865 -0.00978412 -0.00956862 -0.00986413
 -0.00957347 -0.00956156 -0.00971641 -0.00947353 -0.00963144 -0.00940182
 -0.00942564 -0.00931352 -0.00962475 -0.00971255 -0.00943717 -0.00967137
 -0.00938166 -0.00941857 -0.00953484 -0.0095719  -0.00941385 -0.0095684
 -0.00948986 -0.00957287 -0.00956716 -0.00986253 -0.00950728 -0.0095506
 -0.00956201 -0.00939661 -0.009677   -0.00948139 -0.00955909 -0.00968507
 -0.00967599 -0.00947578 -0.00969097 -0.00945355 -0.0093046  -0.0095763
 -0.00940067 -0.00936722 -0.00955206 -0.0093758  -0.00951839 -0.00938877
 -0.0098212  -0.00953217 -0.00962527 -0.00940095 -0.00954167 -0.00957651
 -0.00963935 -0.00943121 -0.00958866 -0.00967905 -0.00970678 -0.00952008
 -0.0096175  -0.00971742 -0.00939254 -0.00940385 -0.00956389 -0.00945166
 -0.00965275 -0.00960121 -0.00951401 -0.0092586  -0.00942541 -0.00971343
 -0.00943313 -0.00943461 -0.00941394 -0.00943619 -0.00986279 -0.00956948
 -0.00956043 -0.00954472 -0.00984136 -0.00944723 -0.00960482 -0.00963406
 -0.00945129 -0.00955596 -0.00951466 -0.00958423 -0.00957887 -0.00956275
 -0.00947908 -0.00942428 -0.00968045 -0.0094664  -0.00936825 -0.00946772
 -0.00963781 -0.00969788 -0.00956844 -0.00964498 -0.00953521 -0.00957566
 -0.00953716 -0.00966752 -0.00932527 -0.00940991 -0.00957699 -0.0095198
 -0.00949158 -0.0094697  -0.00958168 -0.0094793  -0.00964074 -0.00971898
 -0.00946945 -0.00929977 -0.00983221 -0.00958414 -0.00957183 -0.00930513
 -0.00954315 -0.00981263 -0.00953012 -0.0093267  -0.00951877 -0.00940608
 -0.00984733 -0.0093557  -0.00961394 -0.00941268 -0.009695   -0.0095776
 -0.00968292 -0.00960793 -0.00945934 -0.00947516 -0.00961438 -0.00955351
 -0.00960598 -0.00958396 -0.00967158 -0.00967906 -0.0095581  -0.00963813
 -0.00933324 -0.00953767 -0.00953275 -0.00949634 -0.00947151 -0.0097073
 -0.0094943  -0.00957327 -0.00956236 -0.00940039 -0.00962515 -0.00958921
 -0.00951713 -0.00948196 -0.00982039 -0.00954027 -0.00967391 -0.00936949
 -0.00968957 -0.00945869 -0.0097505  -0.00959549 -0.00947584 -0.00957662
 -0.00954718 -0.0096584  -0.00945435 -0.00959676 -0.00946796 -0.00941121
 -0.00954729 -0.00961871 -0.00969783 -0.00938686 -0.00951967 -0.00943972
 -0.00969493 -0.00932696 -0.00966272 -0.00961178 -0.0096067  -0.00939661
 -0.00942792 -0.00950748 -0.00961246 -0.00965831 -0.00940551 -0.00953677
 -0.00952833 -0.00941395 -0.00977907 -0.00962713 -0.00948569 -0.00941174
 -0.00955732 -0.00953828 -0.00950033 -0.00960282 -0.00952434 -0.00945326
 -0.00954016 -0.00942979 -0.00948555 -0.00954209 -0.00959451 -0.00954507]"
Lasagna,"[""1 lb. hamburger"", ""32 oz. spaghetti sauce"", ""9 strips lasagna noodles (uncooked)"", ""15 oz. drained cottage cheese"", ""12 oz. grated Mozzarella cheese""]","[""Brown hamburger and drain."", ""Add spaghetti sauce."", ""In greased 9 x 13-inch pan, place a small amount of meat sauce."", ""Layer uncooked noodles, meat sauce, cottage cheese and Mozzarella cheese in 3 layers."", ""Bake covered in a 375\u00b0 oven for 30 minutes."", ""Remove cover and bake an additional 30 minutes. Let stand 10 minutes before cutting.""]","[""mozzarella cheese"", ""lasagna noodles"", ""cottage cheese"", ""spaghetti sauce"", ""hamburger""]","[-0.0097898  -0.00982074 -0.00967327 -0.00974976 -0.00959069 -0.00950164
 -0.00963573 -0.00943492 -0.00975763 -0.00982298 -0.00947066 -0.00972284
 -0.00953065 -0.00960825 -0.00966899 -0.0097096  -0.00944381 -0.00950826
 -0.00953245 -0.00971496 -0.00943048 -0.00974581 -0.00993948 -0.0096535
 -0.00966017 -0.00975666 -0.00977913 -0.00962173 -0.00960642 -0.00961773
 -0.00970745 -0.00960591 -0.00941765 -0.00966025 -0.00956116 -0.00973868
 -0.00945429 -0.00977764 -0.00989712 -0.00959896 -0.00986278 -0.00984094
 -0.00964173 -0.009711   -0.00949991 -0.00970924 -0.00967813 -0.00963208
 -0.00973939 -0.00960173 -0.00965773 -0.00963405 -0.00975219 -0.00960751
 -0.00975228 -0.00961096 -0.00961028 -0.00969356 -0.00963589 -0.00976396
 -0.00969308 -0.00963914 -0.00967631 -0.00985753 -0.00967776 -0.00967715
 -0.00948452 -0.00959244 -0.00980688 -0.00964436 -0.00966762 -0.00965984
 -0.00977906 -0.0097173  -0.00961039 -0.00971011 -0.00970521 -0.00980939
 -0.00965981 -0.0094571  -0.00968291 -0.00973311 -0.00952928 -0.00937472
 -0.00980167 -0.00946905 -0.00970664 -0.00979879 -0.00964949 -0.00953991
 -0.00973971 -0.00966929 -0.00948438 -0.00972751 -0.00963624 -0.00955193
 -0.00983773 -0.00952969 -0.00965107 -0.00957692 -0.00996305 -0.00959975
 -0.00978404 -0.00961627 -0.009887   -0.00962891 -0.00983296 -0.00976039
 -0.00956764 -0.00967768 -0.00969655 -0.00963087 -0.00960903 -0.0097035
 -0.00995221 -0.00961688 -0.00962266 -0.00965357 -0.00999199 -0.00977993
 -0.00952626 -0.00982127 -0.00968236 -0.00951016 -0.00967722 -0.00976444
 -0.00956258 -0.00970422 -0.00954914 -0.00981406 -0.00975471 -0.00963132
 -0.00979915 -0.00985091 -0.00983554 -0.00968745 -0.00970726 -0.00955531
 -0.00966608 -0.00983887 -0.00993677 -0.00954315 -0.00967823 -0.00971432
 -0.00955352 -0.00978417 -0.00964108 -0.00964064 -0.00953899 -0.00976971
 -0.00951766 -0.00953211 -0.0099367  -0.00981364 -0.00971231 -0.00958714
 -0.00970115 -0.00959836 -0.00969302 -0.0097682  -0.00949114 -0.00967806
 -0.00960008 -0.00963413 -0.00975498 -0.00960774 -0.00980242 -0.00937226
 -0.00968525 -0.0095427  -0.00972945 -0.00964256 -0.00930912 -0.00971482
 -0.00971022 -0.00959503 -0.00966183 -0.00960031 -0.00972586 -0.00961391
 -0.00995142 -0.00968214 -0.00944313 -0.00991671 -0.00968488 -0.00968739
 -0.00953238 -0.0097272  -0.00950375 -0.00954928 -0.00972609 -0.00967124
 -0.00970328 -0.00964244 -0.00971379 -0.00967758 -0.00974269 -0.0095561
 -0.00953846 -0.00990298 -0.00969164 -0.00961779 -0.00958752 -0.00952489
 -0.00981806 -0.00968726 -0.00953857 -0.00982599 -0.00969136 -0.00957534
 -0.00975438 -0.00970813 -0.00954922 -0.00985299 -0.00963386 -0.00967137
 -0.00973068 -0.00956771 -0.00965677 -0.00969402 -0.00971555 -0.00961482
 -0.00981327 -0.00963579 -0.00971075 -0.00945511 -0.00966883 -0.00957321
 -0.00966833 -0.0095461  -0.00981239 -0.00979691 -0.00978737 -0.00963313
 -0.00979208 -0.00955372 -0.00945486 -0.00974846 -0.0096497  -0.01000415
 -0.00960807 -0.00966903 -0.00960458 -0.00961514 -0.00965558 -0.00972546
 -0.00965123 -0.0096868  -0.00965292 -0.00980284 -0.00962677 -0.00970231
 -0.00955466 -0.00968908 -0.00956621 -0.00981216 -0.00963104 -0.00966447
 -0.00961177 -0.00945229 -0.00956027 -0.00964387 -0.0092897  -0.00976833
 -0.00979277 -0.009611   -0.00989032 -0.00972409 -0.00968717 -0.00978446
 -0.00979851 -0.0096435  -0.00980746 -0.00942321 -0.00978538 -0.009896
 -0.0096973  -0.00951817 -0.00952712 -0.00979568 -0.00969735 -0.00961061
 -0.00974824 -0.00956841 -0.00999617 -0.00986173 -0.00966839 -0.00982699
 -0.00971762 -0.00965587 -0.0094839  -0.00953539 -0.00978718 -0.00988116
 -0.00963709 -0.00969844 -0.00956815 -0.00949746 -0.00975086 -0.00986013
 -0.00952974 -0.00959127 -0.00967667 -0.00946616 -0.0096157  -0.00955188
 -0.0096908  -0.00970197 -0.01143769 -0.00977125 -0.00984477 -0.00962334
 -0.00976591 -0.00990119 -0.00970014 -0.0098201  -0.0097308  -0.0097273
 -0.00964478 -0.00972483 -0.00955994 -0.00956965 -0.00988558 -0.00965376
 -0.00975296 -0.00974322 -0.00964744 -0.00944401 -0.00972014 -0.00983129
 -0.00947245 -0.00961625 -0.00978621 -0.00949295 -0.0098324  -0.00965524
 -0.00998992 -0.0096575  -0.00985641 -0.00985559 -0.00981591 -0.00972685
 -0.00966078 -0.00972762 -0.00988805 -0.00994838 -0.00940609 -0.00959579
 -0.00966111 -0.00962229 -0.00968059 -0.00975951 -0.00957139 -0.00964276
 -0.00964691 -0.00988614 -0.00978631 -0.00951024 -0.00940886 -0.00957639
 -0.00957373 -0.00978231 -0.00953892 -0.00957912 -0.00950825 -0.00971053
 -0.00956516 -0.00988421 -0.00952375 -0.00975651 -0.00974077 -0.0096319
 -0.00989145 -0.0096963  -0.00977966 -0.00975905 -0.00973449 -0.00977516
 -0.00961521 -0.00981302 -0.00966565 -0.00995262 -0.0097924  -0.00983036
 -0.00988732 -0.00972399 -0.00961005 -0.00971306 -0.00977015 -0.00981612
 -0.00948396 -0.00983665 -0.00962685 -0.00955359 -0.00969278 -0.00980609
 -0.00985073 -0.00977478 -0.00956481 -0.00970118 -0.00964139 -0.00971185
 -0.00965432 -0.00949036 -0.00964457 -0.00961552 -0.00973689 -0.00960912
 -0.00972859 -0.00968423 -0.00948811 -0.0097403  -0.00967907 -0.00967738
 -0.00987798 -0.00978237 -0.0096303  -0.0098613  -0.0095647  -0.00993328
 -0.00966642 -0.00986982 -0.00973658 -0.00970089 -0.00955091 -0.00963114
 -0.00960394 -0.00969681 -0.00963054 -0.00975873 -0.00977702 -0.00970996
 -0.00976878 -0.00974274 -0.00986684 -0.00974994 -0.00978825 -0.00945545
 -0.00970819 -0.00958674 -0.00967296 -0.009607   -0.00959252 -0.00978925
 -0.00983543 -0.00976501 -0.00970172 -0.00959117 -0.00965869 -0.00968696
 -0.00992689 -0.00963107 -0.0098384  -0.00952063 -0.00961316 -0.00968921
 -0.00975283 -0.0095966  -0.0096591  -0.00966214 -0.00959601 -0.00964447
 -0.00977199 -0.00995522 -0.00951057 -0.00974633 -0.00967525 -0.00991921
 -0.00960466 -0.00987606 -0.0096537  -0.00964644 -0.00973016 -0.00948236
 -0.00953241 -0.00974527 -0.009798   -0.00959599 -0.00985474 -0.00976205
 -0.00957015 -0.00970121 -0.00990923 -0.00963889 -0.00968666 -0.00982998
 -0.01001672 -0.00951954 -0.00957448 -0.0098803  -0.00962968 -0.00969913
 -0.00965757 -0.00978273 -0.00972335 -0.00970527 -0.00965758 -0.00961725
 -0.0098281  -0.00965797 -0.00957249 -0.00989454 -0.00969923 -0.00969343
 -0.00968057 -0.00951587 -0.00949828 -0.00980772 -0.00966238 -0.00982507
 -0.00975851 -0.00951551 -0.00948397 -0.00960783 -0.00949642 -0.00958091
 -0.00976829 -0.00979257 -0.00960226 -0.0099104  -0.00952991 -0.00985017
 -0.00959311 -0.00956834 -0.009712   -0.0097462  -0.00983001 -0.00956669
 -0.00997926 -0.00980541 -0.00958405 -0.00977221 -0.00970742 -0.00955658
 -0.00984941 -0.00973105 -0.00983271 -0.00973184 -0.00961477 -0.00949893
 -0.00972337 -0.00972461 -0.00945107 -0.00953557 -0.00985999 -0.00979061
 -0.00958124 -0.00951387 -0.00966408 -0.00985757 -0.00979334 -0.00970008
 -0.00970978 -0.00972385 -0.00970493 -0.00952506 -0.00959003 -0.00954557
 -0.00979533 -0.00966871 -0.00961543 -0.01004674 -0.00958437 -0.00990294
 -0.00988448 -0.00973532 -0.00978644 -0.00974012 -0.00985955 -0.00946901
 -0.0096128  -0.00951657 -0.00960364 -0.00991824 -0.00958908 -0.00977883
 -0.00959842 -0.00947026 -0.00967189 -0.00963556 -0.00957921 -0.00963423
 -0.00970146 -0.00956584 -0.00978744 -0.00999551 -0.00960591 -0.00974526
 -0.00970916 -0.00952386 -0.00984018 -0.00965732 -0.00979595 -0.00982958
 -0.00992363 -0.00947564 -0.00970335 -0.00961213 -0.00951062 -0.0096542
 -0.00953229 -0.00966418 -0.00983923 -0.00950547 -0.00968954 -0.00970549
 -0.00991218 -0.00956928 -0.00982163 -0.00960504 -0.00968012 -0.00968476
 -0.00974388 -0.00965114 -0.00979895 -0.00999902 -0.00974638 -0.00964718
 -0.00975774 -0.00989874 -0.00952849 -0.0094374  -0.00964964 -0.00950051
 -0.00964236 -0.00975686 -0.00982351 -0.00965406 -0.0095736  -0.0097054
 -0.009555   -0.0095501  -0.00954092 -0.00948724 -0.00999986 -0.00980394
 -0.00967455 -0.00958945 -0.00964484 -0.00960179 -0.00965912 -0.00970022
 -0.00961801 -0.00961689 -0.00962187 -0.00969617 -0.00989887 -0.00971061
 -0.00949103 -0.00963038 -0.00995009 -0.00962789 -0.00966656 -0.00969034
 -0.0097687  -0.00980674 -0.00967788 -0.00982769 -0.00967267 -0.00957952
 -0.00963569 -0.0096979  -0.00967053 -0.00955761 -0.00955356 -0.00973973
 -0.0097797  -0.00960105 -0.0097026  -0.00969925 -0.00965576 -0.00973756
 -0.00973203 -0.00951471 -0.00984109 -0.00981448 -0.0098378  -0.00961324
 -0.00966455 -0.00977694 -0.00993836 -0.00948821 -0.00949466 -0.00956897
 -0.00984417 -0.00937491 -0.00985946 -0.00956039 -0.00994474 -0.00965838
 -0.00976831 -0.00967694 -0.00973428 -0.00982807 -0.0098081  -0.00982576
 -0.00976571 -0.0097283  -0.00971846 -0.00970569 -0.00963803 -0.00951936
 -0.00960282 -0.0098203  -0.00969128 -0.00973741 -0.00961864 -0.00974761
 -0.00956944 -0.0097546  -0.00981584 -0.00963451 -0.00985144 -0.00967344
 -0.00965721 -0.00953178 -0.00987277 -0.00976797 -0.0098043  -0.00960934
 -0.01001205 -0.00958703 -0.0098194  -0.00973532 -0.00955453 -0.00964908
 -0.00969273 -0.00977296 -0.00960567 -0.00981827 -0.00948527 -0.00964704
 -0.00982062 -0.00946367 -0.00976874 -0.00959809 -0.00969428 -0.00961396
 -0.0096242  -0.00931725 -0.00964052 -0.00975547 -0.00974271 -0.00967605
 -0.00962678 -0.00989277 -0.00983448 -0.0098593  -0.00971606 -0.00976614
 -0.00970989 -0.0096969  -0.00976619 -0.00973278 -0.00970473 -0.00961038
 -0.00975418 -0.00966866 -0.00974145 -0.00969715 -0.00967919 -0.00969455
 -0.00967255 -0.00968768 -0.00952733 -0.00973826 -0.00975768 -0.00971978]"
Grace Haley'S War Cake,"[""2 c. sugar"", ""2 c. water"", ""2 Tbsp. shortening"", ""1 pkg. raisins"", ""1 tsp. cinnamon"", ""1 tsp. nutmeg"", ""1 tsp. cloves"", ""1 tsp. salt"", ""3 1/2 c. flour"", ""1 rounded tsp. baking soda""]","[""Note:"", ""The addition of 1 cup walnuts and a tub of candied fruits makes an excellent fruit cake.""]","[""sugar"", ""shortening"", ""nutmeg"", ""baking soda"", ""cinnamon"", ""cloves"", ""raisins"", ""water"", ""flour"", ""salt""]","[-0.01012673 -0.01012012 -0.01024425 -0.01013334 -0.01022609 -0.0101344
 -0.00999579 -0.00994692 -0.01021137 -0.0102935  -0.01021433 -0.01028959
 -0.01000848 -0.00997399 -0.01022233 -0.01003119 -0.01024113 -0.00996375
 -0.01010765 -0.0101198  -0.01010491 -0.01031328 -0.01028067 -0.01013215
 -0.0100137  -0.00998401 -0.01023779 -0.01013258 -0.01007472 -0.01008791
 -0.01012169 -0.01015464 -0.00988814 -0.01018547 -0.01034301 -0.01027722
 -0.0101876  -0.01025321 -0.01038943 -0.01007925 -0.01027874 -0.01039701
 -0.01006136 -0.01024004 -0.01017337 -0.01018811 -0.01022141 -0.0100887
 -0.0102051  -0.01026326 -0.01014171 -0.01012112 -0.01023997 -0.01016241
 -0.01018477 -0.01012318 -0.01014992 -0.01022496 -0.01010796 -0.01027993
 -0.01016805 -0.01021772 -0.01015799 -0.01036697 -0.01014025 -0.01012913
 -0.01003156 -0.01004561 -0.01034461 -0.01026499 -0.01019048 -0.01030197
 -0.01006256 -0.01025574 -0.01011622 -0.01021894 -0.01019763 -0.01011639
 -0.01018579 -0.01020472 -0.01018713 -0.01012528 -0.0101505  -0.01001165
 -0.01017769 -0.01005915 -0.01030062 -0.01027968 -0.01032614 -0.00983404
 -0.01038895 -0.01030708 -0.01013904 -0.01010688 -0.01015197 -0.01029362
 -0.01031191 -0.01011408 -0.01013463 -0.01007654 -0.01024114 -0.01025778
 -0.01015177 -0.009903   -0.01051147 -0.01017085 -0.01012915 -0.01024906
 -0.01005112 -0.01026866 -0.0100497  -0.01026368 -0.01010885 -0.01027635
 -0.01035552 -0.0100528  -0.01010541 -0.01021785 -0.01024925 -0.01013228
 -0.010136   -0.0102704  -0.01012883 -0.00999868 -0.0100892  -0.01008417
 -0.01032984 -0.01013809 -0.01027042 -0.01019435 -0.01005169 -0.01015623
 -0.01007059 -0.01033396 -0.01018603 -0.01011065 -0.010118   -0.01024297
 -0.0100416  -0.01012945 -0.01012135 -0.0099509  -0.01011722 -0.01037096
 -0.01003637 -0.01013356 -0.01022018 -0.01030737 -0.0101018  -0.01014304
 -0.01011613 -0.00997487 -0.010258   -0.01030684 -0.01028878 -0.01023638
 -0.01022257 -0.01008455 -0.01028746 -0.01001424 -0.01008468 -0.01008413
 -0.01017166 -0.00997176 -0.01018514 -0.01008006 -0.01007469 -0.0098598
 -0.01026067 -0.01034094 -0.01022965 -0.0100608  -0.0099272  -0.01009675
 -0.01011988 -0.00999191 -0.01002395 -0.01017677 -0.01026657 -0.01014256
 -0.01041589 -0.01016171 -0.01007064 -0.01020969 -0.0100792  -0.01009607
 -0.01005473 -0.01032374 -0.01014233 -0.01009019 -0.01046297 -0.01033221
 -0.01020566 -0.01012862 -0.01024396 -0.01030573 -0.0101662  -0.01020409
 -0.01011679 -0.01016248 -0.01015515 -0.01016559 -0.01008743 -0.01002413
 -0.01026579 -0.01013197 -0.01008896 -0.01020513 -0.01018143 -0.0101862
 -0.0102563  -0.00989496 -0.01008352 -0.01008872 -0.0102819  -0.01022403
 -0.01017918 -0.010217   -0.01029704 -0.01034395 -0.01015471 -0.01004312
 -0.0103539  -0.01026349 -0.01039683 -0.0100293  -0.01013861 -0.01027871
 -0.01009904 -0.01027144 -0.01028011 -0.0101833  -0.01028274 -0.01019441
 -0.01018723 -0.01008246 -0.01024863 -0.01034948 -0.01011618 -0.01023992
 -0.01041524 -0.01010604 -0.00996872 -0.01013422 -0.01020785 -0.01001608
 -0.01007442 -0.01018503 -0.01016948 -0.01024883 -0.0101923  -0.0103271
 -0.01008855 -0.01019273 -0.01030734 -0.01005974 -0.01018829 -0.01008396
 -0.01020221 -0.00998959 -0.01004854 -0.01014    -0.00987377 -0.01022227
 -0.01024799 -0.0101512  -0.01034244 -0.01016474 -0.01011987 -0.01010208
 -0.01026489 -0.01015278 -0.01013    -0.01001881 -0.01024938 -0.01019656
 -0.01011196 -0.01011511 -0.01010371 -0.01023352 -0.01014447 -0.01010354
 -0.01042057 -0.01025326 -0.01007282 -0.01030637 -0.01020602 -0.01030101
 -0.01023772 -0.01014545 -0.0100466  -0.00982844 -0.01009717 -0.0103146
 -0.01005408 -0.01019937 -0.01008594 -0.01018916 -0.01014858 -0.01027307
 -0.01029927 -0.01007578 -0.01022844 -0.01012623 -0.01012931 -0.01004169
 -0.01008472 -0.0102466  -0.01214788 -0.01027313 -0.01011624 -0.01028675
 -0.0100946  -0.01010546 -0.01017913 -0.01020182 -0.01038807 -0.01012886
 -0.01004474 -0.01029283 -0.00997516 -0.01027134 -0.01017264 -0.01036816
 -0.01013878 -0.01033419 -0.01015272 -0.01011981 -0.01031197 -0.01027708
 -0.01001675 -0.01032589 -0.01016685 -0.01015356 -0.01010581 -0.01005214
 -0.01041877 -0.01014193 -0.01018942 -0.01019603 -0.00994512 -0.01037366
 -0.01023057 -0.01025241 -0.0102934  -0.01024325 -0.01003458 -0.01012343
 -0.01005447 -0.01031461 -0.01025828 -0.01030428 -0.0100422  -0.01031707
 -0.01009922 -0.01037095 -0.00999916 -0.01001982 -0.00998259 -0.01022296
 -0.0101036  -0.01031538 -0.01026769 -0.01005933 -0.01010359 -0.01003995
 -0.01030509 -0.01038001 -0.00995154 -0.01025006 -0.01031287 -0.00999202
 -0.01027387 -0.0102937  -0.01032801 -0.01044256 -0.01032203 -0.01014018
 -0.01021351 -0.010292   -0.01036366 -0.01058769 -0.01025761 -0.01023565
 -0.01017797 -0.01034009 -0.01006401 -0.010158   -0.01017618 -0.01038275
 -0.00995332 -0.01007906 -0.01021336 -0.01013845 -0.01029354 -0.01035531
 -0.01026383 -0.01023782 -0.010219   -0.00996893 -0.01012192 -0.01012999
 -0.01002337 -0.01002259 -0.00999701 -0.01025146 -0.01030594 -0.01015209
 -0.01016721 -0.01020517 -0.00996232 -0.01018462 -0.01009323 -0.01019268
 -0.0104543  -0.01007249 -0.01018117 -0.01035891 -0.0101417  -0.01039
 -0.00998628 -0.01028724 -0.01040097 -0.01029481 -0.01015723 -0.00998267
 -0.01011827 -0.01007551 -0.01032339 -0.00995816 -0.01029265 -0.01028939
 -0.0102255  -0.01024018 -0.01023065 -0.01027925 -0.01005169 -0.01014888
 -0.01019436 -0.01029842 -0.01027777 -0.01011403 -0.01013518 -0.01024781
 -0.01030216 -0.01030689 -0.01027328 -0.01006323 -0.01013453 -0.01013173
 -0.01022941 -0.01015592 -0.01008178 -0.0099647  -0.01015159 -0.01027126
 -0.01013572 -0.01014976 -0.01025075 -0.01007618 -0.0100718  -0.01025425
 -0.01019518 -0.01022005 -0.01010746 -0.01023336 -0.01020225 -0.01023894
 -0.01024908 -0.01030792 -0.01021017 -0.01006604 -0.01030264 -0.01005861
 -0.01015493 -0.01021993 -0.0104077  -0.01015918 -0.01005497 -0.01017977
 -0.01023087 -0.01017007 -0.01044613 -0.0098697  -0.01017034 -0.01030667
 -0.01022046 -0.01005837 -0.01022996 -0.01009796 -0.01017006 -0.01033111
 -0.01009649 -0.01005516 -0.01027375 -0.01008948 -0.01010768 -0.0100572
 -0.01019734 -0.01023834 -0.01024534 -0.01028987 -0.0104228  -0.01034447
 -0.01009972 -0.01015732 -0.00998886 -0.01013159 -0.01019678 -0.01022361
 -0.01035168 -0.01008513 -0.010214   -0.01043226 -0.00998908 -0.01004571
 -0.01027446 -0.01020933 -0.01019348 -0.01044755 -0.01015511 -0.0102904
 -0.01012376 -0.0101238  -0.01013032 -0.01024817 -0.01013321 -0.01028957
 -0.01023439 -0.01022206 -0.01009688 -0.01027754 -0.01024825 -0.0099867
 -0.01041955 -0.0102424  -0.01030649 -0.01019379 -0.0100931  -0.01015289
 -0.01015317 -0.01003472 -0.01012456 -0.0101233  -0.01046215 -0.01019715
 -0.01027587 -0.01014237 -0.01012708 -0.01046957 -0.01022662 -0.01036093
 -0.01019295 -0.01027158 -0.0102683  -0.00992432 -0.01011587 -0.01006168
 -0.01039524 -0.01004405 -0.01007306 -0.01043236 -0.01013295 -0.0103933
 -0.01041682 -0.01023917 -0.01037121 -0.01021863 -0.01032719 -0.01003448
 -0.01021005 -0.01004413 -0.01022813 -0.01016901 -0.01010548 -0.01017614
 -0.01010561 -0.01011067 -0.01019677 -0.0101963  -0.01008337 -0.01020252
 -0.01029786 -0.01009404 -0.010267   -0.01040186 -0.01018739 -0.01011176
 -0.01017325 -0.0100783  -0.01045333 -0.01011468 -0.01001755 -0.01024654
 -0.01029033 -0.01021515 -0.01032066 -0.0100721  -0.00995776 -0.01006031
 -0.01015585 -0.01013825 -0.0101836  -0.01022388 -0.01011967 -0.01010494
 -0.01043134 -0.010075   -0.01025241 -0.0101394  -0.01000474 -0.01023775
 -0.01037788 -0.01009657 -0.0102049  -0.01027027 -0.01023258 -0.01001997
 -0.01011111 -0.01026446 -0.00993686 -0.01001007 -0.0101948  -0.01013426
 -0.00997295 -0.01033543 -0.01037029 -0.00995916 -0.01022982 -0.01024618
 -0.01002171 -0.01009416 -0.01003137 -0.01004991 -0.01044247 -0.01018921
 -0.01028128 -0.00999387 -0.01035763 -0.01007255 -0.01020613 -0.01003179
 -0.01009961 -0.01029904 -0.01005411 -0.01030766 -0.01022339 -0.0101567
 -0.01024202 -0.01015173 -0.0100732  -0.01003554 -0.0099801  -0.01014846
 -0.01007731 -0.01019294 -0.00995596 -0.01020611 -0.0102878  -0.01001931
 -0.01036706 -0.01036402 -0.00989285 -0.01012606 -0.01006004 -0.01013569
 -0.01020465 -0.01010076 -0.0102341  -0.01024105 -0.01016174 -0.01032275
 -0.01021568 -0.01014389 -0.01041052 -0.01011818 -0.01026262 -0.01010825
 -0.01007788 -0.01034272 -0.01018335 -0.01000948 -0.01027277 -0.01004698
 -0.01023801 -0.01006012 -0.01022607 -0.01005064 -0.01021738 -0.01027294
 -0.01034892 -0.01024391 -0.01012503 -0.01025701 -0.01012864 -0.01020163
 -0.01016059 -0.01034397 -0.01007282 -0.01026792 -0.01024515 -0.01022778
 -0.00993527 -0.01019221 -0.0100649  -0.01020701 -0.01012293 -0.01015692
 -0.00997377 -0.01022037 -0.01026425 -0.01016895 -0.01014847 -0.0101251
 -0.0100404  -0.01009083 -0.01024395 -0.01016183 -0.01011163 -0.01003179
 -0.01051201 -0.01016551 -0.01031495 -0.01019726 -0.01013164 -0.01005723
 -0.01021831 -0.01042167 -0.01017279 -0.01011045 -0.01005777 -0.01005592
 -0.01030028 -0.01020444 -0.01021866 -0.01006059 -0.01011064 -0.01017674
 -0.01021671 -0.00997894 -0.01017225 -0.01025325 -0.01026924 -0.01006927
 -0.01029242 -0.01021486 -0.01023422 -0.01019814 -0.01017644 -0.0102404
 -0.01026412 -0.01020413 -0.01024552 -0.01003613 -0.01012217 -0.01003494
 -0.01033521 -0.01024461 -0.01015856 -0.01020373 -0.01011302 -0.01023915
 -0.01007225 -0.01025632 -0.01028581 -0.01007967 -0.01012875 -0.01023393]"
Chicken And Broccoli Wreath,"[""2 pkg. refrigerated crescent rolls"", ""1/2 c. chopped red bell pepper"", ""1/2 to 1 c. chopped fresh broccoli"", ""1/4 c. drained and chopped water chestnuts"", ""small chopped onion"", ""4 to 8 oz. shredded Co-Jack cheese"", ""1 (15 oz.) can chunk chicken, drained"", ""1 can cream of chicken soup""]","[""Preheat oven to 350\u00b0. Unroll crescent dough; separate into triangles. Arrange triangles in circle on greased deep-dish pizza pan with wide ends overlapping in center and points toward the outside.""]","[""fresh broccoli"", ""cream of chicken soup"", ""water chestnuts"", ""onion"", ""red bell pepper"", ""cheese"", ""chicken"", ""crescent rolls""]","[-0.00993553 -0.00984782 -0.00982876 -0.00972347 -0.00962337 -0.00974442
 -0.00991363 -0.00956708 -0.00992521 -0.00990771 -0.00994335 -0.00999491
 -0.00970767 -0.00966399 -0.00989789 -0.00964151 -0.00980829 -0.00971268
 -0.00969634 -0.00969441 -0.00966985 -0.01008482 -0.00995478 -0.00972345
 -0.00952181 -0.00984626 -0.00983855 -0.00973835 -0.00968786 -0.0097956
 -0.00984253 -0.00964135 -0.00957041 -0.00979789 -0.00981154 -0.00994488
 -0.00967929 -0.00986769 -0.00995607 -0.00965119 -0.00979588 -0.00986773
 -0.00953599 -0.00987912 -0.00967292 -0.00990432 -0.00985321 -0.00981278
 -0.00977353 -0.00985012 -0.00986279 -0.00972801 -0.00987882 -0.00981701
 -0.00976811 -0.00954817 -0.00975174 -0.00977565 -0.00968524 -0.00974104
 -0.00975828 -0.00968909 -0.00974941 -0.00993714 -0.00983098 -0.00976817
 -0.00968246 -0.00963934 -0.00998589 -0.00967943 -0.00983547 -0.00973337
 -0.0097964  -0.00975152 -0.00974802 -0.00988868 -0.00982306 -0.00983733
 -0.00977048 -0.00976218 -0.00981374 -0.00980754 -0.00971839 -0.0095917
 -0.00972802 -0.00963049 -0.00997203 -0.00987331 -0.00992939 -0.00958956
 -0.0099236  -0.00984773 -0.00963402 -0.00981399 -0.00984078 -0.00973091
 -0.00979938 -0.00972283 -0.00962451 -0.00973128 -0.00996201 -0.0096913
 -0.00974773 -0.00969461 -0.01007676 -0.00983392 -0.00982111 -0.00979734
 -0.00971371 -0.00978267 -0.00967505 -0.00995107 -0.00961354 -0.00980664
 -0.0099212  -0.00962037 -0.00968035 -0.00972358 -0.00991681 -0.00976479
 -0.00973702 -0.0097841  -0.00976869 -0.00953214 -0.00976755 -0.00987994
 -0.00982517 -0.00972212 -0.00967962 -0.00993986 -0.00969809 -0.00970804
 -0.00982492 -0.00988164 -0.00988031 -0.00976328 -0.00970628 -0.00993075
 -0.00976741 -0.009864   -0.0100182  -0.00979953 -0.00972604 -0.00986167
 -0.00970785 -0.00986621 -0.00985901 -0.00967075 -0.00972037 -0.00975105
 -0.00964208 -0.00965056 -0.01006129 -0.009848   -0.0098873  -0.00981718
 -0.00982214 -0.00976442 -0.00980974 -0.00969336 -0.00947803 -0.00984914
 -0.00974391 -0.00972267 -0.009889   -0.00978032 -0.00978203 -0.0096226
 -0.00986184 -0.00967318 -0.00992358 -0.00973314 -0.00950629 -0.00991272
 -0.00985314 -0.00974383 -0.00982991 -0.00977332 -0.00979014 -0.00974013
 -0.01014541 -0.00980446 -0.00968216 -0.00994629 -0.00963946 -0.00985792
 -0.00970282 -0.01002654 -0.00970688 -0.00969853 -0.00984807 -0.00978162
 -0.00989811 -0.00974469 -0.00967206 -0.00979574 -0.00980425 -0.00977775
 -0.00975197 -0.00996207 -0.0096976  -0.00962456 -0.00971356 -0.00973259
 -0.00994722 -0.00975589 -0.00970269 -0.00992716 -0.00978078 -0.00985335
 -0.00994217 -0.00957665 -0.00952015 -0.00987768 -0.00977    -0.00985181
 -0.00982236 -0.00976448 -0.00996792 -0.00993342 -0.00978477 -0.00974986
 -0.0101517  -0.00966637 -0.00985001 -0.00971791 -0.0099105  -0.00984341
 -0.00981759 -0.00960463 -0.00989637 -0.00994221 -0.00968006 -0.00978944
 -0.0100394  -0.00971845 -0.00983251 -0.00979343 -0.0096951  -0.00998367
 -0.01000581 -0.00966595 -0.00971653 -0.0099465  -0.00991366 -0.00972631
 -0.00977301 -0.00971852 -0.00966062 -0.01004823 -0.00979457 -0.00987875
 -0.00963678 -0.00998243 -0.00983026 -0.009719   -0.00967142 -0.00992585
 -0.00972248 -0.00972402 -0.0096534  -0.0098337  -0.00955348 -0.00991288
 -0.00991068 -0.00973206 -0.00995686 -0.00982805 -0.00978976 -0.0098433
 -0.00979589 -0.00982733 -0.00984446 -0.00979955 -0.00985535 -0.00986319
 -0.00972645 -0.00985088 -0.00985343 -0.01005471 -0.0097246  -0.00972422
 -0.00996511 -0.00967091 -0.00991227 -0.00993771 -0.00982975 -0.0099127
 -0.00988003 -0.0097487  -0.0096885  -0.00946186 -0.00988727 -0.00996261
 -0.00963868 -0.00978205 -0.00982766 -0.00974614 -0.00971639 -0.00997481
 -0.00967103 -0.00985292 -0.0097947  -0.00971973 -0.00986623 -0.0097518
 -0.00975886 -0.00983794 -0.01154187 -0.0099744  -0.00992788 -0.00983963
 -0.00980205 -0.00978666 -0.00990998 -0.00989243 -0.00977878 -0.00967809
 -0.00972851 -0.00996597 -0.00958248 -0.00974088 -0.00971499 -0.0099404
 -0.00980584 -0.00992476 -0.00977904 -0.00963326 -0.00967717 -0.00999235
 -0.00969457 -0.0098861  -0.00970883 -0.0098196  -0.00981537 -0.00981921
 -0.01002067 -0.00982516 -0.00985096 -0.00985868 -0.00973309 -0.00982849
 -0.00981013 -0.00990836 -0.00993688 -0.00989812 -0.00952956 -0.00962592
 -0.00969833 -0.00996538 -0.00992902 -0.00986139 -0.00950745 -0.00988075
 -0.00979624 -0.00996535 -0.00977564 -0.00967748 -0.00963067 -0.00974766
 -0.00977604 -0.00996998 -0.00984433 -0.00980578 -0.00958227 -0.00971551
 -0.00985915 -0.01001553 -0.0096518  -0.00991132 -0.00986105 -0.00972361
 -0.00994589 -0.00986194 -0.00998687 -0.00988551 -0.00989172 -0.00974318
 -0.00977195 -0.00979401 -0.0097989  -0.0102038  -0.00986522 -0.00993475
 -0.00991212 -0.01003799 -0.00972572 -0.00996421 -0.00981065 -0.00999042
 -0.00965124 -0.00972964 -0.00982535 -0.00969571 -0.00984088 -0.01008868
 -0.01012124 -0.00994205 -0.00971405 -0.00973922 -0.00976953 -0.00969012
 -0.00982318 -0.00951207 -0.00968372 -0.0099252  -0.00987683 -0.00986193
 -0.00992559 -0.00973973 -0.00954202 -0.00977435 -0.00990798 -0.00981793
 -0.00990361 -0.00988615 -0.00962069 -0.00983434 -0.00968438 -0.00998007
 -0.00963592 -0.01000528 -0.00993345 -0.00985791 -0.0096141  -0.00961641
 -0.00980456 -0.00977015 -0.00967879 -0.00968543 -0.00977868 -0.00987005
 -0.00979858 -0.00976024 -0.0097526  -0.00984265 -0.00974782 -0.00980344
 -0.00986507 -0.00986523 -0.00981615 -0.0097574  -0.00970729 -0.00975478
 -0.01001381 -0.00995908 -0.00997765 -0.00965928 -0.00975884 -0.00977976
 -0.00990946 -0.00974134 -0.01000609 -0.00949243 -0.00967579 -0.00990916
 -0.00971557 -0.00971107 -0.00995895 -0.00968151 -0.00977025 -0.00996617
 -0.009928   -0.01012799 -0.00970006 -0.00982954 -0.00980967 -0.00990075
 -0.00980338 -0.00982299 -0.00974585 -0.00971538 -0.01005992 -0.00944088
 -0.00981192 -0.00983806 -0.00994233 -0.00961941 -0.00983746 -0.00978576
 -0.00984491 -0.00969828 -0.00990351 -0.00979563 -0.00977455 -0.00996704
 -0.00996316 -0.00963914 -0.00979313 -0.00992952 -0.00979763 -0.00968529
 -0.00970169 -0.00985702 -0.00984304 -0.00984672 -0.00963891 -0.00976179
 -0.00987483 -0.00979447 -0.00981308 -0.00999058 -0.00993239 -0.00982584
 -0.00979423 -0.00979188 -0.00961906 -0.0097911  -0.00982806 -0.0099688
 -0.00994711 -0.00963476 -0.00973364 -0.00982165 -0.00965221 -0.00983142
 -0.00982892 -0.00977175 -0.00974957 -0.0100715  -0.00975002 -0.01004361
 -0.00970035 -0.00978057 -0.00971265 -0.00984447 -0.00985955 -0.00974155
 -0.00988801 -0.00978415 -0.00981378 -0.00975723 -0.0099173  -0.00967567
 -0.00967953 -0.00986962 -0.00991717 -0.00979966 -0.00978929 -0.00982103
 -0.00975751 -0.0098231  -0.00970717 -0.00962784 -0.00988029 -0.01004467
 -0.0097315  -0.00971913 -0.00975561 -0.00996447 -0.00986387 -0.00990491
 -0.00994173 -0.00990845 -0.00982055 -0.00963511 -0.00969407 -0.00977008
 -0.00995946 -0.00965616 -0.0097652  -0.01006043 -0.0098373  -0.01014323
 -0.00997603 -0.00975247 -0.00996949 -0.00985976 -0.00991328 -0.00962618
 -0.00974691 -0.00959027 -0.00982468 -0.00990506 -0.00978789 -0.00977172
 -0.00973843 -0.00964999 -0.00967679 -0.00979864 -0.00961132 -0.0098148
 -0.00980482 -0.00978256 -0.00987547 -0.01007803 -0.00960379 -0.00990317
 -0.00975515 -0.00962889 -0.00991958 -0.00970036 -0.00974861 -0.00997681
 -0.00987611 -0.00960695 -0.00980191 -0.00975662 -0.00959332 -0.0097549
 -0.00971717 -0.00985542 -0.00981844 -0.00970401 -0.00970894 -0.00965343
 -0.0099016  -0.00981467 -0.01007475 -0.00986574 -0.00985151 -0.00987596
 -0.00992724 -0.00969507 -0.00982864 -0.01001091 -0.01004393 -0.00973817
 -0.00976332 -0.0098731  -0.00962002 -0.00954443 -0.00984969 -0.00974395
 -0.00990779 -0.00992248 -0.00981357 -0.00955628 -0.00980415 -0.0098332
 -0.00963868 -0.00978377 -0.00974942 -0.0096074  -0.0100429  -0.0099158
 -0.009878   -0.0098257  -0.01004095 -0.00964584 -0.00993098 -0.0098144
 -0.00979218 -0.00993139 -0.00985301 -0.00986131 -0.00984471 -0.00978463
 -0.00973681 -0.00974483 -0.00984767 -0.00987741 -0.00964169 -0.00978245
 -0.0098367  -0.00987274 -0.0097385  -0.00991431 -0.00975664 -0.0098441
 -0.00963874 -0.00986077 -0.00953475 -0.00982775 -0.00987405 -0.00979547
 -0.009711   -0.00973522 -0.00977523 -0.00972289 -0.00989214 -0.01016897
 -0.00983675 -0.0095832  -0.00990275 -0.00986933 -0.00992473 -0.00965018
 -0.00968291 -0.01010564 -0.00987051 -0.00965394 -0.00979049 -0.00973181
 -0.01006466 -0.00955758 -0.00989949 -0.0096344  -0.00994435 -0.00974769
 -0.01001731 -0.00983843 -0.00989465 -0.00977703 -0.00985871 -0.00978603
 -0.00987741 -0.00989495 -0.00983942 -0.00978777 -0.00974897 -0.00984963
 -0.00969412 -0.00974391 -0.00973647 -0.00971774 -0.00972731 -0.00983758
 -0.0095961  -0.00983079 -0.00988941 -0.00982607 -0.00981452 -0.00983616
 -0.00965069 -0.00963489 -0.00992865 -0.00987856 -0.00991606 -0.00966923
 -0.01002259 -0.00975265 -0.00984093 -0.00991378 -0.00971661 -0.00980305
 -0.00993587 -0.01001458 -0.00973893 -0.00994526 -0.00967196 -0.00968083
 -0.00994159 -0.00980668 -0.00992979 -0.00967609 -0.00974022 -0.00976627
 -0.00985424 -0.00960585 -0.00991092 -0.00998741 -0.00989703 -0.00972282
 -0.00983216 -0.00973908 -0.00983839 -0.00994938 -0.00978735 -0.00983873
 -0.0096775  -0.00964481 -0.00996234 -0.00978787 -0.00963094 -0.00962479
 -0.00987589 -0.00994384 -0.00981642 -0.00973501 -0.00970636 -0.00971595
 -0.00973215 -0.00981274 -0.00980076 -0.00976665 -0.00973734 -0.00982962]"
Clara'S Fried Corned Beef Pies,"[""1 1/2 c. Crisco shortening or cooking oil"", ""8 to 10 pocketed double pork chops*"", ""Lawry's seasoning salt"", ""black pepper"", ""cornbread stuffing"", ""mushroom gravy""]","[""*This is a special cut pork chop."", ""Sometimes you can find the center-cut pork chops for stuffing at the supermarket, but most times you have to ask your butcher to cut the pocket slits."", ""And note, they are expensive, but well worth it.""]","[""black pepper"", ""shortening"", ""stuffing"", ""mushroom gravy"", ""pork chops"", ""salt""]","[-0.00941709 -0.0093422  -0.00955244 -0.00942562 -0.00933943 -0.0093774
 -0.00944021 -0.00919049 -0.00956755 -0.00940599 -0.0094823  -0.0096101
 -0.00939307 -0.00914557 -0.00957422 -0.00936363 -0.00943039 -0.00932621
 -0.00948886 -0.00917461 -0.00926724 -0.00967628 -0.00955792 -0.00923613
 -0.00940011 -0.00933651 -0.00954125 -0.0095553  -0.00937108 -0.00958701
 -0.00931851 -0.00939509 -0.009213   -0.00946045 -0.00954231 -0.00953158
 -0.00941325 -0.00946776 -0.00973113 -0.00926692 -0.00963579 -0.00973117
 -0.00915141 -0.00945994 -0.00930485 -0.00940732 -0.00945686 -0.00949178
 -0.00957676 -0.00963405 -0.00935703 -0.00937984 -0.00938653 -0.00950224
 -0.00939452 -0.00906668 -0.00958202 -0.0095785  -0.00943001 -0.00943001
 -0.00944051 -0.00922266 -0.00934787 -0.00968003 -0.00954737 -0.00938488
 -0.00933455 -0.00920119 -0.00963515 -0.0093526  -0.00959078 -0.00938179
 -0.00935958 -0.00941852 -0.00932492 -0.00950073 -0.00942192 -0.00938694
 -0.00948452 -0.00954668 -0.00954775 -0.00940831 -0.00931306 -0.00923552
 -0.00936674 -0.00924057 -0.00960468 -0.00961378 -0.00957325 -0.00898371
 -0.00966909 -0.00946017 -0.00926609 -0.00937914 -0.00949217 -0.00951476
 -0.00948855 -0.00950396 -0.00940407 -0.0092745  -0.00955576 -0.00939872
 -0.00939721 -0.00913573 -0.00988989 -0.00941847 -0.00944964 -0.00946072
 -0.009446   -0.00948147 -0.00951169 -0.00964901 -0.00937043 -0.00944269
 -0.00962296 -0.00940087 -0.00936539 -0.00950186 -0.00960655 -0.00957521
 -0.00938301 -0.00945645 -0.0094563  -0.00915445 -0.00939854 -0.00949952
 -0.00952109 -0.00939891 -0.00925345 -0.00961527 -0.00945065 -0.00929885
 -0.00925992 -0.0095812  -0.00946173 -0.00919539 -0.0092884  -0.00949363
 -0.00938141 -0.00947904 -0.00940519 -0.00941332 -0.009319   -0.00944785
 -0.00936447 -0.00945013 -0.00945009 -0.00949293 -0.00936161 -0.00949306
 -0.00940339 -0.00930888 -0.00967431 -0.00968428 -0.0095721  -0.00948423
 -0.00963938 -0.00933686 -0.00936884 -0.00943309 -0.00931915 -0.0094846
 -0.00936247 -0.00939785 -0.00947706 -0.0094986  -0.00930256 -0.00913093
 -0.00966078 -0.00910929 -0.0093916  -0.0092846  -0.00898888 -0.00959222
 -0.00935997 -0.00939548 -0.00942916 -0.00947138 -0.00939957 -0.00924909
 -0.00975575 -0.00950057 -0.00924005 -0.00951267 -0.00946308 -0.00946151
 -0.0092194  -0.00971646 -0.009355   -0.00930595 -0.00962013 -0.00940017
 -0.00954563 -0.00942927 -0.00939588 -0.00955792 -0.00951727 -0.00944509
 -0.00936156 -0.00958249 -0.00942075 -0.00940414 -0.00944898 -0.00931053
 -0.00952215 -0.00934941 -0.00931712 -0.00949016 -0.00940245 -0.00933909
 -0.00960713 -0.00913703 -0.00914016 -0.00938356 -0.00957299 -0.00937056
 -0.00944186 -0.00952692 -0.00974475 -0.00949858 -0.00942832 -0.00926538
 -0.00980325 -0.00927119 -0.00952725 -0.00924249 -0.00931776 -0.00939449
 -0.00933891 -0.00926225 -0.00945139 -0.00961064 -0.00933581 -0.00943918
 -0.00952255 -0.0094349  -0.00949164 -0.00947525 -0.00928449 -0.00966836
 -0.00956769 -0.00925302 -0.00917364 -0.00952256 -0.00942794 -0.00928826
 -0.00939153 -0.00934365 -0.00951193 -0.00962277 -0.00939833 -0.00973632
 -0.00934783 -0.00954027 -0.00940759 -0.00943663 -0.00935715 -0.00938283
 -0.0094811  -0.00916881 -0.00912452 -0.00945136 -0.00915621 -0.00948224
 -0.00954043 -0.00947231 -0.00952401 -0.00943809 -0.00939805 -0.00944049
 -0.00946856 -0.00936745 -0.0094527  -0.00922084 -0.00961704 -0.00968503
 -0.00946135 -0.00947453 -0.00945304 -0.00961848 -0.00938658 -0.00932115
 -0.00980427 -0.00943486 -0.00970791 -0.00949624 -0.00946046 -0.00954259
 -0.0096358  -0.0093642  -0.00920422 -0.00909227 -0.00956076 -0.00976869
 -0.00936998 -0.0093674  -0.00941862 -0.00932703 -0.00937321 -0.00978423
 -0.00931992 -0.00943072 -0.00939279 -0.00937461 -0.0094564  -0.00930523
 -0.00935805 -0.00966712 -0.0108988  -0.00942145 -0.0095521  -0.00954908
 -0.00925626 -0.00957583 -0.00962622 -0.00957343 -0.00953146 -0.00925947
 -0.00944288 -0.00959715 -0.00927355 -0.00950721 -0.00934277 -0.00960389
 -0.00950619 -0.00969046 -0.00947054 -0.00931279 -0.00935304 -0.00962007
 -0.00932826 -0.00941018 -0.00922375 -0.00932084 -0.00952233 -0.00933002
 -0.00968723 -0.00941203 -0.00956238 -0.00951369 -0.00940669 -0.00941167
 -0.00934598 -0.00941245 -0.00964725 -0.00956364 -0.00926022 -0.00942927
 -0.00920004 -0.00949817 -0.00968558 -0.00960728 -0.00908088 -0.00948693
 -0.00931772 -0.00960788 -0.00929219 -0.00931402 -0.00930728 -0.00939761
 -0.00950501 -0.00950436 -0.00939148 -0.00942009 -0.00936394 -0.00938412
 -0.0095201  -0.00970167 -0.00918114 -0.009481   -0.00963112 -0.00936286
 -0.0095068  -0.00962728 -0.00979354 -0.00959588 -0.00945125 -0.00937657
 -0.00945649 -0.00943041 -0.00956884 -0.00993    -0.00951076 -0.00960447
 -0.00953387 -0.00954434 -0.00932067 -0.00953748 -0.00958658 -0.0096483
 -0.00937324 -0.009421   -0.00942618 -0.00954418 -0.00969034 -0.00970077
 -0.00963343 -0.0096226  -0.00928848 -0.00944188 -0.00936212 -0.00934234
 -0.00930841 -0.00910874 -0.0094145  -0.00944769 -0.00965431 -0.00959374
 -0.00954901 -0.00948171 -0.00913212 -0.00942058 -0.00935376 -0.00930964
 -0.00960221 -0.00955152 -0.00946862 -0.00945718 -0.00943978 -0.00972955
 -0.00923332 -0.00972612 -0.00967055 -0.00938227 -0.00926708 -0.00910824
 -0.00946606 -0.00935749 -0.00956555 -0.00920331 -0.0095289  -0.00956767
 -0.00945663 -0.00939191 -0.00932956 -0.00960141 -0.00929277 -0.00942046
 -0.00957583 -0.00957678 -0.0094085  -0.00937807 -0.00940319 -0.00950213
 -0.00958491 -0.00967458 -0.00982869 -0.00932    -0.00950524 -0.00923638
 -0.00952901 -0.00936968 -0.00959952 -0.00923329 -0.00919726 -0.00949586
 -0.00932057 -0.00943095 -0.00962073 -0.00930727 -0.0093697  -0.00957553
 -0.00946349 -0.0095234  -0.00924623 -0.00947009 -0.00947833 -0.00961973
 -0.00938757 -0.00942363 -0.00933967 -0.00926991 -0.00968385 -0.00915642
 -0.00953655 -0.00936858 -0.00960554 -0.00934308 -0.00948047 -0.00945424
 -0.00934444 -0.0093929  -0.00959022 -0.00935993 -0.00941006 -0.00958119
 -0.00959812 -0.00938546 -0.00943997 -0.0095424  -0.00939078 -0.00949971
 -0.00933197 -0.00935739 -0.00945277 -0.0095531  -0.00928938 -0.00945114
 -0.00945274 -0.00933419 -0.00937954 -0.0095649  -0.00959246 -0.00956407
 -0.00941611 -0.00949191 -0.00917681 -0.00942522 -0.00938339 -0.00952389
 -0.00959271 -0.00932326 -0.00935444 -0.00954819 -0.00922857 -0.0093656
 -0.00955111 -0.00935372 -0.0096011  -0.00976731 -0.00927695 -0.00956968
 -0.00930675 -0.00935258 -0.00928225 -0.00941836 -0.00941409 -0.00940232
 -0.00966027 -0.00953078 -0.00944367 -0.00951794 -0.00959319 -0.00933852
 -0.00953341 -0.00939149 -0.00941364 -0.00940484 -0.00947326 -0.00955453
 -0.00938852 -0.00936021 -0.00929322 -0.00916534 -0.00963069 -0.00957742
 -0.00936069 -0.00930192 -0.00922528 -0.00965325 -0.00947986 -0.00945151
 -0.00943996 -0.0095697  -0.0093804  -0.00925018 -0.0094106  -0.0094168
 -0.00960036 -0.00932979 -0.00944042 -0.00965711 -0.00951904 -0.00966865
 -0.00963549 -0.00945548 -0.00965788 -0.00958699 -0.00965616 -0.00940049
 -0.00945771 -0.00916324 -0.00948676 -0.00946644 -0.00943733 -0.00942795
 -0.0093017  -0.00942217 -0.00938573 -0.00966744 -0.00917978 -0.00955805
 -0.00951133 -0.00946022 -0.00950877 -0.00981358 -0.00934424 -0.00954758
 -0.00948274 -0.00939559 -0.00960713 -0.00945104 -0.00947456 -0.00960765
 -0.00960037 -0.00934782 -0.00965841 -0.00931821 -0.00894144 -0.00939795
 -0.00931904 -0.00934661 -0.00953314 -0.00938693 -0.00928999 -0.0093639
 -0.00957405 -0.00939799 -0.00960392 -0.00945719 -0.00947566 -0.0093356
 -0.0096157  -0.00939821 -0.00951051 -0.00972911 -0.00952709 -0.00948028
 -0.0094073  -0.00958971 -0.00916695 -0.00920009 -0.00945994 -0.00930697
 -0.00949891 -0.00948962 -0.00962184 -0.00917845 -0.00942259 -0.00930151
 -0.00928022 -0.00946569 -0.0091875  -0.00918158 -0.0097246  -0.00945632
 -0.00964888 -0.00941957 -0.00978543 -0.00934885 -0.00947181 -0.00939012
 -0.00945408 -0.0096362  -0.00955808 -0.00946499 -0.00941279 -0.00940883
 -0.00949184 -0.00940699 -0.0094623  -0.0093138  -0.00931022 -0.00920424
 -0.00939847 -0.0095624  -0.00919408 -0.00952091 -0.00945175 -0.00933075
 -0.00945834 -0.00948998 -0.00916903 -0.00951882 -0.00943418 -0.00953755
 -0.00946041 -0.00930256 -0.00943463 -0.00952474 -0.00942117 -0.00982537
 -0.00939301 -0.00922395 -0.00957698 -0.00962422 -0.00949135 -0.00934147
 -0.00937986 -0.00963576 -0.00948905 -0.00924936 -0.00965628 -0.00933419
 -0.00961626 -0.00927184 -0.00955401 -0.00928004 -0.00953502 -0.00933261
 -0.00982118 -0.00950325 -0.00941936 -0.00949657 -0.00949458 -0.00938846
 -0.00947005 -0.00960856 -0.00946863 -0.00945772 -0.0092932  -0.0095378
 -0.00920176 -0.00944339 -0.00938329 -0.0093686  -0.00934014 -0.00950796
 -0.00936976 -0.00953283 -0.00955027 -0.00938904 -0.00943448 -0.00944564
 -0.00939787 -0.00942948 -0.0094884  -0.00952911 -0.00956822 -0.0092104
 -0.00970819 -0.00946551 -0.00945215 -0.00954079 -0.00934223 -0.00926449
 -0.00953895 -0.00958241 -0.00935391 -0.00950605 -0.00935439 -0.00939741
 -0.00960966 -0.00941161 -0.00947527 -0.0093     -0.00948928 -0.00941193
 -0.00950382 -0.00922709 -0.00960863 -0.0096027  -0.00958102 -0.00934561
 -0.00955374 -0.00955153 -0.00952844 -0.00955407 -0.00941846 -0.00948461
 -0.00945089 -0.00924527 -0.00951286 -0.00944883 -0.00926524 -0.00935871
 -0.00962761 -0.00953553 -0.00964161 -0.0093925  -0.00948919 -0.00948937
 -0.00933519 -0.00960175 -0.00943241 -0.00938272 -0.0094264  -0.00959112]"
King Ranch Casserole,"[""1 3-lb chicken, cooked and boned (reserve broth)"", ""1 can cream of mushroom soup"", ""1 can cream of chicken soup"", ""1 can Rotel tomatoes with chilies"", ""1 sm. onion"", ""1/2 c. chopped green pepper"", ""1 1/2 tsp. chili powder"", ""salt and pepper to taste"", ""1 pkg. corn tortillas"", ""1 lb. cheddar cheese, grated""]","[""Mix all ingredients, except cheese and tortillas. Dip tortillas in reserved chicken broth and line casserole dish. Add layer of chicken mixture, top with cheese. Add another layer of tortillas, etc. until dish is filled, ending with a layer of cheese.""]","[""cream of chicken soup"", ""tomatoes"", ""cream of mushroom soup"", ""chili powder"", ""cheddar cheese"", ""onion"", ""corn tortillas"", ""chicken"", ""green pepper"", ""salt""]","[-0.01030291 -0.01039172 -0.01037813 -0.0102705  -0.01013785 -0.0102737
 -0.01029898 -0.01009969 -0.01046969 -0.01045437 -0.01030664 -0.01042872
 -0.01025973 -0.01010466 -0.01041901 -0.01034309 -0.01033516 -0.01033866
 -0.01033347 -0.01025956 -0.01015173 -0.01066481 -0.0104766  -0.01025191
 -0.01025954 -0.01034051 -0.01054051 -0.01042974 -0.01028974 -0.01031937
 -0.01032052 -0.01033054 -0.01027669 -0.01030033 -0.01033931 -0.01040998
 -0.0101664  -0.01045396 -0.01049646 -0.01021129 -0.01050776 -0.01041635
 -0.01008265 -0.01038907 -0.01028184 -0.01038906 -0.01038266 -0.01041163
 -0.01050699 -0.01045681 -0.01033245 -0.01034365 -0.01055394 -0.0104466
 -0.01025407 -0.01011887 -0.01024089 -0.01033911 -0.01031567 -0.01025031
 -0.01032964 -0.01024123 -0.0103965  -0.01050969 -0.01042916 -0.01036601
 -0.01026098 -0.01031788 -0.01044429 -0.01022704 -0.01038746 -0.01038954
 -0.01034999 -0.01024277 -0.01017626 -0.01038612 -0.01042092 -0.01029697
 -0.01037805 -0.01039308 -0.01032881 -0.01034159 -0.01033312 -0.01018877
 -0.01042203 -0.01016078 -0.01044708 -0.01041544 -0.01039845 -0.01027077
 -0.01047466 -0.01020086 -0.01036005 -0.0103843  -0.01038554 -0.01037712
 -0.0104029  -0.01034157 -0.01027945 -0.01020972 -0.01056935 -0.01037701
 -0.01013306 -0.01019885 -0.01056091 -0.01036241 -0.0105533  -0.01036784
 -0.01031769 -0.01041339 -0.01036168 -0.01019375 -0.01024787 -0.01041531
 -0.01056107 -0.01022923 -0.01028368 -0.01040916 -0.01033641 -0.01045671
 -0.01031364 -0.01027151 -0.01053812 -0.00999238 -0.01043051 -0.01041105
 -0.01037326 -0.01031475 -0.01019892 -0.01047934 -0.01040485 -0.01029309
 -0.01031399 -0.01030918 -0.01043199 -0.01022512 -0.01027828 -0.01045007
 -0.0104018  -0.01053391 -0.01048947 -0.01037216 -0.01035992 -0.01049309
 -0.01031649 -0.01032364 -0.01031811 -0.01035012 -0.01019592 -0.01035013
 -0.0103093  -0.01023634 -0.01057721 -0.01040949 -0.01042854 -0.01037117
 -0.01042395 -0.01032268 -0.01027165 -0.01036806 -0.01015071 -0.01042011
 -0.01024719 -0.01040525 -0.01032529 -0.0104169  -0.0102333  -0.01024302
 -0.01055572 -0.01020487 -0.01046241 -0.01037716 -0.0101252  -0.0104008
 -0.0105053  -0.01035356 -0.01031855 -0.01026715 -0.01031995 -0.01008437
 -0.01071982 -0.01040738 -0.01016241 -0.01049603 -0.01026623 -0.01035849
 -0.01029267 -0.01058234 -0.01028184 -0.01035944 -0.01052203 -0.01052073
 -0.01050011 -0.01029739 -0.01024287 -0.01045439 -0.01044533 -0.01034908
 -0.01035769 -0.01038394 -0.01040931 -0.01025232 -0.01028492 -0.01036618
 -0.0105969  -0.01018368 -0.01026372 -0.01055373 -0.01012678 -0.01034334
 -0.01041631 -0.01021128 -0.01010014 -0.01036703 -0.01036894 -0.01027867
 -0.01029786 -0.01042628 -0.01045776 -0.01039121 -0.01015334 -0.0103005
 -0.01051222 -0.01021528 -0.01057697 -0.01034163 -0.01029264 -0.01030728
 -0.0103656  -0.01018868 -0.01025697 -0.01046991 -0.01022152 -0.01034155
 -0.01043471 -0.01020019 -0.01037498 -0.0102463  -0.0103001  -0.0104881
 -0.01039357 -0.01032103 -0.0102905  -0.01032468 -0.01031871 -0.01032753
 -0.01037278 -0.01026877 -0.01033239 -0.01047928 -0.01019647 -0.01037939
 -0.01020854 -0.01054349 -0.01041089 -0.0103585  -0.01025054 -0.01035919
 -0.01044958 -0.01015482 -0.01015765 -0.01028264 -0.01029584 -0.01048067
 -0.01029394 -0.01028359 -0.01045013 -0.01048959 -0.01034767 -0.01032045
 -0.01051566 -0.01033112 -0.01039315 -0.01041704 -0.01043306 -0.01047573
 -0.01049489 -0.0103769  -0.01041676 -0.01048569 -0.01025884 -0.01020245
 -0.01054103 -0.01033177 -0.01046447 -0.01060016 -0.01035707 -0.01041442
 -0.01049006 -0.01037929 -0.01025476 -0.01021099 -0.01053929 -0.01041721
 -0.01024284 -0.01045251 -0.01019873 -0.01025469 -0.01030531 -0.01055071
 -0.01030486 -0.01044658 -0.01030617 -0.01033043 -0.01029426 -0.01026477
 -0.01038908 -0.01051256 -0.01216539 -0.01045025 -0.01044124 -0.01048022
 -0.01014541 -0.01053033 -0.01035596 -0.01052277 -0.01042287 -0.01026268
 -0.01037691 -0.01050131 -0.0101316  -0.01038659 -0.01029539 -0.01038143
 -0.01030649 -0.01048428 -0.0103734  -0.01017288 -0.01019764 -0.01048542
 -0.0103148  -0.01027724 -0.01036777 -0.01023772 -0.01048139 -0.01027935
 -0.0106441  -0.01027512 -0.01046711 -0.01026314 -0.0104495  -0.0104875
 -0.01034252 -0.01036567 -0.01057439 -0.01043373 -0.01016099 -0.01038291
 -0.01026951 -0.010368   -0.01048707 -0.01048321 -0.01017494 -0.01040856
 -0.0103086  -0.01046908 -0.01029295 -0.01021656 -0.01029118 -0.01036059
 -0.01018843 -0.01041398 -0.0103293  -0.01038078 -0.0100784  -0.01025956
 -0.01023599 -0.01049694 -0.01030177 -0.0104108  -0.01033286 -0.01031805
 -0.01055373 -0.01045373 -0.01040865 -0.01045263 -0.01039578 -0.01036155
 -0.01041081 -0.01038934 -0.01032312 -0.01070554 -0.01041368 -0.01057312
 -0.01048646 -0.01041094 -0.01045377 -0.01032444 -0.01028161 -0.01039197
 -0.01021551 -0.01043753 -0.01034193 -0.01041849 -0.01046852 -0.01060305
 -0.01055855 -0.01053831 -0.01017308 -0.01046006 -0.01019224 -0.01036923
 -0.01028846 -0.0101834  -0.0102402  -0.01043316 -0.01049751 -0.01034634
 -0.0104294  -0.01046142 -0.01008775 -0.01055298 -0.01044086 -0.01050645
 -0.01037444 -0.01028942 -0.01029434 -0.0103712  -0.01029893 -0.01045871
 -0.01025187 -0.01042352 -0.01043238 -0.01038076 -0.01035297 -0.01017442
 -0.01035961 -0.01023545 -0.01024311 -0.01037105 -0.01047629 -0.0103984
 -0.01035419 -0.01046484 -0.01031927 -0.0104315  -0.01026989 -0.01021291
 -0.01040735 -0.01029914 -0.01031966 -0.01031459 -0.01051181 -0.01045676
 -0.01042959 -0.01046691 -0.01038512 -0.01033379 -0.01040361 -0.01017583
 -0.01050805 -0.01024174 -0.01064811 -0.01015974 -0.01029611 -0.01035215
 -0.0103208  -0.01020531 -0.01044189 -0.01035397 -0.01039533 -0.01043344
 -0.01044099 -0.01070512 -0.01021103 -0.01029581 -0.01029963 -0.01045033
 -0.01022812 -0.01036545 -0.01029741 -0.01025303 -0.01046999 -0.01018191
 -0.01040521 -0.01034326 -0.01057332 -0.01023074 -0.01032414 -0.01049558
 -0.01034326 -0.01045679 -0.01042986 -0.01034208 -0.01024008 -0.01043149
 -0.01038249 -0.01025971 -0.01034269 -0.0104013  -0.01035177 -0.01014881
 -0.01048205 -0.01048194 -0.01041795 -0.01055752 -0.0101719  -0.01018775
 -0.01035053 -0.01034825 -0.0102202  -0.01030801 -0.01043942 -0.01044135
 -0.0102829  -0.0103389  -0.01021807 -0.01037148 -0.01038884 -0.01035113
 -0.01029102 -0.01022277 -0.01012034 -0.01039304 -0.01018483 -0.01028745
 -0.01049201 -0.01030544 -0.01040924 -0.01063779 -0.01019453 -0.01052108
 -0.01034531 -0.01023217 -0.01027765 -0.01031371 -0.01045419 -0.01030572
 -0.01040723 -0.01045707 -0.0103355  -0.01037442 -0.0103987  -0.01009977
 -0.01027262 -0.01039031 -0.0104179  -0.01038296 -0.01033128 -0.01030086
 -0.01042127 -0.01025115 -0.01029301 -0.01013607 -0.01055171 -0.01035744
 -0.01029107 -0.01036963 -0.01029184 -0.01038908 -0.0102543  -0.010404
 -0.0104786  -0.01051529 -0.01023842 -0.01025037 -0.01027479 -0.01026162
 -0.01031167 -0.01037652 -0.01042631 -0.01057274 -0.01029147 -0.01069161
 -0.01024936 -0.0102817  -0.01056536 -0.01031209 -0.01040698 -0.01020162
 -0.01039322 -0.01019685 -0.01037204 -0.01043115 -0.01035171 -0.01043856
 -0.0102214  -0.01037532 -0.01031988 -0.01038882 -0.01032738 -0.01027623
 -0.0104037  -0.01037062 -0.0104074  -0.01062258 -0.01047036 -0.01039996
 -0.01039355 -0.01034773 -0.01038663 -0.01034276 -0.01024496 -0.01050135
 -0.01056223 -0.0103286  -0.01056502 -0.01044786 -0.01010754 -0.01037584
 -0.01015582 -0.01043382 -0.01052824 -0.01038056 -0.01030643 -0.0103824
 -0.01056951 -0.01017215 -0.01057237 -0.01016752 -0.01055517 -0.0102917
 -0.01045098 -0.01040225 -0.01044843 -0.01062601 -0.01040738 -0.01039395
 -0.01031835 -0.01052125 -0.01022761 -0.01003678 -0.01045108 -0.0103247
 -0.01037525 -0.01030991 -0.01039628 -0.01019417 -0.01037653 -0.01036156
 -0.01032002 -0.01037003 -0.0102448  -0.01012454 -0.01072839 -0.01042021
 -0.01038169 -0.01040459 -0.01052941 -0.01035987 -0.01031191 -0.01032599
 -0.01045469 -0.01036038 -0.0103107  -0.01045143 -0.01038428 -0.01031887
 -0.01040589 -0.01029303 -0.01041241 -0.0102807  -0.0101985  -0.01040763
 -0.01051281 -0.01047264 -0.01017682 -0.01038551 -0.01045175 -0.01049769
 -0.01037734 -0.01049032 -0.01016874 -0.01032428 -0.01048969 -0.01042211
 -0.01046264 -0.01028666 -0.01030071 -0.01060737 -0.0103837  -0.010478
 -0.01040678 -0.01021024 -0.01033096 -0.01066012 -0.010386   -0.01015806
 -0.01029616 -0.0104383  -0.01033974 -0.01014946 -0.01034211 -0.01024828
 -0.01035949 -0.01023242 -0.01035865 -0.01022245 -0.01037703 -0.0104386
 -0.01056143 -0.01046464 -0.01035691 -0.01040462 -0.01041055 -0.01031955
 -0.01061157 -0.01046737 -0.01042759 -0.01040201 -0.01033221 -0.01035013
 -0.01020053 -0.01028644 -0.01043006 -0.01039174 -0.01024569 -0.01041558
 -0.01024438 -0.01036838 -0.01034353 -0.01038936 -0.01039161 -0.01033965
 -0.01036817 -0.01028732 -0.01046154 -0.01026255 -0.01063793 -0.01020213
 -0.01055377 -0.01023856 -0.01045405 -0.01040927 -0.01026289 -0.01034561
 -0.01034561 -0.01032517 -0.01051796 -0.01050371 -0.01015422 -0.01030257
 -0.01038299 -0.01034608 -0.01044652 -0.01022177 -0.01040265 -0.01020114
 -0.01031527 -0.01032307 -0.01050093 -0.01039865 -0.01048768 -0.01051082
 -0.01041358 -0.01023771 -0.01037425 -0.01040619 -0.01037149 -0.01028227
 -0.01033739 -0.01030972 -0.01053727 -0.01030798 -0.01029044 -0.01044018
 -0.0104638  -0.01021041 -0.01039531 -0.01032623 -0.01043489 -0.0103423
 -0.01024935 -0.01020517 -0.01026616 -0.01042974 -0.0103109  -0.01045277]"
Hawaiian Stir-Fry,"[""1 (16 oz.) can Fri Chik"", ""1 lb. rice"", ""2 Tbsp. vegetable oil"", ""4 oz. carrots, sliced"", ""4 oz. onions, diced"", ""20 oz. pineapple bits"", ""3/4 c. pineapple juice"", ""1/4 c. soy sauce"", ""2 pinches garlic powder"", ""2 Tbsp. cornstarch"", ""1/4 c. brown sugar"", ""1/4 c. lemon juice"", ""1/2 c. water chestnuts, sliced"", ""4 oz. snow peas""]","[""Add Fri Chik, pineapple and garlic powder into sauteed carrot and onions."", ""Mix pineapple juice, soy sauce, cornstarch, lemon juice and brown sugar."", ""Stir into hot mixture."", ""Cook until thickened."", ""Add water chestnuts and snow peas."", ""Serve onto rice.""]","[""snow peas"", ""soy sauce"", ""lemon juice"", ""water chestnuts"", ""brown sugar"", ""pineapple juice"", ""garlic powder"", ""pineapple bits"", ""cornstarch"", ""onions"", ""carrots"", ""rice"", ""vegetable oil""]","[-0.01109314 -0.01124347 -0.01127607 -0.01104696 -0.01112916 -0.0112056
 -0.01123616 -0.01104323 -0.01127164 -0.01123548 -0.01104906 -0.01128637
 -0.01116659 -0.01113806 -0.01117421 -0.01127485 -0.01113722 -0.01119534
 -0.0110699  -0.01091133 -0.01117645 -0.01150871 -0.011374   -0.01118667
 -0.01114015 -0.0111281  -0.01125552 -0.0112013  -0.0111914  -0.01135709
 -0.01109342 -0.01119224 -0.0109036  -0.01125424 -0.01097998 -0.01131375
 -0.0109618  -0.01125868 -0.01129517 -0.01094117 -0.01129067 -0.01124383
 -0.01078206 -0.0113036  -0.01095823 -0.01132765 -0.01125188 -0.01122327
 -0.01137589 -0.01125881 -0.0111439  -0.01128662 -0.01123115 -0.01121109
 -0.01113223 -0.01094715 -0.01118808 -0.01115604 -0.01114802 -0.01116296
 -0.01107157 -0.01110158 -0.01120504 -0.01133252 -0.01114291 -0.01108373
 -0.01115998 -0.01102909 -0.01129962 -0.01114757 -0.01129575 -0.01126477
 -0.01121693 -0.01112418 -0.01107563 -0.01121842 -0.01105447 -0.01109685
 -0.01116868 -0.01124554 -0.01131006 -0.01120868 -0.0111439  -0.01115578
 -0.01116085 -0.01102729 -0.01123296 -0.01117532 -0.01119132 -0.01089161
 -0.01132759 -0.01104987 -0.01105472 -0.01118902 -0.01115657 -0.0112221
 -0.01124553 -0.01107594 -0.01092385 -0.01113579 -0.0111972  -0.01115088
 -0.01107026 -0.01093546 -0.01133031 -0.01124616 -0.011294   -0.0112341
 -0.01107831 -0.01109876 -0.01112561 -0.01110943 -0.01091717 -0.01118035
 -0.01144103 -0.01101211 -0.01115955 -0.01126022 -0.01126534 -0.01129066
 -0.01129377 -0.01114274 -0.01124108 -0.01097038 -0.01120039 -0.01113851
 -0.01115073 -0.01109594 -0.01110419 -0.01135923 -0.01109321 -0.01112941
 -0.01115299 -0.01122577 -0.01126319 -0.01105448 -0.01101757 -0.01130282
 -0.01116398 -0.011304   -0.01126494 -0.01117531 -0.01111021 -0.01128543
 -0.01109382 -0.01109103 -0.01120649 -0.01105509 -0.01107984 -0.01113836
 -0.01107751 -0.01091295 -0.01143906 -0.01128029 -0.01120142 -0.01116322
 -0.0111749  -0.01127006 -0.0110046  -0.01116403 -0.01101525 -0.01121314
 -0.01117886 -0.01125024 -0.01109234 -0.01117382 -0.01112147 -0.01097143
 -0.01127543 -0.01086729 -0.01137468 -0.01098914 -0.01084408 -0.01122635
 -0.01130563 -0.01121474 -0.01131247 -0.01115696 -0.01103847 -0.01117314
 -0.01153086 -0.0113025  -0.01096757 -0.01136116 -0.01118524 -0.01135123
 -0.01121153 -0.0114327  -0.01106387 -0.01088357 -0.01128926 -0.01127533
 -0.01132062 -0.01120912 -0.01104307 -0.01126946 -0.01124773 -0.01111482
 -0.01106773 -0.01134223 -0.01114008 -0.01102789 -0.01110137 -0.0110741
 -0.01152636 -0.01115828 -0.01107771 -0.01118599 -0.01098487 -0.01124709
 -0.0112913  -0.01110329 -0.01097151 -0.01126458 -0.01120911 -0.01114412
 -0.01108495 -0.01111036 -0.01137074 -0.0112141  -0.01114436 -0.01109272
 -0.01143253 -0.01106773 -0.01105562 -0.01112861 -0.01124456 -0.01113566
 -0.01123298 -0.0108309  -0.01119219 -0.01133599 -0.01105995 -0.01125411
 -0.01129893 -0.01112024 -0.01105405 -0.01126647 -0.01110336 -0.01130946
 -0.01124813 -0.01115455 -0.01111342 -0.01133024 -0.01110114 -0.01118764
 -0.01120167 -0.01115269 -0.01119952 -0.01118986 -0.01111593 -0.01117381
 -0.01096588 -0.01137098 -0.01115656 -0.0112794  -0.01115405 -0.01124402
 -0.01111715 -0.01106011 -0.01111554 -0.01119734 -0.01089362 -0.01134666
 -0.01132043 -0.01108072 -0.01125412 -0.01121202 -0.01113594 -0.0112039
 -0.01121959 -0.01120177 -0.01129402 -0.01121042 -0.01134107 -0.01151722
 -0.01114296 -0.01122543 -0.01122953 -0.01135115 -0.01104385 -0.01114316
 -0.01149589 -0.01109901 -0.01132965 -0.0114388  -0.01123905 -0.01132635
 -0.0114344  -0.01108742 -0.01105821 -0.0109919  -0.01140764 -0.01124293
 -0.01104906 -0.01124997 -0.0110889  -0.0109606  -0.01104233 -0.01140827
 -0.01091482 -0.0112788  -0.01114175 -0.01109327 -0.01121318 -0.01125996
 -0.01120782 -0.01139122 -0.01297867 -0.01127022 -0.01142185 -0.01113025
 -0.01121473 -0.01101876 -0.01127304 -0.0114365  -0.01120774 -0.01108908
 -0.01120775 -0.01123522 -0.0109013  -0.01122046 -0.01119745 -0.01118094
 -0.01107547 -0.01124955 -0.01128358 -0.01111844 -0.01105187 -0.01126218
 -0.01116947 -0.01118487 -0.01105941 -0.01117415 -0.01121406 -0.01109592
 -0.01146333 -0.01123047 -0.011286   -0.01113108 -0.01113841 -0.01126599
 -0.01124688 -0.01123269 -0.01131382 -0.01121595 -0.01106732 -0.0111381
 -0.01122315 -0.01123682 -0.01127252 -0.01135158 -0.01087927 -0.01120821
 -0.01092785 -0.01143429 -0.01125778 -0.01106365 -0.01108143 -0.01115979
 -0.011166   -0.01118412 -0.01119672 -0.01105834 -0.01092502 -0.01107269
 -0.01128586 -0.01141511 -0.01106422 -0.01126431 -0.01133311 -0.01120898
 -0.01131779 -0.01123355 -0.01133518 -0.01137957 -0.01115823 -0.01110798
 -0.01138503 -0.01122184 -0.01118638 -0.01150366 -0.01121244 -0.01121351
 -0.01137718 -0.01128216 -0.01122576 -0.01116188 -0.01127555 -0.01122201
 -0.0112156  -0.01099403 -0.01123064 -0.01131711 -0.01143736 -0.01127247
 -0.01144061 -0.0112264  -0.01092182 -0.01114501 -0.01110222 -0.01113434
 -0.01116318 -0.01093895 -0.01121602 -0.01133851 -0.01114473 -0.01137747
 -0.01122909 -0.01125785 -0.01089078 -0.01125091 -0.01104654 -0.01119175
 -0.01132607 -0.01126345 -0.01105299 -0.01122148 -0.01116733 -0.01140102
 -0.01117474 -0.01129322 -0.01138444 -0.0111447  -0.01099303 -0.01108098
 -0.01104704 -0.01111325 -0.01112932 -0.01108062 -0.01119769 -0.0113036
 -0.01124731 -0.01144514 -0.01118167 -0.01113909 -0.01121336 -0.0108842
 -0.0110952  -0.01125883 -0.01120987 -0.01107292 -0.01116734 -0.01126246
 -0.01122204 -0.01127408 -0.01125865 -0.01100965 -0.01124636 -0.01114311
 -0.01113763 -0.01108809 -0.01126693 -0.01087882 -0.01110902 -0.01112833
 -0.01116148 -0.01099739 -0.01122385 -0.01113815 -0.01122969 -0.01120469
 -0.01137181 -0.01135208 -0.01096492 -0.01115728 -0.01127344 -0.01147149
 -0.0110538  -0.01134297 -0.01107719 -0.01112136 -0.01136213 -0.01090356
 -0.01129707 -0.01115575 -0.01142994 -0.01120197 -0.01129373 -0.01130777
 -0.01131416 -0.01113005 -0.01126998 -0.01120111 -0.01107848 -0.01112992
 -0.01125483 -0.01118447 -0.01115554 -0.0113427  -0.01112874 -0.01090554
 -0.01131444 -0.01131953 -0.01111357 -0.01126259 -0.01097961 -0.01119845
 -0.0112275  -0.01103258 -0.01114729 -0.01112363 -0.01126657 -0.01124559
 -0.01124294 -0.0108746  -0.01098551 -0.01124507 -0.01118321 -0.01124804
 -0.01125578 -0.01106279 -0.01102814 -0.01107229 -0.01093722 -0.01118446
 -0.01131584 -0.01126655 -0.01127803 -0.01140964 -0.01108106 -0.01142652
 -0.0111565  -0.0109738  -0.01109167 -0.01110465 -0.01112472 -0.01115243
 -0.01140815 -0.01117618 -0.01109986 -0.01121672 -0.01122766 -0.01100634
 -0.01115109 -0.01118821 -0.01129793 -0.01127845 -0.01126351 -0.0111505
 -0.01121936 -0.01107758 -0.01095857 -0.01095072 -0.01135977 -0.01130978
 -0.01101141 -0.01106001 -0.0110538  -0.01129205 -0.01118596 -0.01110289
 -0.01135998 -0.01134685 -0.01105132 -0.01105976 -0.01118489 -0.01104328
 -0.01128763 -0.01125616 -0.01116228 -0.01151187 -0.0111936  -0.0115625
 -0.01126221 -0.01115248 -0.01132655 -0.01125686 -0.01119101 -0.01109026
 -0.0111956  -0.01097152 -0.01111485 -0.01128476 -0.01120724 -0.0111976
 -0.01115661 -0.01103085 -0.0110589  -0.01128235 -0.01096452 -0.01128681
 -0.01119822 -0.01114611 -0.01124975 -0.01150227 -0.01118739 -0.01121504
 -0.01128194 -0.01110808 -0.01118474 -0.01129306 -0.01108889 -0.01128318
 -0.01143493 -0.01096537 -0.01129733 -0.01113658 -0.01103507 -0.01126808
 -0.01110496 -0.01118981 -0.01135165 -0.01112295 -0.01115864 -0.01109007
 -0.01152714 -0.01103702 -0.01139759 -0.01096072 -0.01125124 -0.01117798
 -0.01123996 -0.01112662 -0.01130305 -0.01132061 -0.0112645  -0.0109764
 -0.01112633 -0.01138983 -0.01107586 -0.01078959 -0.01114465 -0.01121161
 -0.01124487 -0.01116343 -0.01132554 -0.0108735  -0.01117594 -0.01135345
 -0.01104008 -0.01122291 -0.0111647  -0.01118627 -0.01142089 -0.01121782
 -0.011197   -0.01113794 -0.01149992 -0.01108372 -0.01115416 -0.01129401
 -0.01109125 -0.01127061 -0.01118896 -0.01117742 -0.01131954 -0.01121388
 -0.0111111  -0.01106676 -0.0113506  -0.01107545 -0.01092774 -0.01113748
 -0.01127606 -0.0112     -0.01096157 -0.01129193 -0.01112033 -0.01111719
 -0.01119328 -0.0115245  -0.01101179 -0.01121892 -0.01117623 -0.01128671
 -0.01102328 -0.01109804 -0.01121833 -0.01131148 -0.01126807 -0.01138759
 -0.01114198 -0.01106098 -0.01141662 -0.01140501 -0.01121306 -0.0110709
 -0.01106234 -0.01137344 -0.01121491 -0.011039   -0.01112377 -0.01106566
 -0.01142172 -0.01096397 -0.01128175 -0.01097596 -0.01137472 -0.01128397
 -0.01156636 -0.01135841 -0.01112237 -0.01098636 -0.01131466 -0.01117829
 -0.01132513 -0.01124159 -0.01130837 -0.01124225 -0.01119195 -0.01139091
 -0.01106443 -0.01131662 -0.01124239 -0.01125685 -0.01103242 -0.01123659
 -0.01113355 -0.01107975 -0.01112871 -0.01115828 -0.0113214  -0.01115004
 -0.01122467 -0.01105404 -0.01141165 -0.01130063 -0.01124793 -0.01106506
 -0.01140471 -0.01118919 -0.01121374 -0.01110134 -0.0110418  -0.01115012
 -0.01126915 -0.01121763 -0.01131302 -0.01127142 -0.01113617 -0.01107689
 -0.01127463 -0.01123304 -0.01116276 -0.01105273 -0.01126159 -0.01114535
 -0.01138882 -0.01096918 -0.01122644 -0.01131883 -0.01127724 -0.01125779
 -0.01105874 -0.01108193 -0.01126306 -0.0112967  -0.01113651 -0.01121974
 -0.01114289 -0.011015   -0.01127733 -0.01123554 -0.01107926 -0.01109124
 -0.01127484 -0.01120181 -0.01108629 -0.01122029 -0.01119386 -0.01116203
 -0.01110499 -0.01112158 -0.01120823 -0.0112831  -0.01114034 -0.01118057]"
Blueberry Yum-Yum,"[""1 large instant vanilla pudding"", ""3/4 c. sugar"", ""2 1/2 c. milk"", ""8 oz. sour cream"", ""1 small Cool Whip (half)"", ""1 can blueberry pie filling"", ""graham crackers""]","[""Put"", ""pudding, sugar and milk together."", ""Mixture will be soupy. Mix"", ""with"", ""blender,"", ""8"", ""ounces sour cream and 1/2 Cool Whip and add"", ""to"", ""pudding mixture."", ""Blend well."", ""Put layer of graham crackers"", ""in"", ""bottom"", ""of"", ""13"", ""x 9-inch pan, then 1/2 of pudding mixture,"", ""then"", ""another"", ""layer of graham crackers and then rest of pudding on top of that."", ""Last spread blueberries on top.""]","[""sour cream"", ""sugar"", ""vanilla pudding"", ""milk"", ""graham crackers"", ""blueberry pie filling""]","[-0.00985998 -0.00981319 -0.0095768  -0.00966587 -0.00972065 -0.00971659
 -0.00968592 -0.00952106 -0.00974936 -0.00958777 -0.00961705 -0.00993924
 -0.00964122 -0.0095406  -0.00990367 -0.00972171 -0.00966006 -0.00954556
 -0.00959919 -0.00952311 -0.00947225 -0.0099222  -0.00983612 -0.0097398
 -0.00948506 -0.00962321 -0.00962174 -0.00955096 -0.00973621 -0.00977954
 -0.00987157 -0.00981717 -0.0096465  -0.00959919 -0.00960394 -0.00965748
 -0.00976721 -0.00959071 -0.00982731 -0.00963745 -0.00976523 -0.00982702
 -0.00953167 -0.00985556 -0.00959807 -0.00994378 -0.00979781 -0.00971688
 -0.00976216 -0.01000739 -0.00980914 -0.00956337 -0.00973027 -0.00977502
 -0.00974841 -0.0096618  -0.00962968 -0.0097695  -0.00976272 -0.00971683
 -0.00994802 -0.00971649 -0.00967304 -0.00985225 -0.00979314 -0.00964076
 -0.00968612 -0.00961427 -0.01006624 -0.00966211 -0.00978945 -0.00978479
 -0.00969781 -0.00970683 -0.00972044 -0.00979256 -0.00966803 -0.00967116
 -0.00974049 -0.00965736 -0.00981549 -0.00986698 -0.00953352 -0.00944878
 -0.00975835 -0.00963559 -0.00983906 -0.00977776 -0.00979361 -0.0095631
 -0.00991579 -0.00973494 -0.00971984 -0.00973654 -0.00961157 -0.00978653
 -0.00982011 -0.00958702 -0.00968645 -0.00959832 -0.0097118  -0.00992419
 -0.00968193 -0.00956886 -0.00988428 -0.00979715 -0.00988513 -0.0098158
 -0.00979428 -0.00953622 -0.00961939 -0.00966387 -0.0095512  -0.00961584
 -0.0098475  -0.00951911 -0.0098243  -0.00975591 -0.00970788 -0.00965947
 -0.00978928 -0.009822   -0.00973321 -0.00961881 -0.00973293 -0.00977379
 -0.00976683 -0.00980467 -0.00972974 -0.00980518 -0.0096167  -0.0095836
 -0.009659   -0.00986267 -0.00981292 -0.00976976 -0.00958048 -0.00975056
 -0.00957164 -0.00994399 -0.00995569 -0.00962472 -0.00975848 -0.00971896
 -0.00966311 -0.00960211 -0.00980379 -0.00964547 -0.00981905 -0.00974722
 -0.00962619 -0.00952608 -0.00977008 -0.00987151 -0.0097169  -0.00969121
 -0.0099303  -0.00969263 -0.00958482 -0.00963507 -0.00966354 -0.00973303
 -0.00971707 -0.00981929 -0.00978781 -0.00973582 -0.00969513 -0.00942269
 -0.00979613 -0.00962683 -0.00971847 -0.00982252 -0.00937133 -0.00979868
 -0.00962993 -0.00974037 -0.00960391 -0.00970673 -0.00979909 -0.00963342
 -0.00998058 -0.0094765  -0.00962745 -0.00983059 -0.00964304 -0.00980753
 -0.00952395 -0.01000106 -0.0095117  -0.00969363 -0.00979785 -0.00980601
 -0.0098134  -0.00968724 -0.00969526 -0.00969101 -0.00979334 -0.00981532
 -0.00975311 -0.0097265  -0.0096306  -0.00966471 -0.00966084 -0.0096876
 -0.00992865 -0.00949329 -0.00966699 -0.00988856 -0.00966111 -0.00976425
 -0.00990481 -0.00966554 -0.00959566 -0.00980151 -0.00972763 -0.0097415
 -0.00973899 -0.00968668 -0.00974612 -0.00974324 -0.00963602 -0.00972166
 -0.01001303 -0.00955274 -0.0098214  -0.00970779 -0.00963762 -0.00991293
 -0.00964771 -0.00965707 -0.00971411 -0.00987022 -0.0097739  -0.00981872
 -0.00985665 -0.0094487  -0.00957977 -0.00974239 -0.00947576 -0.00976272
 -0.0097828  -0.0095778  -0.00964949 -0.00970818 -0.00986115 -0.00980052
 -0.00976218 -0.0098251  -0.00974709 -0.00976525 -0.00960396 -0.00963263
 -0.00972864 -0.00995091 -0.00966422 -0.00982503 -0.00971895 -0.0097951
 -0.00973421 -0.00962172 -0.00958579 -0.00974368 -0.00935996 -0.00991815
 -0.00986121 -0.00957085 -0.00983283 -0.00959731 -0.0097216  -0.00964585
 -0.00992413 -0.00981921 -0.00969059 -0.00967942 -0.00977042 -0.01000646
 -0.00967862 -0.00969204 -0.00968194 -0.00995924 -0.00969694 -0.00960954
 -0.01003844 -0.00978472 -0.00958599 -0.00997306 -0.00967206 -0.00966119
 -0.00986617 -0.00979579 -0.00976901 -0.00970545 -0.00981151 -0.00973125
 -0.00958317 -0.00975216 -0.00968672 -0.00947267 -0.00961406 -0.00969507
 -0.00950576 -0.0097745  -0.00974201 -0.0098509  -0.0097423  -0.00941727
 -0.00979386 -0.00975649 -0.01116031 -0.00994996 -0.00996279 -0.00969584
 -0.00951144 -0.00977164 -0.00982335 -0.00981372 -0.00992896 -0.00958382
 -0.00962785 -0.00980376 -0.00943302 -0.00978057 -0.00952317 -0.00976249
 -0.00960728 -0.00995347 -0.00980062 -0.00951789 -0.00973733 -0.00980095
 -0.00965095 -0.00975866 -0.0095955  -0.00958136 -0.00972701 -0.00980652
 -0.00998086 -0.00979789 -0.00979108 -0.00985309 -0.00971206 -0.0096775
 -0.00974564 -0.0098873  -0.00973337 -0.00990426 -0.00952281 -0.00965729
 -0.00973921 -0.00983522 -0.00971625 -0.00963464 -0.0095177  -0.00987449
 -0.00973206 -0.00985616 -0.00981666 -0.00967437 -0.00957024 -0.00972785
 -0.00980201 -0.00980112 -0.0095884  -0.00960784 -0.00941913 -0.0095503
 -0.00987289 -0.00988993 -0.0094951  -0.00973734 -0.00975424 -0.00969454
 -0.00982831 -0.00987656 -0.00979799 -0.00980741 -0.00972793 -0.00970174
 -0.00959464 -0.00996424 -0.00993307 -0.01012181 -0.00986187 -0.00974532
 -0.00992131 -0.00968818 -0.00978902 -0.00965312 -0.00977926 -0.00980927
 -0.00962185 -0.00966263 -0.009901   -0.00977458 -0.00969156 -0.00977037
 -0.00989383 -0.00980382 -0.00970434 -0.00984687 -0.00962062 -0.00979429
 -0.00962126 -0.0097123  -0.00953041 -0.00979892 -0.00966569 -0.00987511
 -0.00982592 -0.00969922 -0.00943125 -0.00983522 -0.00957687 -0.00983781
 -0.00999405 -0.00972379 -0.00948467 -0.00975105 -0.00965671 -0.00981564
 -0.00961757 -0.00975706 -0.00975589 -0.00984818 -0.0095997  -0.00948274
 -0.00964715 -0.00970192 -0.00982395 -0.00942723 -0.00974816 -0.00974474
 -0.00965976 -0.00983052 -0.00983509 -0.00970186 -0.00993402 -0.00969004
 -0.00974544 -0.0098149  -0.00980407 -0.00985315 -0.00976576 -0.00970081
 -0.00995112 -0.00999851 -0.00979909 -0.00958661 -0.00968413 -0.00955756
 -0.00967058 -0.00961508 -0.00976871 -0.00953118 -0.00971182 -0.00982016
 -0.00970154 -0.00960595 -0.0096474  -0.00982936 -0.00966484 -0.0099622
 -0.00974925 -0.0099333  -0.00966999 -0.00974767 -0.00964365 -0.00988771
 -0.00965011 -0.00988689 -0.0095844  -0.00962402 -0.00984696 -0.0094294
 -0.00968448 -0.00974021 -0.00997786 -0.00951332 -0.0096773  -0.00981686
 -0.00990537 -0.00972417 -0.00984287 -0.00949921 -0.00963822 -0.00992067
 -0.0097072  -0.00966858 -0.00964254 -0.00985818 -0.00964752 -0.00961824
 -0.0097058  -0.00971739 -0.00974416 -0.0098766  -0.00960596 -0.00961103
 -0.00991698 -0.00954713 -0.00973127 -0.00978897 -0.01008252 -0.00978577
 -0.00958782 -0.00968526 -0.00971174 -0.00973296 -0.0096258  -0.00989227
 -0.00980579 -0.00958342 -0.00953721 -0.00982738 -0.00959094 -0.0096844
 -0.00994169 -0.0097938  -0.0095463  -0.01004065 -0.00971165 -0.00977442
 -0.00973503 -0.009668   -0.00974958 -0.00972052 -0.00984805 -0.00964715
 -0.00993492 -0.00972971 -0.00964671 -0.00986379 -0.00971215 -0.00976393
 -0.00972503 -0.00958721 -0.00984158 -0.00968979 -0.00962009 -0.00982759
 -0.00964233 -0.00969978 -0.00976979 -0.00955429 -0.00995038 -0.0097941
 -0.00971006 -0.00962292 -0.00960422 -0.00972934 -0.009833   -0.00982
 -0.00982684 -0.00967913 -0.00964424 -0.00956668 -0.00982749 -0.00954095
 -0.00975596 -0.00971229 -0.00973646 -0.00986987 -0.00956385 -0.01000837
 -0.00972072 -0.00971496 -0.00985256 -0.00980381 -0.00982606 -0.0096907
 -0.00970707 -0.00948294 -0.00964395 -0.00989679 -0.00972455 -0.00964166
 -0.00965417 -0.00977129 -0.00980055 -0.00965487 -0.0095757  -0.00965351
 -0.00985614 -0.00963247 -0.00995355 -0.00997711 -0.00972911 -0.01000046
 -0.00966578 -0.00952873 -0.00988449 -0.009616   -0.00967747 -0.00982886
 -0.00979722 -0.00961214 -0.00982351 -0.00982153 -0.0095459  -0.00951251
 -0.00967342 -0.00944823 -0.00995315 -0.00954396 -0.00970659 -0.009629
 -0.00982915 -0.00958799 -0.00986738 -0.00944363 -0.00971123 -0.00957263
 -0.00965496 -0.00979192 -0.00972615 -0.0098208  -0.00969925 -0.00976069
 -0.00967726 -0.00967858 -0.00971422 -0.00948384 -0.00967314 -0.0097282
 -0.00968862 -0.00976424 -0.00970478 -0.009541   -0.00952741 -0.00988834
 -0.00953632 -0.00957312 -0.0094539  -0.00956888 -0.009924   -0.00969217
 -0.00954277 -0.00959486 -0.00979788 -0.00963741 -0.00969556 -0.00957829
 -0.0096803  -0.00988777 -0.00965075 -0.00979016 -0.00991265 -0.00971514
 -0.00963724 -0.0096247  -0.00969443 -0.00973003 -0.00942326 -0.00974254
 -0.00983512 -0.00968231 -0.00966389 -0.00969177 -0.00973982 -0.0096173
 -0.00978457 -0.00972178 -0.00973172 -0.00969858 -0.00962751 -0.00977251
 -0.0098469  -0.00965841 -0.00986079 -0.00970778 -0.0096888  -0.00976797
 -0.00985922 -0.00961941 -0.00987803 -0.00975949 -0.00995045 -0.00949949
 -0.0096137  -0.00964924 -0.00980205 -0.00955281 -0.00969675 -0.00961452
 -0.00984444 -0.00958976 -0.00976048 -0.00962493 -0.00977568 -0.00961474
 -0.00985419 -0.00971324 -0.00957991 -0.00989594 -0.00968917 -0.00989308
 -0.0098576  -0.00983549 -0.00958347 -0.00974714 -0.00984677 -0.00985428
 -0.00956051 -0.0098375  -0.00977798 -0.00958564 -0.00976045 -0.00960416
 -0.0094765  -0.00974988 -0.00984631 -0.00966871 -0.00980206 -0.00961353
 -0.00970888 -0.00970428 -0.00976458 -0.00973142 -0.00969664 -0.00960179
 -0.00994831 -0.00971461 -0.00998087 -0.00977261 -0.00968868 -0.00958646
 -0.0099111  -0.00978041 -0.00988475 -0.00975854 -0.00969659 -0.00955049
 -0.00988149 -0.00965939 -0.00973475 -0.0096097  -0.00965013 -0.00992721
 -0.00972454 -0.00960831 -0.00961253 -0.00967724 -0.00984783 -0.00961122
 -0.00981741 -0.0095119  -0.00998783 -0.00988676 -0.00961621 -0.00978646
 -0.00973531 -0.00979842 -0.01013092 -0.00975684 -0.00960642 -0.00966361
 -0.00976237 -0.01001865 -0.00969213 -0.00986334 -0.0098982  -0.00985883
 -0.0097499  -0.00982895 -0.00978381 -0.00976867 -0.00980806 -0.00971883]"
Sweet Potato Balls,"[""4 large or 1 large can sweet potatoes (yams)"", ""2 Tbsp. butter or margarine"", ""1 Tbsp. salt"", ""1/2 lb. pineapple juice (now if needed)"", ""1/2 c. brown sugar"", ""1/2 Tbsp. cinnamon"", ""1 medium can pineapple slices"", ""1 small can grated coconut"", ""1 large bag marshmallows""]","[""Mash sweet potatoes."", ""Add butter, salt, pineapple juice, brown sugar and cinnamon."", ""Place pineapple slices in large baking dish. Roll sweet potato mixture around a marshmallow to form a ball. Then roll sweet potato ball in coconut."", ""Place ball in the center of a pineapple slice."", ""Bake at 250\u00b0 until marshmallow melts or for 5 minutes."", ""Makes 1 to 2 dozen.""]","[""marshmallows"", ""brown sugar"", ""cinnamon"", ""grated coconut"", ""pineapple juice"", ""sweet potatoes"", ""butter"", ""pineapple"", ""salt""]","[-0.0105973  -0.01041981 -0.01056881 -0.01037425 -0.0104899  -0.01033173
 -0.01058755 -0.01024686 -0.01053768 -0.01046291 -0.01048323 -0.01042723
 -0.01043992 -0.01043748 -0.0105172  -0.01050158 -0.0104326  -0.01032892
 -0.01039568 -0.01029345 -0.01034385 -0.01060513 -0.01059658 -0.01055327
 -0.01032321 -0.01037789 -0.01056075 -0.01046871 -0.01045311 -0.01046804
 -0.01057489 -0.01050992 -0.01018764 -0.01038942 -0.01041337 -0.01065943
 -0.01045512 -0.01041789 -0.01062671 -0.01048468 -0.01041315 -0.01049137
 -0.01028993 -0.01059468 -0.01043679 -0.01053712 -0.01053518 -0.01039085
 -0.01057855 -0.01048692 -0.01040035 -0.01040201 -0.01050161 -0.01048775
 -0.01041473 -0.01039496 -0.01041406 -0.01051021 -0.01041683 -0.01050786
 -0.01056182 -0.01043373 -0.01039714 -0.01055209 -0.01058695 -0.01041038
 -0.01038992 -0.01032318 -0.01068217 -0.01049906 -0.0104824  -0.01052186
 -0.01047881 -0.01052221 -0.01031796 -0.01056474 -0.01044707 -0.01038193
 -0.01044056 -0.01045492 -0.01059142 -0.01047729 -0.01025124 -0.01037013
 -0.01054746 -0.01030568 -0.01058052 -0.0105189  -0.0106557  -0.01030883
 -0.01063012 -0.0104905  -0.0103772  -0.0103774  -0.01050344 -0.01056128
 -0.01055118 -0.01039788 -0.01038968 -0.01032084 -0.01048843 -0.01052295
 -0.01041648 -0.01022922 -0.01072747 -0.01048862 -0.01049148 -0.01047289
 -0.01042289 -0.01045372 -0.01041503 -0.01052483 -0.01021249 -0.01032533
 -0.01069017 -0.01037591 -0.01046294 -0.01031501 -0.01055736 -0.01054111
 -0.0104889  -0.01050701 -0.01039838 -0.01028137 -0.01031744 -0.01054217
 -0.01061614 -0.010471   -0.01048366 -0.01052799 -0.01047329 -0.01042519
 -0.01044064 -0.01046474 -0.01051162 -0.01038347 -0.0104565  -0.01037935
 -0.01026905 -0.01072061 -0.01057384 -0.0102859  -0.01042116 -0.01060274
 -0.01035313 -0.01061199 -0.01055143 -0.01035084 -0.01046107 -0.01042309
 -0.01043491 -0.01022525 -0.01067604 -0.01064725 -0.01034396 -0.01030756
 -0.0107249  -0.01049256 -0.01047435 -0.01040689 -0.0104144  -0.01045727
 -0.01053267 -0.01051427 -0.01058525 -0.010445   -0.01034426 -0.01027956
 -0.01057033 -0.0102361  -0.01041564 -0.01041644 -0.01008914 -0.01040519
 -0.01046109 -0.01040399 -0.01040866 -0.01040664 -0.01042604 -0.01032573
 -0.01079553 -0.01048351 -0.01026742 -0.01053246 -0.01056339 -0.01053386
 -0.0102836  -0.0107184  -0.01026624 -0.01038916 -0.01063923 -0.01045811
 -0.01048909 -0.010488   -0.01034699 -0.01050774 -0.01044653 -0.01055217
 -0.01024987 -0.01061147 -0.01037378 -0.01034051 -0.01036565 -0.01036582
 -0.01061043 -0.01035103 -0.01039703 -0.0105777  -0.01053246 -0.01049032
 -0.01056968 -0.01031669 -0.01025469 -0.01060551 -0.01045603 -0.01049463
 -0.01038444 -0.01038103 -0.01054004 -0.01056553 -0.01035157 -0.01046927
 -0.01068239 -0.01040915 -0.01052688 -0.01032517 -0.01044868 -0.01040957
 -0.01036287 -0.01036789 -0.01049099 -0.01057681 -0.01048871 -0.0104246
 -0.0106063  -0.01034653 -0.01036559 -0.01042242 -0.01038371 -0.01060735
 -0.01052878 -0.01036428 -0.0103388  -0.01052621 -0.01058913 -0.01045219
 -0.01041731 -0.01048225 -0.01029906 -0.01064834 -0.01040388 -0.01050766
 -0.01040831 -0.01058572 -0.0104014  -0.01047045 -0.01059686 -0.01045016
 -0.0103682  -0.01046243 -0.01043939 -0.01048288 -0.01014157 -0.01056294
 -0.01045613 -0.01030778 -0.01054573 -0.01045357 -0.01045935 -0.01051234
 -0.01052241 -0.01036404 -0.01037228 -0.01047267 -0.01054913 -0.0107736
 -0.01052113 -0.01036959 -0.01048639 -0.01066509 -0.01043862 -0.0103826
 -0.01064878 -0.01049673 -0.01035788 -0.01067545 -0.0105658  -0.01050861
 -0.01065606 -0.01040649 -0.01048796 -0.0102099  -0.01053488 -0.01070716
 -0.01039623 -0.01042757 -0.01044568 -0.01031343 -0.01042639 -0.01057744
 -0.01029079 -0.010379   -0.01054859 -0.01046928 -0.01047062 -0.01033606
 -0.01048038 -0.01051716 -0.01271613 -0.01056179 -0.01058096 -0.0105493
 -0.01030879 -0.0104815  -0.01071614 -0.01066947 -0.01051904 -0.01042835
 -0.01048463 -0.01046346 -0.01043374 -0.01054414 -0.01042378 -0.01052619
 -0.01052072 -0.01057522 -0.01053245 -0.01033527 -0.01043664 -0.01062725
 -0.01034957 -0.01041401 -0.0106148  -0.010393   -0.01045361 -0.01039862
 -0.01066566 -0.01056005 -0.01050772 -0.01049342 -0.01048103 -0.01037751
 -0.01038224 -0.01049933 -0.01055848 -0.01062728 -0.01026703 -0.01036261
 -0.0102855  -0.01043017 -0.01056586 -0.01042195 -0.0103125  -0.01063917
 -0.01028558 -0.01061093 -0.01050938 -0.01034388 -0.0102585  -0.01040461
 -0.01043716 -0.01056745 -0.01046058 -0.01030187 -0.01024203 -0.01035331
 -0.01055569 -0.01070055 -0.01037407 -0.0104966  -0.01058343 -0.01027808
 -0.01055238 -0.01050493 -0.01057496 -0.01053928 -0.01045726 -0.01036107
 -0.01049493 -0.01064994 -0.01052522 -0.01078247 -0.01051721 -0.01044162
 -0.01054245 -0.010545   -0.01039117 -0.01032878 -0.01053201 -0.01052845
 -0.01041969 -0.01031325 -0.01049377 -0.01044075 -0.01055608 -0.01057794
 -0.01064196 -0.01048733 -0.0103609  -0.01052367 -0.01036771 -0.01037666
 -0.0101794  -0.0102617  -0.01043391 -0.0105088  -0.01062457 -0.01051113
 -0.01057368 -0.01054065 -0.01034191 -0.01051608 -0.01046948 -0.01046363
 -0.01063777 -0.01047289 -0.01035454 -0.01052486 -0.01044514 -0.0104639
 -0.01030809 -0.01055245 -0.01060701 -0.01045926 -0.01027727 -0.01030487
 -0.01044441 -0.01044363 -0.01062162 -0.01036679 -0.01050439 -0.01053573
 -0.01045375 -0.01048661 -0.01041176 -0.0106343  -0.0103315  -0.0104216
 -0.01047154 -0.0105172  -0.01054599 -0.01039621 -0.01051159 -0.0104689
 -0.01061108 -0.01056991 -0.01055007 -0.01042389 -0.01042787 -0.01051989
 -0.01050177 -0.01044938 -0.01053901 -0.01025826 -0.01051859 -0.01043694
 -0.01038619 -0.0102917  -0.01046783 -0.01043866 -0.01039989 -0.01052904
 -0.01052899 -0.01058266 -0.01035829 -0.01051953 -0.01042717 -0.0105394
 -0.01038845 -0.01058975 -0.01035782 -0.01033222 -0.01044945 -0.01029815
 -0.01034537 -0.01047172 -0.01071431 -0.01036878 -0.01032295 -0.01062517
 -0.01050121 -0.01031443 -0.01051992 -0.01037601 -0.01041615 -0.01060082
 -0.01064306 -0.0104761  -0.01047244 -0.01067048 -0.01035441 -0.01048195
 -0.01030066 -0.01055469 -0.01061068 -0.01050943 -0.01027434 -0.01040231
 -0.01047438 -0.01038481 -0.01039563 -0.01056877 -0.01056699 -0.01057235
 -0.01042374 -0.01033752 -0.01030713 -0.01050474 -0.01050411 -0.01067658
 -0.01054153 -0.01036578 -0.01039858 -0.0105299  -0.01032944 -0.01050795
 -0.01059316 -0.01059666 -0.01041826 -0.01068874 -0.01051574 -0.01058287
 -0.01038646 -0.01034251 -0.0104681  -0.01044335 -0.0104471  -0.01043909
 -0.01067745 -0.01061711 -0.01041324 -0.01053698 -0.01047075 -0.01046611
 -0.01058381 -0.01054099 -0.01035655 -0.01038178 -0.0102671  -0.01044446
 -0.01049689 -0.01033955 -0.01037016 -0.01011201 -0.01065885 -0.01052745
 -0.01046543 -0.01048109 -0.01033681 -0.01065152 -0.01061017 -0.01044156
 -0.01061776 -0.0105618  -0.0104927  -0.01025317 -0.01047067 -0.01040783
 -0.01054977 -0.01040285 -0.01047417 -0.01067302 -0.01046419 -0.01076487
 -0.01055596 -0.01056907 -0.01058846 -0.01057077 -0.01058706 -0.01029717
 -0.01031911 -0.01029006 -0.01052409 -0.01060478 -0.01049177 -0.01049495
 -0.01028315 -0.01034328 -0.01043406 -0.0104552  -0.01023965 -0.01050932
 -0.01061808 -0.01050125 -0.01042738 -0.01077794 -0.01048618 -0.01043779
 -0.01048336 -0.01028187 -0.01064044 -0.01045582 -0.0104475  -0.01055483
 -0.01063653 -0.01049587 -0.01066711 -0.01034895 -0.01021309 -0.01036712
 -0.01053349 -0.01039282 -0.01051342 -0.01034557 -0.01048205 -0.0104136
 -0.01061772 -0.01045891 -0.01053392 -0.01031853 -0.01036692 -0.0105252
 -0.01053819 -0.01044375 -0.01052556 -0.01051623 -0.01064557 -0.01043844
 -0.01048364 -0.01061677 -0.01046959 -0.0103635  -0.01044501 -0.01042435
 -0.01033883 -0.01054489 -0.01042558 -0.01017391 -0.01042439 -0.01044862
 -0.01037061 -0.01043154 -0.01044291 -0.01032215 -0.01068239 -0.01053113
 -0.01045364 -0.01032685 -0.01052072 -0.01044873 -0.01050285 -0.01053791
 -0.01030545 -0.01053635 -0.01041106 -0.01045453 -0.01053932 -0.01038469
 -0.01046001 -0.01036027 -0.01059316 -0.01044464 -0.01039689 -0.01035174
 -0.01040583 -0.01067752 -0.01043485 -0.01044805 -0.01059553 -0.01052311
 -0.01053929 -0.01052677 -0.01036305 -0.01046546 -0.01043471 -0.01048879
 -0.01056458 -0.0104691  -0.01060862 -0.01036827 -0.0104859  -0.01053886
 -0.01036529 -0.01028487 -0.01066066 -0.01049225 -0.01054695 -0.0104904
 -0.01045935 -0.01066749 -0.01048576 -0.0101541  -0.01057575 -0.01031209
 -0.01069629 -0.01019932 -0.01063272 -0.01032921 -0.01060031 -0.01042166
 -0.01060403 -0.01042364 -0.01036315 -0.01048044 -0.01047868 -0.01048353
 -0.01044987 -0.01056035 -0.01054758 -0.01061632 -0.01051018 -0.0104948
 -0.01024513 -0.01046392 -0.01047302 -0.01042978 -0.01050071 -0.01037688
 -0.01041989 -0.01047946 -0.01048494 -0.01037157 -0.01056928 -0.0105052
 -0.01034652 -0.01050886 -0.01062732 -0.01047468 -0.01039978 -0.01035099
 -0.01059522 -0.01048871 -0.01059653 -0.01046226 -0.01030368 -0.01041105
 -0.01046695 -0.01072664 -0.01044363 -0.010476   -0.01035476 -0.01043815
 -0.01050732 -0.01044808 -0.01057187 -0.01040354 -0.01054771 -0.01045143
 -0.0106762  -0.01026557 -0.01051414 -0.01062831 -0.01061196 -0.01043253
 -0.01050056 -0.01048195 -0.0105945  -0.01052751 -0.010353   -0.01052894
 -0.01052429 -0.01037831 -0.01065989 -0.01044899 -0.01034969 -0.01031896
 -0.01056442 -0.01051721 -0.01053115 -0.01055009 -0.01046789 -0.01047605
 -0.01039766 -0.01052662 -0.01042159 -0.01045124 -0.01044959 -0.01051858]"
Peanut Butter Candy,"[""4 c. white sugar"", ""1 can evaporated milk"", ""2 Tbsp. margarine"", ""1 (7 oz.) jar marshmallow cream"", ""1 heaping c. peanut butter""]","[""Boil the first 3 ingredients together for 15 minutes."", ""Add the marshmallow cream and the peanut butter."", ""Beat until smooth.""]","[""white sugar"", ""marshmallow cream"", ""peanut butter"", ""margarine"", ""milk""]","[-0.00946789 -0.00925578 -0.00949169 -0.00926187 -0.00926057 -0.00929141
 -0.00939742 -0.00912447 -0.00939452 -0.009376   -0.0093702  -0.00933583
 -0.00928903 -0.00927455 -0.00933719 -0.00941403 -0.00937728 -0.00924791
 -0.00923794 -0.00918457 -0.00932033 -0.00952009 -0.00960769 -0.00942658
 -0.00920944 -0.00926539 -0.0094335  -0.00936261 -0.00932359 -0.00929498
 -0.00941498 -0.00933052 -0.00900162 -0.00930458 -0.00930335 -0.00953132
 -0.00940259 -0.00942708 -0.00958045 -0.00932912 -0.00931819 -0.00938683
 -0.00921155 -0.00948486 -0.00925988 -0.00939453 -0.00945952 -0.00934034
 -0.00943306 -0.00935462 -0.00938123 -0.00933304 -0.00939581 -0.00935225
 -0.00932879 -0.00928137 -0.00925372 -0.00936027 -0.00927578 -0.00935502
 -0.00943469 -0.00930374 -0.00928812 -0.00941963 -0.00951566 -0.0093498
 -0.00923883 -0.00922008 -0.0095672  -0.00948513 -0.00935676 -0.00933526
 -0.00939887 -0.00946397 -0.00920162 -0.00934979 -0.0092967  -0.00933698
 -0.00930387 -0.00936249 -0.00949592 -0.00934145 -0.00916834 -0.00924274
 -0.00950937 -0.0092107  -0.00941602 -0.00940035 -0.00943674 -0.00917857
 -0.00950373 -0.009356   -0.00931024 -0.00927412 -0.00943697 -0.00944529
 -0.00948791 -0.00932805 -0.00929623 -0.00930048 -0.00937055 -0.0094368
 -0.00944024 -0.00911462 -0.00961248 -0.00938374 -0.00942385 -0.009305
 -0.00925631 -0.00936622 -0.00927909 -0.00951842 -0.00912763 -0.00922337
 -0.00963005 -0.00930131 -0.00929772 -0.00922797 -0.00940295 -0.00936612
 -0.00938163 -0.00942334 -0.00930838 -0.00915929 -0.00921807 -0.00941153
 -0.00951835 -0.00936706 -0.00940267 -0.00940063 -0.00939854 -0.00931444
 -0.00933554 -0.00944174 -0.00933124 -0.00925793 -0.00926001 -0.00920267
 -0.00918633 -0.0095482  -0.00941621 -0.00914635 -0.0093526  -0.00950666
 -0.00916988 -0.0094591  -0.00939068 -0.00921002 -0.00929419 -0.00932429
 -0.00935161 -0.00909946 -0.00954869 -0.00958726 -0.00927083 -0.00926551
 -0.0094972  -0.00935178 -0.00935153 -0.00932076 -0.00930306 -0.00933557
 -0.00947001 -0.0094047  -0.00946834 -0.00929188 -0.00942361 -0.00922593
 -0.00943848 -0.00923882 -0.00933235 -0.00928257 -0.00903251 -0.0093197
 -0.00935182 -0.0092822  -0.00931655 -0.00935275 -0.00933582 -0.00927171
 -0.00965477 -0.009337   -0.00920619 -0.0094615  -0.00939495 -0.00944472
 -0.00916993 -0.00950666 -0.00908605 -0.00922351 -0.00952572 -0.00931779
 -0.0093123  -0.00940666 -0.00929345 -0.00941132 -0.00939404 -0.00942879
 -0.0091691  -0.00946905 -0.00920097 -0.00918141 -0.00926123 -0.00927107
 -0.00949807 -0.00928919 -0.009252   -0.00954366 -0.00942592 -0.00938924
 -0.00944731 -0.00926259 -0.00916285 -0.00948105 -0.00928396 -0.00934016
 -0.00930588 -0.00928617 -0.00946308 -0.00936035 -0.00933552 -0.00933389
 -0.00957803 -0.00931274 -0.00938307 -0.00921721 -0.0093826  -0.00921625
 -0.00928348 -0.00926227 -0.00941752 -0.00949677 -0.00931007 -0.00929052
 -0.00942216 -0.00923977 -0.00930835 -0.00939331 -0.00922446 -0.00955445
 -0.00950229 -0.00942202 -0.0092133  -0.00942594 -0.00948909 -0.00933799
 -0.00937086 -0.00937214 -0.00919999 -0.00949297 -0.00934003 -0.0094313
 -0.00930465 -0.00941752 -0.00933174 -0.00936165 -0.00944298 -0.00935201
 -0.00931673 -0.00925565 -0.00921976 -0.00934037 -0.00906269 -0.00946705
 -0.00938101 -0.00932755 -0.00948854 -0.00938492 -0.00941347 -0.00936593
 -0.00943098 -0.00928608 -0.00935037 -0.00931514 -0.00942036 -0.00960655
 -0.00937095 -0.0092193  -0.00936355 -0.00956435 -0.00934798 -0.00934893
 -0.0095496  -0.00938389 -0.00932545 -0.00955841 -0.00945273 -0.00951021
 -0.00950815 -0.00942802 -0.00936386 -0.00899904 -0.00943606 -0.00958712
 -0.00929958 -0.00930963 -0.00936693 -0.00920363 -0.00934817 -0.00943444
 -0.00916075 -0.00932207 -0.00945734 -0.00930222 -0.00930076 -0.00917701
 -0.00933156 -0.00953547 -0.01147091 -0.0093346  -0.00951219 -0.00954199
 -0.00930162 -0.00942479 -0.00960181 -0.009546   -0.0094624  -0.00935534
 -0.0093894  -0.00937985 -0.00927897 -0.0093811  -0.00925753 -0.00952845
 -0.00926758 -0.00949122 -0.00938736 -0.00919361 -0.00932518 -0.00949912
 -0.00922532 -0.00935342 -0.00948887 -0.00928746 -0.00940206 -0.00935127
 -0.00951559 -0.00943131 -0.00947469 -0.00942779 -0.00943662 -0.00930106
 -0.00925889 -0.00944444 -0.00947079 -0.00949811 -0.00915821 -0.00920486
 -0.00918791 -0.00927074 -0.00934738 -0.00936448 -0.00925554 -0.00948989
 -0.00921736 -0.00955213 -0.00947229 -0.00917509 -0.00916565 -0.00930546
 -0.0093532  -0.00948204 -0.00939725 -0.00916054 -0.00913802 -0.00923483
 -0.00947064 -0.00955738 -0.0092232  -0.00933306 -0.00950098 -0.00923232
 -0.00941796 -0.0093464  -0.00953574 -0.00948233 -0.00932321 -0.00930309
 -0.00946737 -0.00958189 -0.00942192 -0.00964086 -0.00946292 -0.00932559
 -0.00949068 -0.00955041 -0.00920838 -0.00931529 -0.00945733 -0.00936167
 -0.00932487 -0.00925024 -0.0093546  -0.00932031 -0.00948865 -0.00947609
 -0.0095301  -0.00946385 -0.00926317 -0.00942655 -0.00935514 -0.00934924
 -0.00913589 -0.009222   -0.00932355 -0.00933589 -0.00949744 -0.00944939
 -0.00952761 -0.00927906 -0.00919283 -0.00947688 -0.00932093 -0.00928498
 -0.0095557  -0.00948622 -0.00933908 -0.0094444  -0.00938712 -0.00944574
 -0.00922779 -0.00943508 -0.00954096 -0.00935483 -0.00920725 -0.00926525
 -0.00944406 -0.0094137  -0.00946224 -0.0092548  -0.00934477 -0.009485
 -0.00929699 -0.00930011 -0.00933307 -0.00953781 -0.00926131 -0.00930127
 -0.00933649 -0.00942208 -0.00940084 -0.00925089 -0.00935532 -0.00947108
 -0.0096188  -0.00948687 -0.00945252 -0.0092831  -0.00932331 -0.00933474
 -0.0093827  -0.00936194 -0.00936489 -0.00915244 -0.00931595 -0.00943361
 -0.00935983 -0.00924072 -0.00940192 -0.00938241 -0.00919628 -0.00936173
 -0.00937369 -0.00952596 -0.00921709 -0.00945978 -0.00932094 -0.00945848
 -0.00924199 -0.00953153 -0.00929537 -0.00915309 -0.00925134 -0.009089
 -0.0092681  -0.00936079 -0.00954966 -0.0092144  -0.00935163 -0.00952466
 -0.00945826 -0.00914718 -0.0094676  -0.0092698  -0.00930197 -0.00958271
 -0.00949699 -0.0093491  -0.0093108  -0.00956034 -0.00931826 -0.00938696
 -0.00916937 -0.00947289 -0.00947909 -0.00935688 -0.00919882 -0.00935501
 -0.00930454 -0.00920353 -0.00931463 -0.00949023 -0.00943838 -0.00948513
 -0.00929491 -0.00925224 -0.00915792 -0.0093236  -0.00951077 -0.00950999
 -0.00946862 -0.00920216 -0.00927933 -0.00932407 -0.0092033  -0.00931216
 -0.00946086 -0.0094378  -0.00936445 -0.00963685 -0.00938435 -0.00943161
 -0.00919712 -0.00913185 -0.00938735 -0.00931692 -0.00937206 -0.00934815
 -0.00960093 -0.00946673 -0.00933229 -0.00942504 -0.00935677 -0.00937916
 -0.0093518  -0.00938692 -0.00931744 -0.00923098 -0.00918536 -0.00938269
 -0.00937404 -0.00929649 -0.00920905 -0.00908033 -0.00962575 -0.00942145
 -0.0091804  -0.00934263 -0.00928025 -0.00956151 -0.00957352 -0.00929044
 -0.00948583 -0.00947025 -0.00937265 -0.00918686 -0.00926651 -0.00927556
 -0.00951736 -0.00933929 -0.00932106 -0.00960234 -0.00935389 -0.00954962
 -0.00951532 -0.00941822 -0.00953237 -0.00942948 -0.00949595 -0.00921511
 -0.00928999 -0.009131   -0.00942913 -0.00945877 -0.00932627 -0.0093993
 -0.00917468 -0.00923457 -0.00928585 -0.00934186 -0.00918532 -0.00928625
 -0.009446   -0.0093942  -0.0093911  -0.00960888 -0.00935621 -0.00930259
 -0.00942722 -0.00917536 -0.00952528 -0.00933642 -0.00935819 -0.00942975
 -0.00952405 -0.00929457 -0.0094506  -0.00922692 -0.00916756 -0.00926529
 -0.00936156 -0.00935595 -0.0094915  -0.00917576 -0.00931059 -0.00927767
 -0.0094805  -0.00929003 -0.00943546 -0.00920517 -0.00920079 -0.00934545
 -0.00948934 -0.00928252 -0.00943908 -0.00945319 -0.0095194  -0.009315
 -0.00941396 -0.00944775 -0.00929746 -0.00922632 -0.00936674 -0.00932974
 -0.00921    -0.00943949 -0.00932134 -0.00910372 -0.00929905 -0.00934689
 -0.00921507 -0.00933183 -0.00929938 -0.00923305 -0.00959871 -0.00938854
 -0.00937635 -0.0092767  -0.00946788 -0.00944443 -0.00936761 -0.0095171
 -0.00921047 -0.00942023 -0.00931582 -0.00935098 -0.00949267 -0.00931886
 -0.00930327 -0.00930433 -0.00951496 -0.00928267 -0.00934885 -0.00928368
 -0.00927147 -0.00948625 -0.00933767 -0.00939476 -0.00936028 -0.00937101
 -0.00937737 -0.00949667 -0.00913696 -0.00927424 -0.00920672 -0.00939747
 -0.00941746 -0.00937791 -0.00956499 -0.00924186 -0.00936734 -0.00946237
 -0.0092619  -0.00920038 -0.00961302 -0.00938913 -0.00943039 -0.00935382
 -0.00942135 -0.00970035 -0.00945299 -0.00914952 -0.0094402  -0.00917482
 -0.00960728 -0.00906527 -0.00952551 -0.00918509 -0.00948382 -0.00936391
 -0.00954141 -0.00932943 -0.00921909 -0.00937318 -0.00934748 -0.00939756
 -0.00938311 -0.00946248 -0.00936873 -0.00942636 -0.00942471 -0.00939701
 -0.00919302 -0.00934752 -0.00941344 -0.00941895 -0.00932652 -0.00936016
 -0.00940295 -0.00943339 -0.00940482 -0.00927954 -0.00944942 -0.00945614
 -0.00931455 -0.00937363 -0.00956355 -0.00942146 -0.0093756  -0.00922019
 -0.00945808 -0.00937877 -0.00947295 -0.00933831 -0.0092216  -0.00923832
 -0.00946515 -0.00948255 -0.00926543 -0.00940647 -0.00933944 -0.00926987
 -0.00937737 -0.00935756 -0.00954451 -0.00932043 -0.00937949 -0.00938728
 -0.00958045 -0.00918805 -0.00937074 -0.009483   -0.00940696 -0.00932702
 -0.00940801 -0.00931102 -0.00941665 -0.00948264 -0.00924943 -0.00940723
 -0.00937203 -0.00925664 -0.00961616 -0.00936203 -0.00923671 -0.00925564
 -0.00949393 -0.00945446 -0.00940046 -0.00943791 -0.00935763 -0.00933636
 -0.00929423 -0.00942531 -0.00925349 -0.00931091 -0.00934421 -0.00939318]"
Artichoke Egg Casserole(Serves 6)  ,"[""2 bunches green onions"", ""4 jars marinated artichoke hearts"", ""2 garlic cloves, crushed"", ""8 eggs, slightly beaten"", ""1 lb. sharp Cheddar cheese"", ""1 c. cracker crumbs""]","[""Chop artichoke hearts and use oil to saute onions."", ""Combine and put in greased Pyrex dish."", ""Bake at 350\u00b0 for 40 minutes.""]","[""green onions"", ""eggs"", ""cheddar cheese"", ""hearts"", ""cracker crumbs"", ""garlic""]","[-0.00926627 -0.00927458 -0.00920768 -0.00918879 -0.00903798 -0.00922096
 -0.00918841 -0.0090745  -0.00932689 -0.00935727 -0.00928379 -0.00949575
 -0.00934471 -0.00905097 -0.00934647 -0.00913296 -0.0092179  -0.00927556
 -0.00936612 -0.0090069  -0.00916531 -0.00946235 -0.00936708 -0.00909256
 -0.00905751 -0.00932907 -0.00947517 -0.00932592 -0.00918326 -0.00941401
 -0.00901972 -0.00923358 -0.00914098 -0.00932957 -0.00926016 -0.0093445
 -0.00914483 -0.00929253 -0.00943593 -0.00912378 -0.00948187 -0.00924511
 -0.00885296 -0.00937821 -0.00904469 -0.00923689 -0.00918545 -0.00948288
 -0.00939131 -0.00926116 -0.00913937 -0.00919684 -0.00943494 -0.00945866
 -0.00918412 -0.00886725 -0.00928733 -0.00943389 -0.00936381 -0.00926128
 -0.00934385 -0.00908852 -0.00935941 -0.00947046 -0.00925074 -0.00916714
 -0.00929427 -0.00912436 -0.00945163 -0.00902441 -0.00935328 -0.00927911
 -0.00928383 -0.00908788 -0.00918899 -0.00934413 -0.00932145 -0.00925948
 -0.00931897 -0.0093299  -0.00942344 -0.00914447 -0.00914541 -0.00912632
 -0.0092087  -0.00902112 -0.00946184 -0.00925844 -0.00930795 -0.00896759
 -0.00944541 -0.00909604 -0.00916008 -0.00923143 -0.0092176  -0.00929193
 -0.00935196 -0.0093165  -0.00916348 -0.00913227 -0.00938809 -0.00922002
 -0.00911118 -0.00905413 -0.00954212 -0.00920823 -0.00936474 -0.00914151
 -0.0092786  -0.00923517 -0.0091268  -0.00927008 -0.00917702 -0.00933725
 -0.00954489 -0.00930262 -0.0092017  -0.00933606 -0.00928666 -0.00950257
 -0.00928304 -0.00934161 -0.00920133 -0.00890025 -0.00930484 -0.00934978
 -0.00926886 -0.00909451 -0.00903439 -0.00938482 -0.0092262  -0.00910531
 -0.00922344 -0.00924823 -0.00943892 -0.00899548 -0.00915208 -0.0094282
 -0.00932052 -0.00935777 -0.00944845 -0.0094095  -0.00920979 -0.00929081
 -0.00908643 -0.0091905  -0.00921284 -0.00906463 -0.00914435 -0.00939646
 -0.00916738 -0.00912124 -0.00955432 -0.00935077 -0.00941502 -0.00927611
 -0.00931555 -0.00912866 -0.00914369 -0.00919133 -0.00906331 -0.00929405
 -0.00919062 -0.00922233 -0.00924969 -0.00927836 -0.00919964 -0.0091983
 -0.00928984 -0.00902099 -0.00941033 -0.00927825 -0.00895469 -0.00937494
 -0.00928538 -0.0093858  -0.00925896 -0.00916345 -0.00912822 -0.00921409
 -0.01000616 -0.00922474 -0.0090147  -0.00934923 -0.00913795 -0.00944541
 -0.00932651 -0.00944926 -0.00920219 -0.0092177  -0.00935812 -0.00923013
 -0.00947426 -0.00923501 -0.00917273 -0.00944202 -0.00941107 -0.00920298
 -0.00921879 -0.00927977 -0.00931182 -0.00913178 -0.00920148 -0.00926002
 -0.00939582 -0.00918338 -0.00918825 -0.00941444 -0.00917719 -0.00921161
 -0.00947072 -0.00903155 -0.00913832 -0.00932049 -0.00919426 -0.00921668
 -0.00913989 -0.00939797 -0.00949407 -0.00935392 -0.00932036 -0.00920375
 -0.00961264 -0.00898935 -0.00941045 -0.00912681 -0.00928314 -0.00925572
 -0.00931764 -0.00893038 -0.00911276 -0.00936311 -0.00895793 -0.00942035
 -0.00936067 -0.00918011 -0.00935598 -0.00913434 -0.00910402 -0.00948351
 -0.00940759 -0.00911863 -0.00909363 -0.00950773 -0.0092527  -0.00927074
 -0.00932951 -0.00914336 -0.00932765 -0.0094124  -0.00932494 -0.0094742
 -0.00911812 -0.00959391 -0.00931545 -0.00936348 -0.00916206 -0.00931336
 -0.00930523 -0.0091816  -0.00896907 -0.00926796 -0.00906583 -0.00945277
 -0.00945162 -0.00933507 -0.00923104 -0.0092151  -0.00933847 -0.00924484
 -0.0093003  -0.00943936 -0.00938905 -0.00932531 -0.00952672 -0.0093753
 -0.00922581 -0.00933711 -0.00934181 -0.00952621 -0.00913885 -0.00900722
 -0.00944398 -0.0090159  -0.00948589 -0.00939269 -0.00917503 -0.00951764
 -0.00949306 -0.00934117 -0.00923716 -0.00903438 -0.00954499 -0.00932222
 -0.00899355 -0.00926951 -0.00912668 -0.00922913 -0.00912868 -0.00956104
 -0.00914691 -0.00945743 -0.00920659 -0.00920902 -0.00947527 -0.00923587
 -0.009236   -0.00957237 -0.01014659 -0.00934654 -0.00941495 -0.00934888
 -0.00911249 -0.00939689 -0.00938097 -0.00949797 -0.00930188 -0.00921074
 -0.00924741 -0.0094478  -0.00880707 -0.00929874 -0.00927341 -0.00931206
 -0.00927148 -0.00946792 -0.00931425 -0.00917319 -0.00913499 -0.00937243
 -0.0092004  -0.00925314 -0.00898278 -0.00927524 -0.00939265 -0.0091299
 -0.00942498 -0.0092963  -0.00939024 -0.00933924 -0.00930726 -0.00935093
 -0.00920513 -0.00935729 -0.00944023 -0.00935128 -0.00914463 -0.00921727
 -0.00930813 -0.00940135 -0.009476   -0.00943149 -0.00898708 -0.00913208
 -0.00927661 -0.00946699 -0.00930949 -0.00911305 -0.00923859 -0.00924091
 -0.0092759  -0.00934182 -0.00911853 -0.00921242 -0.00899907 -0.00906255
 -0.00917889 -0.00949978 -0.00918031 -0.00934823 -0.00946184 -0.0092313
 -0.00931247 -0.00942009 -0.00946539 -0.00925591 -0.00930409 -0.00928291
 -0.00937518 -0.00928231 -0.00916715 -0.00959689 -0.00927798 -0.00949372
 -0.00944909 -0.00928151 -0.00928492 -0.00915008 -0.00936246 -0.00929659
 -0.00922698 -0.00938031 -0.00919757 -0.00931553 -0.00939767 -0.00935971
 -0.00950096 -0.00947979 -0.00910069 -0.00936018 -0.00913333 -0.00913981
 -0.00923918 -0.00921976 -0.00917729 -0.0093189  -0.00921103 -0.00932244
 -0.0095103  -0.00942528 -0.00882026 -0.00944581 -0.0091767  -0.00937535
 -0.00940306 -0.00933551 -0.00923759 -0.00928491 -0.0091816  -0.00960574
 -0.00915278 -0.00948593 -0.00935328 -0.00925082 -0.00917235 -0.00900516
 -0.00928749 -0.00924725 -0.00922243 -0.00907612 -0.0093375  -0.0092836
 -0.00932721 -0.00928441 -0.00922327 -0.00912067 -0.0091504  -0.00910808
 -0.00934527 -0.00934107 -0.00921461 -0.00923827 -0.00924457 -0.00933817
 -0.00925743 -0.00949543 -0.00941304 -0.00924631 -0.009288   -0.00912369
 -0.00937056 -0.0091434  -0.009484   -0.00897327 -0.00901238 -0.00941063
 -0.00919266 -0.00917327 -0.00947518 -0.00921906 -0.00925828 -0.0094295
 -0.00923643 -0.00958775 -0.00905669 -0.00930737 -0.00937145 -0.00949804
 -0.00917031 -0.00910821 -0.00922475 -0.00925425 -0.00955828 -0.00900747
 -0.00922817 -0.00919569 -0.00939989 -0.00918536 -0.00942656 -0.00942711
 -0.00922542 -0.00933884 -0.00937215 -0.00930324 -0.00913296 -0.00936758
 -0.00934703 -0.00905413 -0.00927329 -0.00945364 -0.00941628 -0.00902758
 -0.00924734 -0.00939928 -0.00915267 -0.00936172 -0.00896889 -0.00937853
 -0.00940728 -0.0091532  -0.00928217 -0.00940069 -0.0093871  -0.00932218
 -0.00916311 -0.00930959 -0.00908448 -0.00916978 -0.00915834 -0.00930103
 -0.00938763 -0.00913887 -0.00916874 -0.0092376  -0.00895924 -0.00926266
 -0.00933651 -0.00924811 -0.00933023 -0.00949188 -0.00914292 -0.0094986
 -0.00925249 -0.00920182 -0.00929432 -0.00912129 -0.00930573 -0.00928552
 -0.00944087 -0.00923467 -0.00917169 -0.00925612 -0.00932081 -0.0092117
 -0.009055   -0.00918989 -0.00960946 -0.00921725 -0.00934108 -0.00950515
 -0.00926148 -0.00920059 -0.00906451 -0.00913747 -0.009346   -0.00938017
 -0.00914152 -0.0092238  -0.00932382 -0.00937974 -0.00919776 -0.0093033
 -0.00930882 -0.00950782 -0.00914528 -0.0091331  -0.00925271 -0.00923803
 -0.00922662 -0.0091548  -0.00929715 -0.00963253 -0.00917203 -0.00949986
 -0.00933148 -0.00916515 -0.00951443 -0.00932293 -0.0094721  -0.00928092
 -0.00927066 -0.00905347 -0.00923172 -0.00934161 -0.00929507 -0.00919381
 -0.00922334 -0.00927256 -0.00909724 -0.00936441 -0.00923482 -0.00937821
 -0.00920678 -0.00908415 -0.00938808 -0.00959662 -0.00919296 -0.00937143
 -0.0092981  -0.00926572 -0.00930543 -0.0093454  -0.00910169 -0.00937776
 -0.00930034 -0.00908509 -0.00937012 -0.00926668 -0.00894226 -0.0092476
 -0.00916493 -0.00935338 -0.00952931 -0.00913914 -0.00912532 -0.00916417
 -0.00935709 -0.0090427  -0.00966664 -0.00915597 -0.00937584 -0.00912984
 -0.00949766 -0.00926188 -0.00932734 -0.0095894  -0.00945111 -0.00919798
 -0.00920186 -0.00957859 -0.00894334 -0.0089651  -0.00938272 -0.0092398
 -0.00932877 -0.00926141 -0.00924805 -0.00892558 -0.00913169 -0.00928751
 -0.00910309 -0.00929414 -0.00920589 -0.00910457 -0.00954111 -0.00943413
 -0.00953052 -0.00936261 -0.00957196 -0.00907999 -0.00932574 -0.00916336
 -0.00925831 -0.00942612 -0.00931447 -0.00916385 -0.00920029 -0.00924249
 -0.00918393 -0.0091352  -0.00943328 -0.00918972 -0.00903118 -0.00923659
 -0.00937667 -0.00938229 -0.00895129 -0.00924774 -0.00919993 -0.00937325
 -0.00927282 -0.00935988 -0.00909804 -0.00921237 -0.00925149 -0.00929331
 -0.00916981 -0.0091844  -0.00930455 -0.00947848 -0.00936103 -0.00966466
 -0.00934372 -0.00925987 -0.00926127 -0.00951659 -0.00928756 -0.00913635
 -0.00934252 -0.00951474 -0.00927085 -0.00922395 -0.00916965 -0.00907762
 -0.00949468 -0.00912768 -0.00937982 -0.00913466 -0.0093434  -0.00944175
 -0.00952106 -0.00944669 -0.0093865  -0.00925967 -0.00942104 -0.00938597
 -0.00951743 -0.00934801 -0.00936551 -0.00922636 -0.00903698 -0.00930711
 -0.0091586  -0.00934937 -0.0092443  -0.00928839 -0.00908218 -0.00943883
 -0.00925115 -0.00929572 -0.00940441 -0.00924215 -0.00931964 -0.0092307
 -0.00927215 -0.00913451 -0.00951562 -0.00936809 -0.00957096 -0.00901043
 -0.0095708  -0.00928137 -0.00932152 -0.00922658 -0.00923974 -0.00911875
 -0.00939094 -0.00919129 -0.00928328 -0.00943119 -0.00907747 -0.00917867
 -0.00939906 -0.00931576 -0.00930836 -0.00906877 -0.00922345 -0.00936245
 -0.00918443 -0.00909745 -0.00927584 -0.00933332 -0.00935245 -0.00924742
 -0.00928821 -0.00911135 -0.00927499 -0.00940796 -0.00928362 -0.00919689
 -0.00920585 -0.00915405 -0.00957193 -0.0093162  -0.00905893 -0.00933119
 -0.00922885 -0.00932625 -0.00932968 -0.0092631  -0.00921902 -0.0092819
 -0.00924438 -0.00939531 -0.0091974  -0.0091669  -0.00921931 -0.00928202]"
Plant Fertilizer,"[""1 pkg. Knox gelatine"", ""1 c. warm water"", ""3 c. cool water""]","[""Dissolve gelatine in warm water."", ""Add cool water."", ""Water plants with this about every six weeks.""]","[""gelatine"", ""water""]","[-0.00852166 -0.0085466  -0.00859636 -0.00836349 -0.00833259 -0.00843457
 -0.00853704 -0.00830782 -0.00840448 -0.00854714 -0.00850725 -0.00844779
 -0.00848742 -0.0084138  -0.00849103 -0.00831359 -0.00867443 -0.00836169
 -0.00846855 -0.00828694 -0.00848944 -0.00863004 -0.0084702  -0.00841451
 -0.00829451 -0.0085126  -0.00859454 -0.00831513 -0.0085337  -0.00848841
 -0.00853329 -0.00842321 -0.00833257 -0.00839217 -0.00842388 -0.00867965
 -0.00854228 -0.00847805 -0.00875937 -0.00850546 -0.0087247  -0.00844083
 -0.00841321 -0.00849106 -0.0084632  -0.00844938 -0.00850629 -0.00850503
 -0.00860595 -0.00843512 -0.00855982 -0.00846798 -0.00854923 -0.00836203
 -0.00845766 -0.00822464 -0.00838591 -0.0085324  -0.00846764 -0.00847163
 -0.00852003 -0.00863302 -0.00856472 -0.00837461 -0.00828502 -0.00844366
 -0.00840552 -0.00846961 -0.00868365 -0.00849316 -0.00864466 -0.00853103
 -0.00852734 -0.00846497 -0.00836658 -0.00846429 -0.00866161 -0.00854777
 -0.00852915 -0.00853803 -0.00847361 -0.00839225 -0.00860289 -0.00843704
 -0.00847566 -0.00835147 -0.00857513 -0.00826521 -0.00862628 -0.00857757
 -0.0083769  -0.00855183 -0.00852695 -0.00844134 -0.0085185  -0.00852702
 -0.00858833 -0.00843255 -0.00844708 -0.00839066 -0.00856298 -0.00846725
 -0.00848277 -0.00831698 -0.00858785 -0.00853836 -0.0086695  -0.00857429
 -0.00853691 -0.00834662 -0.00840258 -0.00838269 -0.00840947 -0.00863828
 -0.00861546 -0.00825765 -0.00844918 -0.00841748 -0.00836057 -0.00834065
 -0.00845616 -0.00859102 -0.00857488 -0.00820585 -0.00866468 -0.00853098
 -0.00856268 -0.00848707 -0.00835993 -0.00844897 -0.00839875 -0.00831245
 -0.0085017  -0.00862705 -0.00852856 -0.0085558  -0.00840156 -0.0084495
 -0.00829835 -0.0086036  -0.00865721 -0.00846242 -0.0083583  -0.00861361
 -0.0084822  -0.00838091 -0.00855519 -0.00843525 -0.00842167 -0.00851453
 -0.00840404 -0.00833959 -0.00866144 -0.00848592 -0.0086429  -0.00851331
 -0.0083401  -0.00843111 -0.00863045 -0.00850775 -0.00838197 -0.00849385
 -0.00842534 -0.0084014  -0.00863039 -0.00855412 -0.00849532 -0.00824239
 -0.00846946 -0.00851554 -0.00854752 -0.00859058 -0.00823552 -0.00854172
 -0.0084497  -0.00844176 -0.00851763 -0.00849099 -0.00848559 -0.00827717
 -0.00880529 -0.0082118  -0.00832823 -0.00849862 -0.00842218 -0.00852123
 -0.00815567 -0.0086999  -0.00819147 -0.00852043 -0.00856254 -0.00857335
 -0.00869491 -0.0084955  -0.008423   -0.00847499 -0.00839526 -0.00873557
 -0.00847037 -0.00868535 -0.00842217 -0.00843581 -0.00845236 -0.00850303
 -0.00884767 -0.00852947 -0.00843416 -0.00865761 -0.00841006 -0.00841004
 -0.00857081 -0.00836532 -0.0083986  -0.00866564 -0.00836688 -0.0085774
 -0.00857277 -0.00833738 -0.00864335 -0.00847114 -0.00840293 -0.00855725
 -0.00865791 -0.00832817 -0.00871079 -0.00840252 -0.00827    -0.0086248
 -0.0083487  -0.00847219 -0.0084579  -0.00856826 -0.00831867 -0.00853427
 -0.00857778 -0.00832494 -0.00854994 -0.00843875 -0.00852876 -0.00858302
 -0.00862688 -0.00849546 -0.00847967 -0.00855682 -0.00850913 -0.00847563
 -0.00842171 -0.00863857 -0.00846441 -0.0085741  -0.00832031 -0.00869537
 -0.00833273 -0.00862854 -0.0085077  -0.00859563 -0.00857399 -0.00858511
 -0.00828952 -0.00849537 -0.00849789 -0.00858464 -0.00821639 -0.00852522
 -0.00853685 -0.00847304 -0.00841894 -0.00865597 -0.00841999 -0.00858654
 -0.00839637 -0.00850749 -0.00852055 -0.00847776 -0.0085947  -0.00869404
 -0.00838088 -0.00850085 -0.00866129 -0.00843406 -0.00848909 -0.00843331
 -0.00873001 -0.00857912 -0.00851571 -0.00856968 -0.0086483  -0.00849517
 -0.00847998 -0.00859532 -0.00866287 -0.00829507 -0.00869256 -0.00849967
 -0.00842739 -0.0084716  -0.00850003 -0.00845454 -0.00831992 -0.00878548
 -0.00850768 -0.00862796 -0.00859011 -0.00836956 -0.00862851 -0.00841977
 -0.0085009  -0.0086296  -0.01040502 -0.00847581 -0.00842276 -0.00855115
 -0.00821818 -0.00853903 -0.00859323 -0.00842749 -0.00869494 -0.00849124
 -0.00850651 -0.00844857 -0.00828184 -0.0084259  -0.0083897  -0.0085797
 -0.00820485 -0.0086127  -0.00853827 -0.00830237 -0.00842558 -0.00874326
 -0.00846392 -0.00845045 -0.00855682 -0.00844371 -0.00845427 -0.00836422
 -0.00872136 -0.00857904 -0.00852519 -0.00859546 -0.00862422 -0.00838235
 -0.00848432 -0.00856845 -0.00866176 -0.00858579 -0.00827521 -0.00844172
 -0.00839647 -0.00836154 -0.00846842 -0.00822824 -0.00842399 -0.00855259
 -0.00843903 -0.00846295 -0.00849172 -0.0082819  -0.00826454 -0.00846094
 -0.00838396 -0.00867093 -0.00853234 -0.00838247 -0.00823606 -0.0084104
 -0.00856159 -0.00868359 -0.00847037 -0.00843311 -0.0087241  -0.00833682
 -0.0086797  -0.00849228 -0.00865808 -0.00873604 -0.00854771 -0.00860002
 -0.0085871  -0.00847915 -0.00847039 -0.00880174 -0.00855915 -0.00843727
 -0.00860034 -0.00868984 -0.00841437 -0.00858286 -0.00853735 -0.00846223
 -0.00830678 -0.00845544 -0.00833396 -0.00849255 -0.00859937 -0.00876657
 -0.00868845 -0.0084653  -0.00831173 -0.00865973 -0.00821831 -0.00845521
 -0.00825228 -0.0084381  -0.00833294 -0.00862294 -0.00832838 -0.00847483
 -0.00849249 -0.00848024 -0.00834889 -0.00854912 -0.00838746 -0.00865171
 -0.00869877 -0.00842593 -0.00850296 -0.00860156 -0.00825613 -0.00844392
 -0.00833207 -0.00850877 -0.00866264 -0.00847575 -0.00842352 -0.00823154
 -0.00822085 -0.00841426 -0.00852638 -0.00833718 -0.00845413 -0.00862548
 -0.00846559 -0.00850829 -0.00841668 -0.00856881 -0.00852031 -0.00853343
 -0.0085287  -0.00846725 -0.00864673 -0.00848639 -0.00859158 -0.0084953
 -0.0086022  -0.00840682 -0.00862646 -0.008457   -0.00852265 -0.00861234
 -0.00854956 -0.00863811 -0.00836558 -0.00828517 -0.00852277 -0.00846169
 -0.00830373 -0.00842803 -0.00848246 -0.00857194 -0.00846367 -0.00855692
 -0.00867218 -0.00876605 -0.00842933 -0.00852536 -0.0084802  -0.00877327
 -0.00829189 -0.00853558 -0.00845096 -0.00857028 -0.00859633 -0.0082339
 -0.00822377 -0.00845866 -0.00869542 -0.00815295 -0.0083456  -0.00861201
 -0.00863838 -0.00851416 -0.00855619 -0.00838609 -0.008444   -0.00862048
 -0.00866468 -0.00845167 -0.00839273 -0.0086836  -0.00856778 -0.00838169
 -0.00841942 -0.00866707 -0.00857758 -0.00869117 -0.00839034 -0.00840873
 -0.00850648 -0.00864836 -0.00831356 -0.00867247 -0.00854314 -0.00853461
 -0.00836071 -0.0083813  -0.00836787 -0.00847109 -0.00847107 -0.00856882
 -0.00849429 -0.00841184 -0.00848442 -0.00863103 -0.00861574 -0.00844693
 -0.00870913 -0.0084665  -0.00833061 -0.00863686 -0.00858279 -0.00853016
 -0.00859886 -0.00830961 -0.00849025 -0.00827881 -0.00856615 -0.00866728
 -0.00854915 -0.00853722 -0.00846797 -0.0084938  -0.00849549 -0.00851511
 -0.00839247 -0.00852289 -0.00868238 -0.0083964  -0.00849815 -0.00843631
 -0.0083907  -0.00839956 -0.00834607 -0.00819607 -0.00854706 -0.00841156
 -0.00852184 -0.00855191 -0.00855396 -0.00863246 -0.00856996 -0.00855783
 -0.00833596 -0.0086264  -0.00847628 -0.008433   -0.00844202 -0.00833019
 -0.00851445 -0.00840904 -0.00876418 -0.00865759 -0.00841603 -0.00881098
 -0.00860295 -0.00848414 -0.00863304 -0.00833158 -0.00854471 -0.00833977
 -0.00853258 -0.00820785 -0.00828733 -0.00876213 -0.0086093  -0.00844286
 -0.00825019 -0.00855452 -0.0083517  -0.00847741 -0.00841955 -0.00847612
 -0.00849713 -0.00845903 -0.00843337 -0.00870215 -0.00849545 -0.00864688
 -0.0085777  -0.00834259 -0.00831103 -0.00850771 -0.0084568  -0.00853621
 -0.00876012 -0.00849327 -0.00883037 -0.00858065 -0.00821469 -0.00843683
 -0.00860959 -0.00858495 -0.00850799 -0.00821848 -0.00861004 -0.00847733
 -0.00849279 -0.00848491 -0.00857369 -0.00821132 -0.00838643 -0.00855069
 -0.0085011  -0.00835949 -0.00836999 -0.00856529 -0.00869075 -0.00862197
 -0.00861371 -0.00849473 -0.00835936 -0.00834962 -0.00862351 -0.00832975
 -0.00852618 -0.00853012 -0.00832061 -0.00835723 -0.00827383 -0.00853037
 -0.0083368  -0.00851013 -0.00847368 -0.00828425 -0.00848979 -0.00849398
 -0.00837684 -0.00854388 -0.00845898 -0.00843158 -0.00840273 -0.00835026
 -0.00836822 -0.00850251 -0.00839911 -0.00850314 -0.00852317 -0.00844824
 -0.00841226 -0.0083361  -0.00833003 -0.00839893 -0.00848656 -0.00839284
 -0.00857402 -0.00847115 -0.00853525 -0.00826665 -0.00850724 -0.0085486
 -0.00853192 -0.00840594 -0.00839108 -0.00846243 -0.00830486 -0.00845309
 -0.00845816 -0.00840851 -0.00854807 -0.00839084 -0.00858115 -0.00858506
 -0.00848371 -0.00833104 -0.00857184 -0.0088715  -0.00866892 -0.00850473
 -0.00845304 -0.00867468 -0.00851854 -0.00832506 -0.00854404 -0.00839777
 -0.00864203 -0.00845551 -0.00852852 -0.0083882  -0.00844971 -0.00852153
 -0.00866545 -0.00859462 -0.0085333  -0.00852871 -0.00852914 -0.00854182
 -0.00847703 -0.00857133 -0.00855343 -0.0084659  -0.00837436 -0.00833374
 -0.00848972 -0.00836195 -0.00850683 -0.00855123 -0.00855755 -0.00862816
 -0.00839947 -0.00841414 -0.00849312 -0.00849557 -0.00864851 -0.00847176
 -0.00834206 -0.00842199 -0.00859386 -0.00843317 -0.00834738 -0.00848444
 -0.00878946 -0.00840293 -0.00854701 -0.00842728 -0.0085322  -0.00848071
 -0.00848529 -0.008569   -0.00848456 -0.00864953 -0.00843714 -0.00823785
 -0.00858266 -0.00844148 -0.00856116 -0.00833253 -0.00838184 -0.0083675
 -0.00855953 -0.00825945 -0.00879015 -0.00852168 -0.0085735  -0.00839347
 -0.00868613 -0.0084536  -0.00866884 -0.00855372 -0.00850198 -0.00856847
 -0.00849836 -0.00858055 -0.00856461 -0.00857413 -0.00850373 -0.00848333
 -0.0085678  -0.00854816 -0.00846402 -0.008581   -0.00849318 -0.00833516
 -0.00834352 -0.00862195 -0.0084875  -0.0085466  -0.00857311 -0.00852716]"
Fruit Punch,"[""1 large can pineapple juice"", ""2 regular size or 1 large size ginger ale""]","[""Chill pineapple juice until nearly frozen. Place juice in punch bowl and add the ginger ale. Stir and serve. Makes 24 (4 ounce) servings or 12 (8 ounce) servings.""]","[""pineapple juice"", ""regular""]","[-0.00874035 -0.00868703 -0.00878836 -0.00854317 -0.0087281  -0.00858503
 -0.00864777 -0.00847682 -0.00879689 -0.00865707 -0.00869168 -0.0087043
 -0.00858882 -0.0086739  -0.00870977 -0.00880431 -0.00863852 -0.0085267
 -0.00851846 -0.0086022  -0.00864709 -0.00882534 -0.00873915 -0.00874151
 -0.00854202 -0.00861992 -0.00880187 -0.00861994 -0.00872813 -0.0086458
 -0.00880421 -0.00869059 -0.00841333 -0.00863872 -0.00861685 -0.00879545
 -0.00866565 -0.0087168  -0.00878384 -0.00856693 -0.00872135 -0.00869642
 -0.00850173 -0.00875143 -0.00863142 -0.0087479  -0.00878134 -0.00864813
 -0.0089225  -0.00870441 -0.00866542 -0.0085932  -0.00874842 -0.00870915
 -0.00859221 -0.00858808 -0.00863633 -0.00861444 -0.00864822 -0.00870188
 -0.0086755  -0.00869246 -0.00868673 -0.00872183 -0.00872576 -0.00861592
 -0.00851834 -0.0086219  -0.00888457 -0.00863834 -0.00863617 -0.00869026
 -0.00872997 -0.00870481 -0.00860304 -0.00880701 -0.00860336 -0.00863267
 -0.00868107 -0.00861052 -0.0086668  -0.00872632 -0.0085566  -0.00856915
 -0.00877177 -0.00855018 -0.00874326 -0.00873214 -0.00876578 -0.00860448
 -0.00885162 -0.00861579 -0.0086016  -0.00863559 -0.00876038 -0.0087373
 -0.00875172 -0.00861244 -0.00860637 -0.00869447 -0.00877242 -0.00877002
 -0.00866274 -0.00848208 -0.00886201 -0.00868896 -0.00878055 -0.00868115
 -0.00858792 -0.00866291 -0.00861864 -0.00871244 -0.00842145 -0.00855103
 -0.00883751 -0.00856726 -0.00867749 -0.00860033 -0.00878805 -0.00866662
 -0.00866555 -0.00871602 -0.0086057  -0.00850871 -0.00855896 -0.00874808
 -0.00873588 -0.00866699 -0.00869082 -0.00878129 -0.00862843 -0.00868416
 -0.00862174 -0.00864872 -0.00869173 -0.0086198  -0.00863766 -0.00860326
 -0.00853443 -0.00887403 -0.00882456 -0.00847444 -0.00869702 -0.0088447
 -0.00863907 -0.00868136 -0.0086723  -0.00855934 -0.00861283 -0.00867472
 -0.00858895 -0.00847736 -0.00889682 -0.00882547 -0.00857132 -0.0085518
 -0.00876144 -0.00868211 -0.00874505 -0.00869716 -0.00859083 -0.00862638
 -0.00868703 -0.00871848 -0.00875464 -0.00865357 -0.00861729 -0.00848331
 -0.00869137 -0.00862041 -0.00869129 -0.00863593 -0.00841273 -0.0087142
 -0.00870528 -0.00867    -0.00863562 -0.00863868 -0.00864101 -0.00854066
 -0.00897131 -0.00865014 -0.00859583 -0.00880901 -0.00867838 -0.00865774
 -0.00853941 -0.00877718 -0.00843669 -0.00855578 -0.00874133 -0.00865878
 -0.00870983 -0.00873312 -0.00866137 -0.00867471 -0.00875969 -0.00867927
 -0.0085376  -0.00876903 -0.00854239 -0.00854338 -0.00856414 -0.00861022
 -0.00881803 -0.0086233  -0.00851108 -0.00880111 -0.00869191 -0.00864355
 -0.00885609 -0.00857037 -0.00848247 -0.00879723 -0.0086108  -0.00861947
 -0.00859658 -0.00868305 -0.00876132 -0.00872438 -0.0085735  -0.0086657
 -0.00885707 -0.00859741 -0.00873061 -0.00861117 -0.00861755 -0.0086148
 -0.0085644  -0.00860727 -0.00873707 -0.00879892 -0.00872611 -0.00857179
 -0.00883166 -0.00855439 -0.00858903 -0.00865096 -0.00861036 -0.00880365
 -0.00872028 -0.00867152 -0.00861508 -0.00868035 -0.0087723  -0.00869368
 -0.00870085 -0.00871143 -0.00853245 -0.00880502 -0.00860058 -0.00863558
 -0.0086048  -0.0087179  -0.00861967 -0.00870298 -0.00876325 -0.00869186
 -0.00857809 -0.00859933 -0.00867535 -0.00870568 -0.0084229  -0.00879194
 -0.0086922  -0.00849821 -0.00879345 -0.00880021 -0.008697   -0.00864668
 -0.00877351 -0.00865462 -0.00872113 -0.00872906 -0.00872361 -0.00886464
 -0.00873188 -0.00863422 -0.00865147 -0.008778   -0.00864015 -0.00871167
 -0.0087965  -0.00866934 -0.00861328 -0.00892424 -0.00878315 -0.00872724
 -0.00878349 -0.00869619 -0.00863496 -0.00847113 -0.00877075 -0.0087758
 -0.00851161 -0.00870487 -0.00867827 -0.00847451 -0.00875344 -0.00875701
 -0.00845196 -0.00861689 -0.00877934 -0.00867491 -0.00860669 -0.00853591
 -0.00875554 -0.00869519 -0.01104443 -0.00881082 -0.00876864 -0.00870193
 -0.0086272  -0.00865128 -0.00891986 -0.00888401 -0.00871524 -0.00867369
 -0.008707   -0.00869944 -0.00858437 -0.00867369 -0.00871617 -0.00875952
 -0.00868136 -0.00881325 -0.0087118  -0.00852564 -0.00869665 -0.00880906
 -0.00859546 -0.00868588 -0.00878812 -0.00866741 -0.00863922 -0.00863556
 -0.00879247 -0.00869231 -0.00874782 -0.00869863 -0.0087011  -0.00859868
 -0.00861825 -0.00875381 -0.00878322 -0.00882239 -0.00846679 -0.00850759
 -0.00851707 -0.00869696 -0.00870738 -0.00866294 -0.00859181 -0.00880277
 -0.00859314 -0.00881432 -0.00877313 -0.00853423 -0.00845269 -0.00862904
 -0.00871112 -0.00876268 -0.00869574 -0.00852074 -0.00847269 -0.00867356
 -0.008713   -0.00887575 -0.00860674 -0.00868513 -0.00869585 -0.00856334
 -0.0088059  -0.00864977 -0.00873128 -0.0088144  -0.00868356 -0.00856215
 -0.00875545 -0.00888697 -0.00872944 -0.00900647 -0.00876582 -0.0086374
 -0.0088161  -0.00870593 -0.00867177 -0.0086288  -0.00866824 -0.00870919
 -0.00856144 -0.00855743 -0.00868398 -0.00866957 -0.00873414 -0.00878335
 -0.00891731 -0.00868757 -0.0085288  -0.00877459 -0.00861082 -0.00865101
 -0.00851125 -0.00845973 -0.0086525  -0.00871508 -0.00874366 -0.00877072
 -0.0087572  -0.00873305 -0.00864214 -0.00872702 -0.00865143 -0.00875346
 -0.00881673 -0.00867378 -0.00853527 -0.00878337 -0.00865794 -0.0087583
 -0.00859764 -0.00873267 -0.00871773 -0.00869937 -0.00856623 -0.0085872
 -0.00862807 -0.00865243 -0.00870913 -0.0085322  -0.00869116 -0.00877284
 -0.00865279 -0.00874275 -0.00872595 -0.00878552 -0.00863853 -0.00860641
 -0.00870361 -0.0087806  -0.00873729 -0.00858661 -0.00867921 -0.00867221
 -0.00886388 -0.0088122  -0.00872141 -0.00860699 -0.00858326 -0.00871047
 -0.00877007 -0.00868284 -0.00868587 -0.00848931 -0.00872573 -0.00869271
 -0.00861727 -0.0086075  -0.0086788  -0.00872666 -0.00855959 -0.00869859
 -0.00882754 -0.00897267 -0.00861799 -0.00872717 -0.0086479  -0.00872768
 -0.00857476 -0.00889441 -0.0085897  -0.00855651 -0.00870102 -0.00844383
 -0.00856686 -0.00868086 -0.00884225 -0.00851974 -0.00865876 -0.00877463
 -0.00871152 -0.00859658 -0.00873313 -0.00861246 -0.00867011 -0.00881235
 -0.00884854 -0.00868384 -0.00868645 -0.00879084 -0.00855871 -0.00859604
 -0.0085915  -0.00868903 -0.00871545 -0.00878033 -0.00850644 -0.00860456
 -0.00876342 -0.00856584 -0.0086785  -0.00877821 -0.00870093 -0.00879083
 -0.00871841 -0.00849759 -0.00859067 -0.00864197 -0.00870075 -0.00883067
 -0.00873863 -0.00857112 -0.00849913 -0.00863245 -0.00856092 -0.00873274
 -0.00879116 -0.00882013 -0.00857967 -0.00885583 -0.00862841 -0.00881024
 -0.00866095 -0.00854391 -0.00875675 -0.00861174 -0.00869566 -0.00860381
 -0.00879804 -0.00873979 -0.00864189 -0.00881084 -0.0086596  -0.00865678
 -0.00859153 -0.00872017 -0.00860788 -0.00854767 -0.00854197 -0.0086817
 -0.00873843 -0.00855993 -0.00856445 -0.00842271 -0.0088856  -0.00870907
 -0.00866115 -0.0087151  -0.00869229 -0.00878282 -0.00880006 -0.0086812
 -0.0088339  -0.00877593 -0.00866894 -0.00850767 -0.00859748 -0.00865048
 -0.00878687 -0.0085998  -0.00858481 -0.00875107 -0.00868808 -0.0089544
 -0.00876012 -0.00867366 -0.00879419 -0.00863737 -0.00875657 -0.00852827
 -0.00849053 -0.00850457 -0.00872195 -0.00878622 -0.0087204  -0.00873511
 -0.00852512 -0.00854651 -0.00860839 -0.00862198 -0.0085596  -0.00864991
 -0.00875615 -0.00864973 -0.00873495 -0.00893689 -0.00874069 -0.00866622
 -0.00862813 -0.00857069 -0.00886758 -0.00866449 -0.0086556  -0.00876948
 -0.00885739 -0.008684   -0.00882921 -0.0085781  -0.00850087 -0.00860594
 -0.00865732 -0.00852108 -0.00875642 -0.00854901 -0.0086874  -0.00859263
 -0.00889781 -0.00867303 -0.00873848 -0.00855654 -0.00856626 -0.0087718
 -0.00879717 -0.00861764 -0.00878606 -0.008805   -0.00886377 -0.00868491
 -0.00866108 -0.00880424 -0.00868953 -0.0086131  -0.00867476 -0.00864507
 -0.00858713 -0.00877872 -0.00873667 -0.00844198 -0.00856489 -0.00871853
 -0.00857697 -0.00867023 -0.00865266 -0.0085832  -0.00891164 -0.00871032
 -0.00862556 -0.00861822 -0.00872201 -0.0086435  -0.0087072  -0.00868514
 -0.00852462 -0.00875363 -0.00865371 -0.00875494 -0.00879332 -0.00873083
 -0.0086074  -0.00858873 -0.00882786 -0.00873757 -0.00855889 -0.00868342
 -0.00869794 -0.00888066 -0.00867821 -0.0087036  -0.00872124 -0.00867745
 -0.00868439 -0.00877788 -0.00847442 -0.00867998 -0.00875447 -0.00867146
 -0.00873118 -0.00873699 -0.00876548 -0.00859243 -0.00869999 -0.00873812
 -0.00868305 -0.008492   -0.00880453 -0.00866983 -0.0087587  -0.00867273
 -0.00872314 -0.00895609 -0.00868261 -0.00843645 -0.00871394 -0.00857731
 -0.0088468  -0.00845831 -0.00876507 -0.00851965 -0.00874983 -0.00859616
 -0.00878846 -0.00864866 -0.00860481 -0.00871745 -0.00865246 -0.00878281
 -0.00872673 -0.00876794 -0.00871265 -0.00873564 -0.00872819 -0.00869404
 -0.00845077 -0.00870272 -0.00878203 -0.00860267 -0.00869945 -0.0087412
 -0.00862551 -0.00874929 -0.00872059 -0.00862201 -0.008763   -0.00873179
 -0.00874258 -0.00867674 -0.00882222 -0.00864314 -0.00869268 -0.00859278
 -0.0088586  -0.00867684 -0.00876774 -0.00874072 -0.00855023 -0.00858301
 -0.00860949 -0.00884262 -0.00870268 -0.00869455 -0.00855975 -0.00861223
 -0.00869543 -0.00873401 -0.00886578 -0.0085995  -0.00867374 -0.008691
 -0.00888037 -0.00852435 -0.00875641 -0.00875512 -0.00878237 -0.00859275
 -0.00867718 -0.00864071 -0.00879338 -0.00877713 -0.00858405 -0.00869574
 -0.0086134  -0.0086833  -0.00898011 -0.00876968 -0.00862944 -0.00856218
 -0.00874644 -0.00879543 -0.00868543 -0.00874261 -0.0086191  -0.00860241
 -0.00859741 -0.00859055 -0.00863079 -0.00863322 -0.00872157 -0.00875314]"
Veal Broccoli,"[""12 veal cutlets, cut about 1/4-inch thick"", ""2 Tbsp. butter"", ""1 medium onion, minced"", ""1 (4 oz.) can mushrooms"", ""1 c. bread crumbs"", ""2 Tbsp. chopped parsley"", ""1/4 tsp. salt"", ""1/4 tsp. pepper"", ""1/2 tsp. basil, minced"", ""1 clove garlic, minced"", ""2 Tbsp. all-purpose flour"", ""3/4 c. chicken stock"", ""3 Tbsp. butter""]","[""Pound veal on one side and set aside."", ""In a large skillet over medium heat, melt butter and saute onion until tender."", ""Cut mushrooms in half or drain canned mushrooms."", ""Add to onion with parsley, salt, pepper, basil and garlic, stirring to combine."", ""Add bread crumbs and 1/4 cup chicken stock.""]","[""pepper"", ""mushrooms"", ""onion"", ""basil"", ""clove garlic"", ""flour"", ""parsley"", ""veal cutlets"", ""butter"", ""bread crumbs"", ""chicken stock"", ""salt""]","[-0.01141436 -0.011499   -0.01135187 -0.01136955 -0.01123267 -0.01125517
 -0.01141178 -0.01108558 -0.01151599 -0.0114599  -0.01131838 -0.01144946
 -0.01136917 -0.01124384 -0.01135159 -0.01136668 -0.01133736 -0.01139593
 -0.01130224 -0.01137058 -0.01118236 -0.0116041  -0.01162637 -0.01135983
 -0.01123421 -0.01144351 -0.01146227 -0.01139328 -0.01128944 -0.01144659
 -0.01132428 -0.01132586 -0.01112306 -0.01134985 -0.01130703 -0.01142528
 -0.01116276 -0.01143648 -0.01163393 -0.01123334 -0.01144822 -0.01129534
 -0.01115723 -0.01137058 -0.0112328  -0.01143065 -0.01135201 -0.01135911
 -0.01149433 -0.01139282 -0.01139491 -0.01144549 -0.01161978 -0.01146597
 -0.01133832 -0.01126132 -0.01133381 -0.01141115 -0.01143328 -0.01134395
 -0.01140685 -0.01131427 -0.01145562 -0.01158237 -0.01135906 -0.01130779
 -0.01129735 -0.01123083 -0.01167522 -0.01125522 -0.01145273 -0.01136463
 -0.01146065 -0.01131164 -0.01125512 -0.0113658  -0.01144043 -0.01134955
 -0.0113923  -0.01133233 -0.01147192 -0.01148367 -0.01134879 -0.01134677
 -0.01145582 -0.0110995  -0.01152887 -0.01144432 -0.0114167  -0.0111912
 -0.01151995 -0.01136238 -0.01130024 -0.01144503 -0.01132455 -0.01139753
 -0.01145291 -0.01131193 -0.01120395 -0.01128801 -0.01159852 -0.01129317
 -0.01134822 -0.01117706 -0.01159873 -0.01137372 -0.01158988 -0.01138499
 -0.01129394 -0.01128393 -0.01135251 -0.01127234 -0.01116481 -0.01141302
 -0.01168539 -0.01122047 -0.01138311 -0.01139416 -0.01147276 -0.01136528
 -0.01131597 -0.01147098 -0.01153097 -0.01112882 -0.01140587 -0.01149779
 -0.01143823 -0.01134459 -0.01120792 -0.01153685 -0.01140218 -0.01128837
 -0.01148159 -0.01154823 -0.01146036 -0.01141112 -0.01137192 -0.01147107
 -0.01142909 -0.01167875 -0.01166543 -0.01126864 -0.011292   -0.01138325
 -0.01136463 -0.0113646  -0.01139999 -0.01128911 -0.01112861 -0.01139541
 -0.01133479 -0.01115205 -0.01164728 -0.0115015  -0.01146966 -0.01131911
 -0.01148598 -0.0113683  -0.01132319 -0.01138505 -0.01114268 -0.0114381
 -0.01123268 -0.01132401 -0.01144532 -0.01137387 -0.01121173 -0.01124981
 -0.01148604 -0.01119952 -0.01146381 -0.01144947 -0.01100818 -0.01147655
 -0.01143893 -0.01133966 -0.01139254 -0.01137158 -0.01133645 -0.01134931
 -0.01172862 -0.01145718 -0.01114009 -0.01157875 -0.01128146 -0.01145889
 -0.01122845 -0.01159711 -0.0111137  -0.01122355 -0.01139236 -0.01132442
 -0.01143139 -0.01141957 -0.01121122 -0.0114926  -0.01142631 -0.01127279
 -0.01128292 -0.0115487  -0.01136898 -0.01130806 -0.01130137 -0.0114063
 -0.01142552 -0.01129849 -0.01130202 -0.01152321 -0.01125251 -0.01143245
 -0.01146815 -0.01131043 -0.01112369 -0.01156471 -0.01126629 -0.01140971
 -0.01137077 -0.01119038 -0.01145291 -0.01145734 -0.0113122  -0.01140348
 -0.01166387 -0.01117077 -0.01152952 -0.01127413 -0.01144216 -0.011359
 -0.0114547  -0.01115801 -0.01140103 -0.01144327 -0.01124159 -0.01136722
 -0.01158029 -0.01133126 -0.01127279 -0.01142208 -0.01126894 -0.01167165
 -0.01129065 -0.01135814 -0.01128078 -0.01153354 -0.01145285 -0.01147766
 -0.01133654 -0.01132929 -0.01125011 -0.01145004 -0.01135056 -0.01140737
 -0.01121067 -0.01150707 -0.01125488 -0.01148559 -0.01132535 -0.01145952
 -0.01130622 -0.01112864 -0.01126065 -0.01130325 -0.01114473 -0.01146949
 -0.01144304 -0.01121337 -0.01157986 -0.01144321 -0.01143877 -0.01145294
 -0.01143289 -0.0113629  -0.01152581 -0.01141048 -0.01146129 -0.01159448
 -0.01142422 -0.01143126 -0.01140606 -0.01150947 -0.01140841 -0.01128447
 -0.01152759 -0.01128915 -0.01164132 -0.01160869 -0.01134907 -0.01151672
 -0.01152652 -0.01138454 -0.01131136 -0.01128944 -0.01160138 -0.01153441
 -0.01129518 -0.01148237 -0.01133103 -0.01131299 -0.01132647 -0.01163322
 -0.01107354 -0.01131942 -0.01133888 -0.01129554 -0.01144123 -0.01125451
 -0.01138825 -0.01138043 -0.01316938 -0.01158563 -0.01156235 -0.01138952
 -0.01128165 -0.01153658 -0.01149971 -0.01168054 -0.01136506 -0.01144884
 -0.01143283 -0.01157582 -0.0112057  -0.01129459 -0.01145086 -0.01144086
 -0.01135208 -0.01143714 -0.01143942 -0.01118403 -0.01120789 -0.01151369
 -0.01130559 -0.01129243 -0.01144208 -0.01131671 -0.01156476 -0.01136584
 -0.01166309 -0.01136708 -0.01150488 -0.01153432 -0.01143361 -0.01151661
 -0.01132788 -0.01141118 -0.01158656 -0.01143643 -0.01114238 -0.01133405
 -0.01140806 -0.01138516 -0.01150033 -0.01155841 -0.01117294 -0.01136095
 -0.01127496 -0.0114677  -0.01152494 -0.01128757 -0.01122008 -0.01136642
 -0.01133655 -0.01149835 -0.01127786 -0.01130076 -0.01118008 -0.01142558
 -0.01132636 -0.01155919 -0.01137087 -0.01132402 -0.01141021 -0.01137292
 -0.01167638 -0.01140577 -0.01148792 -0.01137131 -0.01141133 -0.011325
 -0.0114147  -0.01143891 -0.0113054  -0.01168203 -0.01129159 -0.01149824
 -0.01152524 -0.01143945 -0.01135607 -0.0113374  -0.01145364 -0.01151315
 -0.01129636 -0.01142034 -0.01140653 -0.01132535 -0.01138855 -0.01165181
 -0.01165398 -0.01158442 -0.01118199 -0.01157685 -0.01127025 -0.01135174
 -0.01132912 -0.01114708 -0.01127809 -0.01142585 -0.01149881 -0.01145459
 -0.01154049 -0.01152578 -0.01118702 -0.01155403 -0.01132989 -0.01142321
 -0.01142433 -0.01136819 -0.01129042 -0.0114496  -0.01125309 -0.0114967
 -0.01143455 -0.01152532 -0.01143121 -0.01136009 -0.01128786 -0.01123162
 -0.01126448 -0.01140031 -0.01132045 -0.01136447 -0.01131576 -0.01151185
 -0.0114159  -0.01140957 -0.01157219 -0.01146589 -0.0113632  -0.01114443
 -0.01158233 -0.01135355 -0.01143318 -0.01124816 -0.01139232 -0.01145186
 -0.01162176 -0.01143523 -0.01154291 -0.0113171  -0.01131033 -0.01122315
 -0.01141761 -0.01132111 -0.01160844 -0.01115636 -0.01135469 -0.01140206
 -0.01135191 -0.01130292 -0.01130764 -0.01146239 -0.01132975 -0.01141878
 -0.01150197 -0.0116998  -0.01125289 -0.01129737 -0.01144323 -0.01158579
 -0.01119629 -0.01147701 -0.01133671 -0.01122646 -0.01151492 -0.01119451
 -0.01136993 -0.01145595 -0.01150778 -0.01119757 -0.01149437 -0.01141379
 -0.01143418 -0.0113156  -0.01154941 -0.01134298 -0.01129397 -0.01151243
 -0.01165379 -0.01125938 -0.01129301 -0.01152775 -0.01131583 -0.01124173
 -0.01144254 -0.01162456 -0.01132015 -0.01153098 -0.01124888 -0.01140542
 -0.01153126 -0.01136649 -0.0112471  -0.01148915 -0.01139627 -0.01133098
 -0.01127394 -0.01136207 -0.01126066 -0.0114582  -0.01135338 -0.01143416
 -0.01150253 -0.01127754 -0.01115615 -0.01139673 -0.01121897 -0.01135029
 -0.01141372 -0.01139559 -0.01135965 -0.01165122 -0.01121047 -0.01164396
 -0.01137772 -0.01120137 -0.01139478 -0.01138909 -0.0114928  -0.01126886
 -0.01157992 -0.01148939 -0.01128459 -0.01137025 -0.01137494 -0.01118719
 -0.01131891 -0.01131025 -0.01142564 -0.01138348 -0.01129129 -0.01133074
 -0.01143528 -0.01124506 -0.01121613 -0.01117842 -0.01151793 -0.01144039
 -0.01136062 -0.01127153 -0.01132806 -0.01155899 -0.01133368 -0.01139996
 -0.01144142 -0.01149398 -0.01129386 -0.01119906 -0.01128557 -0.0113886
 -0.01148198 -0.01134855 -0.01145625 -0.0117005  -0.01131734 -0.01170112
 -0.01141766 -0.01134608 -0.01158769 -0.01138579 -0.01154199 -0.01117113
 -0.01129711 -0.01115927 -0.01136042 -0.01158921 -0.01136466 -0.01151921
 -0.01127181 -0.01116618 -0.01128887 -0.01138446 -0.0112197  -0.01124956
 -0.01137666 -0.01132544 -0.01138091 -0.01165551 -0.01129271 -0.01149276
 -0.01147494 -0.01121786 -0.01145735 -0.01129593 -0.01134248 -0.01166132
 -0.01153546 -0.01121409 -0.01144661 -0.01132588 -0.01117539 -0.01136942
 -0.01136143 -0.01140822 -0.01153374 -0.01131369 -0.01140356 -0.01133676
 -0.0115787  -0.01130965 -0.01174295 -0.01128463 -0.01150931 -0.01140465
 -0.01146534 -0.01124223 -0.01152717 -0.01166646 -0.0115924  -0.01138152
 -0.01130792 -0.01159374 -0.01128741 -0.01106349 -0.01133338 -0.01127115
 -0.01153556 -0.0113991  -0.01137908 -0.01119938 -0.01124378 -0.01144076
 -0.01126676 -0.01130152 -0.01127396 -0.01127382 -0.01162137 -0.01147262
 -0.01144259 -0.01144198 -0.01154531 -0.01135438 -0.01141387 -0.01132021
 -0.01132636 -0.01147021 -0.01141605 -0.01151226 -0.01150506 -0.01137101
 -0.01121688 -0.01132573 -0.0115088  -0.01139061 -0.0111651  -0.01138871
 -0.01154991 -0.01145315 -0.0113961  -0.01141664 -0.0114462  -0.01142874
 -0.01128186 -0.01136519 -0.01131974 -0.01134917 -0.01144336 -0.0114772
 -0.01142335 -0.0112479  -0.01141255 -0.01158064 -0.01147559 -0.0115501
 -0.01135126 -0.01116666 -0.01151769 -0.01156895 -0.01148117 -0.01126147
 -0.0113258  -0.01155835 -0.01150103 -0.01119543 -0.01144301 -0.01130716
 -0.01161599 -0.01111632 -0.01152658 -0.01134682 -0.0116604  -0.01136904
 -0.01153346 -0.0113787  -0.01144551 -0.01150079 -0.01152134 -0.01143413
 -0.01157824 -0.0113746  -0.01152261 -0.0113875  -0.01140576 -0.01137467
 -0.01122437 -0.01138718 -0.01132461 -0.01149117 -0.01127972 -0.01131101
 -0.01128944 -0.01141887 -0.01142087 -0.01144685 -0.01153128 -0.01145201
 -0.01132946 -0.01121364 -0.01160171 -0.01139032 -0.01154941 -0.01127058
 -0.01164478 -0.01134006 -0.01143676 -0.0113153  -0.0112929  -0.01129905
 -0.01141017 -0.0114287  -0.01147266 -0.01149094 -0.01132695 -0.01129817
 -0.01147472 -0.01131405 -0.01150751 -0.01122051 -0.01156925 -0.01130036
 -0.01142414 -0.01112172 -0.0114147  -0.01153327 -0.01156324 -0.0114316
 -0.01121827 -0.01143422 -0.01160837 -0.01151854 -0.01144121 -0.01140851
 -0.01138612 -0.01133717 -0.01158237 -0.01126076 -0.01124673 -0.01135689
 -0.0114769  -0.01143006 -0.01137483 -0.01138572 -0.01135201 -0.01137142
 -0.01139459 -0.01135534 -0.01128656 -0.01141034 -0.01134408 -0.01140996]"
Carrot And Pea Salad,"[""500 grams carrots (about 3 c.)"", ""100 grams green peas (about 2/3 c.)"", ""250 grams tomatoes (about 1 1/2 c.)"", ""100 grams lettuce (about 2/3 c.)"", ""1 c. sour cream"", ""salt and sugar to taste""]","[""Scrape well, wash and grate raw carrots."", ""Mix with 1/2 cup of sour cream and peas."", ""Shape into cone and place in a salad dish. Pour over cone 1/2 cup sour cream mixed with salt and sugar."", ""Top cone with sliced fresh tomatoes and lettuce leaves.""]","[""sour cream"", ""green peas"", ""tomatoes"", ""salt""]","[-0.00971342 -0.00977599 -0.00981214 -0.00961857 -0.00955351 -0.00965034
 -0.00975839 -0.00945024 -0.00978232 -0.00978019 -0.00963553 -0.00976197
 -0.00966062 -0.00961557 -0.00979433 -0.00972603 -0.00965806 -0.0096247
 -0.0096369  -0.0095156  -0.00953298 -0.01003239 -0.00986593 -0.00972083
 -0.0094961  -0.00966693 -0.00975789 -0.00964463 -0.00970639 -0.00978704
 -0.00973523 -0.00971381 -0.00934281 -0.00973526 -0.00960644 -0.00988656
 -0.00953292 -0.0096556  -0.0099301  -0.0095048  -0.0099353  -0.00974177
 -0.00948019 -0.0097886  -0.00942523 -0.00982455 -0.00974902 -0.00972162
 -0.00975023 -0.00967955 -0.00969442 -0.00966638 -0.00969818 -0.00978417
 -0.00961929 -0.0095323  -0.00968823 -0.0097154  -0.00979388 -0.00964337
 -0.00977657 -0.00961131 -0.00971802 -0.00989341 -0.00968046 -0.0096473
 -0.00971277 -0.00952555 -0.00986279 -0.0096311  -0.00980366 -0.00958625
 -0.00976924 -0.00959186 -0.00957229 -0.0098099  -0.00970421 -0.00971621
 -0.00972815 -0.00976419 -0.0097538  -0.00978684 -0.0096241  -0.00964844
 -0.00975062 -0.0094891  -0.00986324 -0.00973898 -0.00986114 -0.00951942
 -0.00977191 -0.0096039  -0.00958397 -0.00969414 -0.00970193 -0.00969988
 -0.00978236 -0.00961204 -0.00966926 -0.00968986 -0.00979473 -0.00966467
 -0.00971469 -0.00958739 -0.00986732 -0.00975119 -0.00980515 -0.00975948
 -0.00961511 -0.00976659 -0.00972857 -0.00971907 -0.00949641 -0.00964953
 -0.00991878 -0.00949258 -0.00975292 -0.0096279  -0.00974695 -0.0097749
 -0.00976432 -0.00965139 -0.00964079 -0.00944645 -0.0097399  -0.00987509
 -0.00974051 -0.00971851 -0.00970527 -0.00989244 -0.00966364 -0.0096769
 -0.00973438 -0.00980264 -0.00982761 -0.0095582  -0.00964871 -0.00974958
 -0.00956384 -0.00982185 -0.00990859 -0.00958093 -0.00965177 -0.00974971
 -0.00967572 -0.00972112 -0.00968939 -0.00955626 -0.00965793 -0.00974537
 -0.00953673 -0.00943344 -0.01002578 -0.00983722 -0.00965573 -0.00964685
 -0.00978711 -0.00967979 -0.00976318 -0.00972044 -0.00947748 -0.00977936
 -0.00962132 -0.00961573 -0.00969178 -0.00963018 -0.0096395  -0.00945472
 -0.00968731 -0.00949099 -0.00985961 -0.0095901  -0.00937513 -0.00981241
 -0.00966268 -0.00967808 -0.00969657 -0.0097178  -0.00963276 -0.00959723
 -0.01007199 -0.00972804 -0.00957863 -0.00992086 -0.009592   -0.00980103
 -0.00956803 -0.00988806 -0.00952968 -0.00951221 -0.00984368 -0.0097225
 -0.00985811 -0.00965405 -0.00965244 -0.00971139 -0.00978948 -0.00952671
 -0.00962718 -0.00985968 -0.00950768 -0.00965698 -0.009645   -0.0096234
 -0.0099095  -0.00969422 -0.00959868 -0.00988584 -0.00978847 -0.00961239
 -0.0099733  -0.00962994 -0.00950186 -0.00981447 -0.00970229 -0.00969267
 -0.00966006 -0.00967345 -0.00990939 -0.00975573 -0.00959889 -0.00968494
 -0.01007951 -0.00955281 -0.00975331 -0.00972383 -0.00980227 -0.00969623
 -0.00969187 -0.00959455 -0.00972283 -0.00985583 -0.009694   -0.00963287
 -0.00991876 -0.00959198 -0.00975449 -0.00971596 -0.00963633 -0.00986838
 -0.00976125 -0.00972499 -0.00972299 -0.00979937 -0.00981402 -0.00963479
 -0.00967959 -0.0095998  -0.00968152 -0.00981441 -0.00955408 -0.00972428
 -0.00957769 -0.00992982 -0.00975854 -0.00973613 -0.00964004 -0.0098343
 -0.00962371 -0.00946797 -0.00961766 -0.00962778 -0.00942594 -0.00988293
 -0.00969651 -0.00952321 -0.00986396 -0.00981823 -0.00970537 -0.0096954
 -0.00972184 -0.00972958 -0.00992461 -0.00977392 -0.00981844 -0.0099415
 -0.00975068 -0.00975845 -0.00980975 -0.00984714 -0.00972439 -0.00972265
 -0.00995037 -0.00965102 -0.00980287 -0.0099848  -0.00985038 -0.00985472
 -0.00992415 -0.00970234 -0.00966506 -0.00950791 -0.00996963 -0.00987925
 -0.00950958 -0.00976046 -0.00962777 -0.00965134 -0.00959099 -0.00987961
 -0.00959137 -0.00974965 -0.00966779 -0.00961971 -0.00993971 -0.00962489
 -0.00966799 -0.00983885 -0.01144389 -0.00979735 -0.00990359 -0.00965268
 -0.00970437 -0.00974857 -0.00988475 -0.00991898 -0.00977095 -0.00966245
 -0.00972615 -0.00979196 -0.00951127 -0.00963353 -0.00956319 -0.00981439
 -0.00971267 -0.00987322 -0.00972532 -0.00954998 -0.00965717 -0.00984268
 -0.0097006  -0.00968124 -0.00968052 -0.00968856 -0.00986146 -0.00970673
 -0.00996067 -0.00969036 -0.0097872  -0.00966654 -0.00973896 -0.00967576
 -0.00980012 -0.00980646 -0.00992801 -0.00987464 -0.00953101 -0.00956675
 -0.00956182 -0.00968745 -0.00973924 -0.00973266 -0.0094782  -0.0096846
 -0.00963102 -0.00990314 -0.00977444 -0.00950368 -0.00955508 -0.00959356
 -0.00959755 -0.00980648 -0.00974692 -0.00955115 -0.00952034 -0.00967058
 -0.00976065 -0.00989508 -0.00957    -0.00993385 -0.00979771 -0.00969681
 -0.00986166 -0.00974183 -0.00991582 -0.00971675 -0.00969117 -0.00970839
 -0.00973875 -0.00999358 -0.00964886 -0.0100189  -0.00976813 -0.00980459
 -0.00996885 -0.00987527 -0.009676   -0.00970874 -0.00972919 -0.00985736
 -0.00957022 -0.00968036 -0.009815   -0.00969308 -0.00976369 -0.01004867
 -0.01001965 -0.00985663 -0.00967975 -0.00975    -0.00958081 -0.0096796
 -0.00962745 -0.00946528 -0.00972847 -0.00976746 -0.00977003 -0.00979704
 -0.00988264 -0.00977529 -0.00951663 -0.00970924 -0.00969636 -0.00976046
 -0.00986429 -0.00968678 -0.00963748 -0.00972305 -0.00962672 -0.00992071
 -0.00947837 -0.00996492 -0.00988289 -0.0097207  -0.00949422 -0.00954703
 -0.00955377 -0.00966633 -0.00964134 -0.00959017 -0.00973966 -0.00966762
 -0.00967991 -0.00981459 -0.00969316 -0.00977172 -0.00968029 -0.00955137
 -0.00976793 -0.00977313 -0.00984849 -0.00968437 -0.00980734 -0.00975508
 -0.00995837 -0.00985174 -0.00986789 -0.00955957 -0.00968177 -0.00963194
 -0.00981339 -0.00965469 -0.00984028 -0.0095122  -0.0097281  -0.0097223
 -0.00964491 -0.00961396 -0.00981058 -0.00967384 -0.00970092 -0.00983507
 -0.00982207 -0.01003273 -0.00960729 -0.00965414 -0.00969079 -0.00987283
 -0.00965494 -0.00975715 -0.00954955 -0.00957311 -0.00990477 -0.009441
 -0.00968297 -0.00974933 -0.00985718 -0.00952324 -0.00979876 -0.00972582
 -0.00965543 -0.00962639 -0.00984774 -0.0097351  -0.00975391 -0.00976376
 -0.0100177  -0.00965243 -0.00957092 -0.00992402 -0.00969631 -0.00953157
 -0.00969549 -0.00970263 -0.00978145 -0.00984589 -0.00957732 -0.00978277
 -0.00981999 -0.00972866 -0.00973686 -0.00993905 -0.0097545  -0.0098056
 -0.00972425 -0.0096589  -0.00955534 -0.00970828 -0.00967438 -0.00975324
 -0.0098828  -0.00955214 -0.00959647 -0.00965055 -0.00947043 -0.00980902
 -0.00984001 -0.0097485  -0.00972421 -0.01003741 -0.00952158 -0.00996626
 -0.00968673 -0.0094696  -0.00973349 -0.00971226 -0.00973257 -0.0096255
 -0.0098765  -0.00970425 -0.00961449 -0.00979855 -0.009768   -0.0097083
 -0.00960625 -0.00976597 -0.00973827 -0.00969394 -0.00969735 -0.00977511
 -0.00962768 -0.00959085 -0.00952575 -0.00943594 -0.00993689 -0.00987848
 -0.00961146 -0.009603   -0.0096564  -0.0098411  -0.00979659 -0.00973066
 -0.00984561 -0.0099041  -0.00972262 -0.00946674 -0.00960999 -0.00961424
 -0.00980897 -0.0096222  -0.00967265 -0.01002741 -0.0097352  -0.01007327
 -0.00982041 -0.00977414 -0.00991605 -0.00971431 -0.0098889  -0.00962831
 -0.00955527 -0.00941781 -0.00976124 -0.0099385  -0.00961336 -0.00986987
 -0.00955437 -0.00961227 -0.00970761 -0.00975991 -0.00956101 -0.00978363
 -0.00965846 -0.00977005 -0.00971105 -0.01002697 -0.00955933 -0.00985013
 -0.00972584 -0.00958849 -0.00986665 -0.00964686 -0.0097909  -0.00987769
 -0.00984115 -0.00952651 -0.00982053 -0.00964695 -0.00943119 -0.00974501
 -0.0096143  -0.00957487 -0.0097065  -0.00951556 -0.00964665 -0.0096553
 -0.00997693 -0.00975826 -0.00987654 -0.00951626 -0.00967901 -0.00973645
 -0.00984467 -0.00956227 -0.00973543 -0.00995362 -0.009865   -0.00971115
 -0.00978967 -0.00984687 -0.00954083 -0.00953758 -0.0097235  -0.00959763
 -0.009881   -0.00974181 -0.00971041 -0.00942183 -0.00958963 -0.00984658
 -0.00961083 -0.00966941 -0.00956786 -0.00962355 -0.01004644 -0.00977072
 -0.00967178 -0.00971155 -0.01003293 -0.00958714 -0.00989005 -0.00977371
 -0.00958996 -0.00973882 -0.00975923 -0.00985108 -0.00973261 -0.00971433
 -0.00968849 -0.00959156 -0.00985745 -0.00966429 -0.00949684 -0.00967016
 -0.00980245 -0.00988583 -0.00978065 -0.0098686  -0.00972086 -0.00978148
 -0.00965775 -0.00987014 -0.00954106 -0.00960365 -0.00975214 -0.00972189
 -0.00961113 -0.00969696 -0.00976773 -0.0096951  -0.00980577 -0.01000575
 -0.00967904 -0.00941163 -0.00993906 -0.00982239 -0.0097665  -0.00943434
 -0.00959478 -0.00997585 -0.00973354 -0.0095457  -0.00971506 -0.00960022
 -0.01010286 -0.00954817 -0.00983063 -0.00960835 -0.00983618 -0.00968475
 -0.0099401  -0.00983583 -0.00969438 -0.00965364 -0.00979619 -0.00977373
 -0.0099139  -0.00980025 -0.00980251 -0.00984992 -0.00978893 -0.00986098
 -0.00955325 -0.00970768 -0.00969446 -0.00965425 -0.00959208 -0.00984374
 -0.00962288 -0.00973743 -0.00981455 -0.00961646 -0.00982418 -0.00965586
 -0.00968042 -0.00964204 -0.00992924 -0.00978619 -0.00986753 -0.00957434
 -0.00988133 -0.00969119 -0.00989136 -0.00977263 -0.00970002 -0.00965431
 -0.00981166 -0.00982757 -0.00961238 -0.00983542 -0.00958103 -0.0095903
 -0.00980767 -0.0098083  -0.00992242 -0.00947751 -0.00963674 -0.00963091
 -0.0098437  -0.00949787 -0.00984984 -0.00981781 -0.00981091 -0.00954551
 -0.00970353 -0.00974582 -0.00984413 -0.00984502 -0.00966439 -0.00977846
 -0.00971834 -0.00956899 -0.01010715 -0.00969498 -0.00969483 -0.00953455
 -0.00972596 -0.00974201 -0.00970095 -0.00971014 -0.00970257 -0.0096049
 -0.00965063 -0.00965632 -0.00966424 -0.00971936 -0.00978141 -0.00979242]"
Turkey Or Chicken Casserole,"[""chicken or turkey (pieces)"", ""macaroni small box"", ""1 can cream of chicken soup"", ""1 can golden cream of mushroom"", ""2 c. milk"", ""celery, diced"", ""chopped onions"", ""1 can pimientos""]","[""Brown onions and celery in a stick of oleo."", ""Mix meat, pimientos, soups and cooked macaroni with the milk."", ""Marinate overnight."", ""Bake next day for 60 or 90 minutes at 350\u00b0."", ""Spread cracker crumbs over top of mixture before baking."", ""Grated cheese (optional).""]","[""cream of chicken soup"", ""macaroni"", ""golden cream"", ""pimientos"", ""celery"", ""onions"", ""milk"", ""chicken""]","[-0.00981024 -0.00990544 -0.00989981 -0.00971715 -0.009642   -0.00978407
 -0.0099317  -0.00946095 -0.00993091 -0.00994251 -0.00979721 -0.00980492
 -0.00980723 -0.00976631 -0.00989722 -0.00988421 -0.0096887  -0.00982964
 -0.00982321 -0.00959431 -0.00961694 -0.01008357 -0.00998213 -0.00990666
 -0.0096463  -0.00986811 -0.00993585 -0.00991116 -0.00961328 -0.00991649
 -0.00974161 -0.00982769 -0.00953496 -0.00988949 -0.00962486 -0.0098364
 -0.00952785 -0.00979191 -0.00998076 -0.00956933 -0.00993857 -0.00985957
 -0.009405   -0.00991238 -0.00960948 -0.00990246 -0.00968219 -0.00985066
 -0.00991041 -0.00985845 -0.00974001 -0.009865   -0.00990462 -0.00988619
 -0.00962014 -0.00953948 -0.00983432 -0.0097846  -0.009879   -0.00971514
 -0.00980494 -0.00967231 -0.009876   -0.00996368 -0.00967418 -0.00977756
 -0.00973914 -0.00961652 -0.00998019 -0.00965634 -0.0099556  -0.00974338
 -0.00998807 -0.00974812 -0.00970517 -0.00978159 -0.00967825 -0.00971569
 -0.00985077 -0.00980368 -0.00993612 -0.00992075 -0.00972591 -0.0098092
 -0.00981606 -0.00953128 -0.01012929 -0.00994538 -0.00985921 -0.00957578
 -0.00991742 -0.0096683  -0.00971536 -0.0097621  -0.00982444 -0.00979765
 -0.00982884 -0.00964879 -0.00960564 -0.00967584 -0.00997805 -0.00972179
 -0.00961139 -0.00971081 -0.0099632  -0.00978156 -0.01000354 -0.00983772
 -0.00980422 -0.00975667 -0.00964555 -0.00974791 -0.00956774 -0.00981832
 -0.01010867 -0.00968713 -0.00987984 -0.00991979 -0.00979438 -0.00994861
 -0.0098417  -0.00969988 -0.00993326 -0.00947558 -0.00984352 -0.00991591
 -0.00981211 -0.00968253 -0.00971924 -0.00994635 -0.009756   -0.00956604
 -0.00971504 -0.0098154  -0.00999826 -0.00960887 -0.00966487 -0.00994667
 -0.00983692 -0.01010009 -0.01003297 -0.00972777 -0.0097131  -0.00984736
 -0.00973942 -0.00979071 -0.00976291 -0.00973167 -0.00977251 -0.00986158
 -0.00965028 -0.00969627 -0.0100488  -0.00986839 -0.00989544 -0.00971676
 -0.00998869 -0.00996688 -0.00974446 -0.00984218 -0.00944422 -0.00988573
 -0.0097788  -0.00993191 -0.00980599 -0.00974118 -0.0097452  -0.00956041
 -0.00993054 -0.00941126 -0.00994401 -0.00961877 -0.00934226 -0.00994618
 -0.00991027 -0.00981802 -0.00994029 -0.00976061 -0.00960933 -0.00969863
 -0.01024288 -0.00971388 -0.0095579  -0.01004085 -0.00975928 -0.00993282
 -0.00980326 -0.01012497 -0.00973241 -0.00964905 -0.01000056 -0.00975201
 -0.01008863 -0.009838   -0.00963688 -0.01009237 -0.00990432 -0.00968875
 -0.00969032 -0.0099124  -0.0097414  -0.00973581 -0.00970678 -0.00974998
 -0.00992032 -0.00968454 -0.00969564 -0.00991985 -0.00959452 -0.00977089
 -0.00990741 -0.00972017 -0.00961745 -0.00982787 -0.00972229 -0.00981566
 -0.00970843 -0.00979725 -0.00981941 -0.00988154 -0.00973989 -0.00980208
 -0.01018515 -0.00958563 -0.00993293 -0.00980174 -0.00997207 -0.00978392
 -0.00987052 -0.00960229 -0.00976288 -0.00993733 -0.0096426  -0.00977225
 -0.01013998 -0.0097231  -0.0097355  -0.00965356 -0.00967595 -0.0100436
 -0.00981152 -0.00976016 -0.00961035 -0.00996522 -0.00982374 -0.00987999
 -0.00980667 -0.0096987  -0.00980003 -0.00994288 -0.0095887  -0.00989842
 -0.0095669  -0.01016385 -0.00976613 -0.00995468 -0.00975242 -0.00995294
 -0.00968104 -0.00966485 -0.00964927 -0.00973104 -0.0095376  -0.00996527
 -0.0098666  -0.00972844 -0.00992677 -0.00978931 -0.00981513 -0.00981588
 -0.00978415 -0.00989686 -0.01004602 -0.00979838 -0.0100117  -0.01002284
 -0.00971254 -0.00983672 -0.00988801 -0.0100234  -0.00961099 -0.00967979
 -0.00991016 -0.00957858 -0.01000211 -0.01016096 -0.00990749 -0.00996144
 -0.01002886 -0.00981063 -0.00966975 -0.00950548 -0.00993986 -0.00992121
 -0.00956389 -0.00985408 -0.0096589  -0.00958076 -0.00962626 -0.01004752
 -0.00955341 -0.00997709 -0.00975765 -0.00966273 -0.00987894 -0.00982791
 -0.00987207 -0.00991959 -0.01116075 -0.01000626 -0.00998386 -0.00985655
 -0.00977746 -0.00983983 -0.01009003 -0.01020947 -0.00983996 -0.00966268
 -0.00987588 -0.00991365 -0.00945977 -0.00978949 -0.00977179 -0.00991151
 -0.00987724 -0.00990436 -0.00990762 -0.00961249 -0.00960438 -0.00995515
 -0.00968838 -0.00967375 -0.00969955 -0.00984451 -0.00982425 -0.00974753
 -0.01009251 -0.00980156 -0.00975626 -0.00984463 -0.00979034 -0.00985938
 -0.00976315 -0.00986097 -0.00993763 -0.00976831 -0.00949456 -0.00967782
 -0.00980223 -0.00985859 -0.00990896 -0.00998637 -0.00941279 -0.00984868
 -0.0095594  -0.0100669  -0.0099074  -0.00968232 -0.00966545 -0.00981044
 -0.00981567 -0.00992096 -0.009725   -0.0096355  -0.00953955 -0.00965994
 -0.00971622 -0.0101092  -0.00962648 -0.00977019 -0.01000084 -0.00981862
 -0.01002439 -0.00990285 -0.00997681 -0.00998197 -0.0097429  -0.00970123
 -0.00985895 -0.00990427 -0.00968846 -0.01014076 -0.00981592 -0.0100756
 -0.0100717  -0.00986832 -0.00986321 -0.00973164 -0.00981784 -0.00987305
 -0.00973716 -0.00985161 -0.00980871 -0.00978316 -0.00989575 -0.01008009
 -0.01007486 -0.01001966 -0.00944505 -0.00986269 -0.00969119 -0.00970543
 -0.00980619 -0.00948473 -0.00971949 -0.00996842 -0.00990778 -0.009937
 -0.01001215 -0.00986313 -0.00946605 -0.00992775 -0.00973414 -0.00991571
 -0.01001182 -0.00983569 -0.0097127  -0.00980954 -0.00970317 -0.00997367
 -0.00973357 -0.01007258 -0.01002755 -0.00977429 -0.00965764 -0.00965212
 -0.00980992 -0.00969849 -0.00975068 -0.00980353 -0.00988629 -0.0099074
 -0.00991191 -0.00986996 -0.00974244 -0.00982313 -0.00987368 -0.00959748
 -0.01004477 -0.00988524 -0.00969586 -0.00971332 -0.00989107 -0.00994946
 -0.00990615 -0.01004071 -0.00990476 -0.00967968 -0.00972656 -0.0097255
 -0.00996149 -0.00972701 -0.01006895 -0.00948139 -0.00969219 -0.00980406
 -0.009862   -0.00957414 -0.00993824 -0.00970611 -0.00991464 -0.00986097
 -0.01001223 -0.0101797  -0.00959946 -0.00983701 -0.00981786 -0.01010447
 -0.00973794 -0.00986896 -0.00964832 -0.00968032 -0.00996892 -0.00944101
 -0.00976648 -0.00981401 -0.00999962 -0.00968097 -0.0100243  -0.00994049
 -0.0098427  -0.00974647 -0.00981234 -0.00973727 -0.0097434  -0.00988598
 -0.01013623 -0.00972844 -0.00975046 -0.00999411 -0.00980724 -0.00965861
 -0.0098127  -0.00983283 -0.00974897 -0.00995399 -0.00964483 -0.00978017
 -0.00992924 -0.00978277 -0.00974722 -0.00983728 -0.00977374 -0.00980833
 -0.00985327 -0.00975469 -0.00969217 -0.00983823 -0.00976974 -0.0099116
 -0.00991214 -0.00968513 -0.00965355 -0.00968898 -0.00957385 -0.00989235
 -0.00990168 -0.00990905 -0.00984699 -0.01009995 -0.00967825 -0.01006608
 -0.00979345 -0.00954199 -0.00971499 -0.00979878 -0.00978093 -0.00969635
 -0.01001011 -0.00992869 -0.00966842 -0.00979673 -0.00994114 -0.00972376
 -0.0097525  -0.00992877 -0.00984968 -0.00985402 -0.00979899 -0.00982641
 -0.009789   -0.00976326 -0.00963628 -0.00951904 -0.00999129 -0.01007846
 -0.00979174 -0.00970893 -0.00970386 -0.00992261 -0.00968911 -0.00982447
 -0.01008296 -0.01006434 -0.00975369 -0.00968265 -0.009674   -0.00971319
 -0.00977017 -0.00980505 -0.00980136 -0.01027698 -0.0098156  -0.01015455
 -0.01002266 -0.00971638 -0.01008141 -0.00973126 -0.00981033 -0.00965961
 -0.00972265 -0.00955484 -0.00981656 -0.00998289 -0.00973363 -0.00969415
 -0.00966989 -0.00965993 -0.00970124 -0.00983706 -0.00954038 -0.00981255
 -0.00976962 -0.0097039  -0.00997538 -0.01025427 -0.00976233 -0.00977839
 -0.00992553 -0.0097257  -0.0098247  -0.00981473 -0.00974557 -0.00996292
 -0.00986344 -0.00957671 -0.01000738 -0.00988928 -0.00956409 -0.00973287
 -0.00966047 -0.0097523  -0.009957   -0.00971001 -0.00978633 -0.00967348
 -0.00994522 -0.00966102 -0.01026886 -0.00968543 -0.00997808 -0.00982222
 -0.00993675 -0.00965925 -0.00990938 -0.01008077 -0.0099251  -0.00969984
 -0.00970091 -0.01013095 -0.00966092 -0.00941164 -0.00971537 -0.00981097
 -0.00991755 -0.00975814 -0.00987615 -0.0094047  -0.00968815 -0.00992489
 -0.00964664 -0.00977128 -0.00975266 -0.00970233 -0.01013718 -0.01001332
 -0.01002433 -0.009786   -0.01013431 -0.00969967 -0.00985793 -0.00981286
 -0.00973933 -0.00986858 -0.00983658 -0.00975069 -0.00985042 -0.0097724
 -0.00962657 -0.00969086 -0.00994865 -0.00979613 -0.00956231 -0.00965169
 -0.00996867 -0.00997788 -0.00954706 -0.00982795 -0.00979357 -0.00983075
 -0.0097422  -0.00997939 -0.00964916 -0.00983432 -0.00987131 -0.00972041
 -0.00973145 -0.00965224 -0.00984019 -0.00984588 -0.00984774 -0.01016087
 -0.00971161 -0.00971878 -0.00997936 -0.01009188 -0.00986663 -0.00955166
 -0.00987219 -0.01000224 -0.00985153 -0.00968617 -0.00980888 -0.00967991
 -0.01001977 -0.00957099 -0.00999071 -0.00968322 -0.00997076 -0.0099729
 -0.01008401 -0.00995522 -0.00986379 -0.00977744 -0.01006185 -0.00982381
 -0.01001713 -0.00995414 -0.00990874 -0.00993999 -0.00975952 -0.00989422
 -0.00966138 -0.00997621 -0.00971434 -0.00986527 -0.00964345 -0.00983893
 -0.00972145 -0.00977736 -0.00981708 -0.00984501 -0.009906   -0.0098441
 -0.00979806 -0.00954877 -0.01017342 -0.00982171 -0.01008919 -0.00967657
 -0.00998852 -0.00971421 -0.00998414 -0.00988982 -0.00967151 -0.00990403
 -0.00983884 -0.00994048 -0.00989779 -0.00996524 -0.00967367 -0.00977643
 -0.00985197 -0.00980627 -0.00986378 -0.00964615 -0.00985311 -0.00968875
 -0.00992209 -0.00949294 -0.00985083 -0.00997764 -0.01008153 -0.00978816
 -0.00955557 -0.00979805 -0.00996051 -0.00991187 -0.00973356 -0.00983499
 -0.00985664 -0.00966951 -0.01004158 -0.0097927  -0.009616   -0.00966051
 -0.01006316 -0.00972326 -0.00976846 -0.00984589 -0.00977962 -0.00976077
 -0.00980265 -0.00964675 -0.00982538 -0.00990886 -0.00981585 -0.0098754 ]"
Bubble Bread,"[""4 large cans biscuits"", ""1/2 c. granulated sugar"", ""3 tsp. cinnamon"", ""1/2 c. margarine"", ""3/4 c. brown sugar""]","[""Cut each biscuit into 4 pieces."", ""Roll in mixture of granulated sugar and cinnamon."", ""Place evenly in tube pan."", ""Melt margarine and mix with brown sugar."", ""Pour over biscuits."", ""Bake for 30 minutes at 350\u00b0.""]","[""sugar"", ""biscuits"", ""brown sugar"", ""cinnamon"", ""margarine""]","[-0.00910219 -0.009139   -0.00918251 -0.00909066 -0.00915406 -0.00906889
 -0.00913266 -0.00898606 -0.00916361 -0.00919115 -0.00917005 -0.00916891
 -0.00901104 -0.00903042 -0.00914992 -0.00927466 -0.00913541 -0.00904339
 -0.00888382 -0.00910246 -0.00915202 -0.00930678 -0.00928083 -0.00920141
 -0.00900676 -0.00905541 -0.00918032 -0.00911348 -0.00917139 -0.00921486
 -0.00926679 -0.00913783 -0.00891933 -0.00916348 -0.00897705 -0.00921232
 -0.00916153 -0.00922649 -0.00934305 -0.00912123 -0.0091353  -0.0091153
 -0.00897693 -0.00926942 -0.00905404 -0.00914468 -0.00931179 -0.00912796
 -0.00931542 -0.00921776 -0.00915856 -0.00916151 -0.00913968 -0.00922617
 -0.00915982 -0.00912815 -0.00916885 -0.0090971  -0.0090641  -0.00916891
 -0.00917001 -0.00909308 -0.00919334 -0.00917808 -0.00927631 -0.00907646
 -0.00905663 -0.00904248 -0.00933966 -0.00916336 -0.00909616 -0.00921097
 -0.009184   -0.00923494 -0.00909174 -0.00920134 -0.00907981 -0.00914333
 -0.00913372 -0.00907736 -0.0092043  -0.00925858 -0.00903013 -0.00902329
 -0.00928341 -0.00900455 -0.00917144 -0.00915984 -0.00923812 -0.00899087
 -0.00927603 -0.00912437 -0.00907142 -0.00911839 -0.00920461 -0.0091976
 -0.00924447 -0.00898269 -0.00903906 -0.00903276 -0.00921433 -0.00921787
 -0.009153   -0.00895517 -0.00932435 -0.00910115 -0.00915067 -0.00922395
 -0.00899159 -0.0091447  -0.00898324 -0.00915994 -0.00899345 -0.00906992
 -0.00934416 -0.00909264 -0.00912912 -0.0090079  -0.0092853  -0.00911799
 -0.00918261 -0.00919421 -0.00905357 -0.00902338 -0.00906605 -0.00914522
 -0.00922958 -0.00913428 -0.00910275 -0.00915106 -0.00914446 -0.00911038
 -0.00906379 -0.00918705 -0.00918372 -0.00915159 -0.00905193 -0.00906349
 -0.00897537 -0.00927853 -0.0092459  -0.00892434 -0.00919947 -0.00930439
 -0.00909451 -0.00917556 -0.00920121 -0.00902405 -0.0091352  -0.00912678
 -0.00914948 -0.00886832 -0.0092987  -0.00931765 -0.00907967 -0.00909334
 -0.00924348 -0.00907276 -0.00920276 -0.00917326 -0.00912241 -0.00904112
 -0.00913452 -0.00914484 -0.00917942 -0.00913806 -0.00916576 -0.00912493
 -0.00917596 -0.00909485 -0.00916359 -0.00908713 -0.00882618 -0.00913832
 -0.00914698 -0.00914653 -0.00898735 -0.00911637 -0.0091644  -0.00909766
 -0.00942604 -0.00907142 -0.00905682 -0.00923799 -0.00912879 -0.00918959
 -0.00907598 -0.0092531  -0.00890545 -0.00908223 -0.00920864 -0.00913213
 -0.00908315 -0.00920217 -0.00911566 -0.00918092 -0.00918552 -0.00913261
 -0.00905378 -0.00925565 -0.00901964 -0.00898496 -0.00904983 -0.00913259
 -0.00925478 -0.00904803 -0.00904804 -0.00928253 -0.00909505 -0.00922245
 -0.00918582 -0.00908527 -0.0088749  -0.00934823 -0.00908659 -0.00916737
 -0.0090116  -0.00918377 -0.00919936 -0.0092234  -0.00900994 -0.00915291
 -0.00927984 -0.00913711 -0.00919355 -0.00902581 -0.00912086 -0.00909308
 -0.00903611 -0.00902449 -0.00924884 -0.00922397 -0.00913504 -0.00909052
 -0.00916199 -0.00901334 -0.00897353 -0.00917504 -0.00904534 -0.00922287
 -0.00922047 -0.00920458 -0.00911373 -0.00913832 -0.00917585 -0.0091406
 -0.00910337 -0.00914093 -0.00908135 -0.00932545 -0.00911997 -0.00911451
 -0.00905074 -0.00919627 -0.0090612  -0.00918092 -0.0092295  -0.00914848
 -0.00900438 -0.00901401 -0.00913469 -0.00919435 -0.00889635 -0.00922589
 -0.00918809 -0.00899802 -0.00924067 -0.00920322 -0.00910873 -0.00919082
 -0.00922212 -0.0091306  -0.00914994 -0.00916443 -0.00917913 -0.00932484
 -0.00916705 -0.00918171 -0.00913218 -0.00921781 -0.00915258 -0.00912738
 -0.00933178 -0.00920074 -0.00913923 -0.00931651 -0.00919097 -0.00921011
 -0.00925575 -0.0091643  -0.00916279 -0.00887513 -0.00925101 -0.00925661
 -0.00902102 -0.00911891 -0.00918616 -0.00899859 -0.00918471 -0.00914945
 -0.0089712  -0.0091135  -0.00926772 -0.00904854 -0.00902355 -0.00902873
 -0.00915358 -0.00926874 -0.01159749 -0.00920667 -0.00917223 -0.00921388
 -0.00908407 -0.00920001 -0.00922215 -0.00935157 -0.00914801 -0.00916189
 -0.00922569 -0.00913862 -0.00915761 -0.00915841 -0.00910746 -0.00923144
 -0.00914526 -0.00926978 -0.00914724 -0.00907281 -0.00919315 -0.00926676
 -0.00906662 -0.00910963 -0.0092564  -0.00923002 -0.00916618 -0.0091783
 -0.00931786 -0.00918009 -0.00932344 -0.00923705 -0.00915442 -0.00907286
 -0.00911216 -0.00930581 -0.00911871 -0.00921085 -0.00892898 -0.0089988
 -0.00906985 -0.00905271 -0.00923212 -0.00918874 -0.00914168 -0.00927761
 -0.00904218 -0.00927277 -0.00919853 -0.00893613 -0.00893119 -0.00913457
 -0.00911629 -0.00919562 -0.00916764 -0.00898641 -0.00906986 -0.00903911
 -0.00921013 -0.00935925 -0.0091219  -0.00911161 -0.00928134 -0.00904292
 -0.00918994 -0.00912129 -0.00928085 -0.00919753 -0.00914863 -0.00905788
 -0.00924146 -0.00931241 -0.00918855 -0.00939453 -0.00915424 -0.00908895
 -0.00921987 -0.00927213 -0.00905627 -0.0091126  -0.00919459 -0.00925768
 -0.00903521 -0.00900997 -0.00924708 -0.00913416 -0.0091815  -0.00922084
 -0.00936638 -0.00920352 -0.00896046 -0.00916038 -0.00921112 -0.00917181
 -0.00907299 -0.00899967 -0.00912839 -0.00913642 -0.00923751 -0.00916937
 -0.00928061 -0.00914079 -0.0090836  -0.00923101 -0.00909065 -0.00906707
 -0.00930041 -0.00918305 -0.00905161 -0.00920348 -0.00918963 -0.00911017
 -0.00912092 -0.00920359 -0.00919501 -0.00917679 -0.00916836 -0.00910836
 -0.00910083 -0.00912753 -0.00914528 -0.0090686  -0.00912815 -0.00919287
 -0.00913704 -0.00915064 -0.00914882 -0.00928677 -0.00910867 -0.00910434
 -0.00919569 -0.00919671 -0.00922484 -0.00911143 -0.00913295 -0.00914189
 -0.00941086 -0.00924783 -0.00923054 -0.00908171 -0.00903143 -0.00911927
 -0.00910999 -0.00911053 -0.00914694 -0.0088959  -0.00920066 -0.00918207
 -0.00910768 -0.00904955 -0.00911768 -0.00918451 -0.00895934 -0.00917581
 -0.0092826  -0.00929401 -0.00901839 -0.00917356 -0.00914095 -0.00915646
 -0.00908769 -0.00929584 -0.00911635 -0.00898476 -0.00911603 -0.00896485
 -0.00901284 -0.00911611 -0.00925761 -0.00917569 -0.0092015  -0.00922456
 -0.00924141 -0.0090794  -0.00921458 -0.00897558 -0.00908063 -0.00925067
 -0.00924813 -0.00915753 -0.00912256 -0.00920533 -0.00915561 -0.00904653
 -0.00915833 -0.00925859 -0.0091824  -0.00915112 -0.00902432 -0.00906991
 -0.00913531 -0.00904419 -0.00906321 -0.00929558 -0.00923736 -0.00930987
 -0.00915572 -0.0090029  -0.00904471 -0.00912336 -0.00923417 -0.0093165
 -0.00930269 -0.00904243 -0.00902317 -0.00916641 -0.00909408 -0.00916874
 -0.00912875 -0.00926516 -0.00909872 -0.00940357 -0.00914319 -0.00925118
 -0.00911888 -0.00907356 -0.00916674 -0.0090973  -0.00913285 -0.00910682
 -0.00923718 -0.00924145 -0.00913642 -0.00925214 -0.00908531 -0.00900592
 -0.00918059 -0.00918995 -0.009198   -0.0090381  -0.00906588 -0.00919819
 -0.00921948 -0.00896187 -0.00913946 -0.00899295 -0.00942829 -0.00918851
 -0.00907605 -0.0091318  -0.00910655 -0.00928147 -0.00928438 -0.00908832
 -0.00934715 -0.00913991 -0.00912622 -0.00899214 -0.00916211 -0.00906331
 -0.00924733 -0.00912239 -0.0090725  -0.00933187 -0.00906743 -0.00940629
 -0.00919177 -0.00909717 -0.00924528 -0.0091124  -0.00924163 -0.0090319
 -0.00906623 -0.00904043 -0.009178   -0.00919574 -0.00907798 -0.00925235
 -0.00910836 -0.0090708  -0.00907014 -0.00901993 -0.00903813 -0.00910644
 -0.00917847 -0.00908421 -0.00926191 -0.00935039 -0.00918452 -0.00913237
 -0.0091197  -0.00904196 -0.00941806 -0.00910186 -0.0091221  -0.00912354
 -0.00925321 -0.00919279 -0.00917176 -0.00897812 -0.00900242 -0.00906875
 -0.00920163 -0.00918683 -0.00924824 -0.00908844 -0.00918429 -0.00911084
 -0.00941776 -0.00914058 -0.00913688 -0.00899222 -0.00899739 -0.00925463
 -0.00919893 -0.00911743 -0.00927744 -0.00920219 -0.00921489 -0.00911022
 -0.00911351 -0.00919743 -0.00910818 -0.00900746 -0.00914888 -0.00909066
 -0.00907279 -0.00928446 -0.00921473 -0.00895463 -0.00915012 -0.00915043
 -0.00908296 -0.0091496  -0.00921454 -0.00911787 -0.00932035 -0.00927699
 -0.00916473 -0.00914439 -0.00910036 -0.00907396 -0.0091952  -0.00924664
 -0.00901739 -0.00919427 -0.00913419 -0.00919782 -0.0092145  -0.00911476
 -0.00904936 -0.00911749 -0.009273   -0.00916839 -0.00901796 -0.00914025
 -0.00913355 -0.00915101 -0.00915462 -0.00915031 -0.00917181 -0.0092388
 -0.0091272  -0.00925267 -0.00898625 -0.00922428 -0.00913034 -0.00913311
 -0.00911864 -0.00917083 -0.00926257 -0.00902378 -0.00919337 -0.00919126
 -0.00912802 -0.00902241 -0.00922783 -0.00921556 -0.00924547 -0.00908184
 -0.00912761 -0.00939477 -0.00925326 -0.00894663 -0.00922491 -0.00905764
 -0.00932631 -0.00892973 -0.00924741 -0.0089862  -0.00927519 -0.00909824
 -0.009271   -0.00900893 -0.00909725 -0.00909378 -0.00917294 -0.00915349
 -0.00932694 -0.009187   -0.00924273 -0.00926448 -0.00927049 -0.009178
 -0.00902207 -0.0091027  -0.00916663 -0.00914027 -0.00917758 -0.00910351
 -0.00904743 -0.00912294 -0.00912578 -0.00913756 -0.00922593 -0.00914343
 -0.00917488 -0.00918226 -0.00927003 -0.00919251 -0.00912617 -0.00900089
 -0.00929031 -0.00912452 -0.00923251 -0.00911333 -0.00909075 -0.00903984
 -0.00915346 -0.00937224 -0.00920087 -0.00913821 -0.00913888 -0.00918129
 -0.00915515 -0.00911103 -0.00921746 -0.00912474 -0.00922204 -0.00919875
 -0.00925181 -0.00904401 -0.00921678 -0.00915038 -0.00922554 -0.00921055
 -0.00917944 -0.00910629 -0.0091962  -0.00926144 -0.00904    -0.00913811
 -0.00908996 -0.00911213 -0.00940374 -0.00921846 -0.00909597 -0.00893266
 -0.00928028 -0.00923872 -0.00908123 -0.00916894 -0.00919222 -0.00914441
 -0.00904989 -0.00911458 -0.00915893 -0.00906799 -0.00912193 -0.00917593]"
Fillets Elegante,"[""1 lb. frozen pollack fish fillets (boneless and skinless)"", ""2 Tbsp. butter or margarine"", ""1 can cream of mushroom soup"", ""1 small can tiny shrimp"", ""1/4 c. grated Parmesan cheese"", ""paprika"", ""pepper""]","[""Thaw fillets enough to separate."", ""Arrange in 9 x 13-inch pan. Dash with pepper."", ""Dot with butter."", ""Drain shrimp."", ""Mix shrimp and soup together and spread over fillets."", ""Sprinkle with cheese and paprika."", ""Bake at 400\u00b0 for 25 minutes.""]","[""pepper"", ""cream of mushroom soup"", ""parmesan cheese"", ""frozen pollack fish"", ""paprika"", ""shrimp"", ""butter""]","[-0.00973627 -0.00961855 -0.00967763 -0.00966925 -0.00963022 -0.00955272
 -0.00949385 -0.00958469 -0.00959655 -0.00991274 -0.0096238  -0.00953027
 -0.00965392 -0.00949238 -0.00966143 -0.00960679 -0.00946082 -0.00963965
 -0.00957915 -0.00972927 -0.00963348 -0.00954232 -0.00971583 -0.0096599
 -0.00947977 -0.0095668  -0.00975481 -0.00962233 -0.00968948 -0.00944237
 -0.00976697 -0.00953666 -0.00961932 -0.00954318 -0.00970228 -0.00972709
 -0.00957731 -0.00962652 -0.00968438 -0.0095938  -0.00966866 -0.00969991
 -0.00949137 -0.00974717 -0.0097617  -0.00976993 -0.00961741 -0.00960344
 -0.00970556 -0.00964571 -0.00964207 -0.00955833 -0.00950773 -0.00954971
 -0.00963714 -0.00944853 -0.00971857 -0.0096577  -0.00948948 -0.00981563
 -0.00963419 -0.0094772  -0.00938233 -0.00958844 -0.00954274 -0.00960921
 -0.00965746 -0.00961547 -0.00972033 -0.0095997  -0.00953364 -0.00944766
 -0.00945031 -0.00966978 -0.00939798 -0.00976875 -0.00968533 -0.00960668
 -0.00967059 -0.00948269 -0.00951515 -0.0093967  -0.00954092 -0.00941622
 -0.0096881  -0.00940404 -0.00959134 -0.0095908  -0.00983062 -0.00958755
 -0.00972529 -0.00965146 -0.0096908  -0.00959296 -0.00954768 -0.0095126
 -0.00959466 -0.0096135  -0.0095779  -0.00954942 -0.0096199  -0.00958202
 -0.00963977 -0.00945188 -0.00985583 -0.00957603 -0.00973133 -0.00969234
 -0.00959275 -0.00960577 -0.00957302 -0.00979448 -0.00958295 -0.0096149
 -0.00966944 -0.00951452 -0.00955603 -0.00954633 -0.00957507 -0.00969135
 -0.00965386 -0.00969957 -0.00937753 -0.00948684 -0.00957926 -0.00959161
 -0.00961216 -0.00971839 -0.00959678 -0.00970551 -0.00973018 -0.009471
 -0.00970126 -0.00956048 -0.00971258 -0.00967584 -0.0095086  -0.0095912
 -0.00965118 -0.00959303 -0.00974028 -0.00927722 -0.00963124 -0.00979432
 -0.00963164 -0.00979559 -0.00961569 -0.00960125 -0.00962803 -0.00960715
 -0.00951771 -0.00951698 -0.00964491 -0.00970992 -0.00971368 -0.00960057
 -0.00961272 -0.00943046 -0.00962735 -0.00955942 -0.00962155 -0.00935295
 -0.00955381 -0.00952114 -0.00953041 -0.0096719  -0.00966715 -0.00929527
 -0.00963571 -0.00955361 -0.00964004 -0.00954789 -0.00941023 -0.00974687
 -0.00969457 -0.00949755 -0.00954535 -0.00944037 -0.00961036 -0.00957481
 -0.01001528 -0.00955307 -0.00958373 -0.00988044 -0.00966566 -0.00949205
 -0.00945129 -0.00968579 -0.0096227  -0.00955388 -0.00969749 -0.00978069
 -0.00978302 -0.00971926 -0.00953127 -0.00958741 -0.00967239 -0.00949922
 -0.00952762 -0.00979143 -0.00965805 -0.00947379 -0.00957285 -0.00953491
 -0.00960832 -0.00945146 -0.00967159 -0.00972422 -0.00964672 -0.00951979
 -0.00965963 -0.00962018 -0.00937428 -0.0096494  -0.0095979  -0.00966333
 -0.00962338 -0.00953372 -0.00980724 -0.00963606 -0.00963327 -0.00967609
 -0.009637   -0.00945211 -0.00989287 -0.00951256 -0.00942153 -0.00973756
 -0.00958578 -0.00955479 -0.00977136 -0.0097258  -0.00954785 -0.00955979
 -0.00982216 -0.00945029 -0.00963284 -0.00962295 -0.00959656 -0.00975218
 -0.00957871 -0.00948748 -0.00947103 -0.00958368 -0.00951319 -0.00955043
 -0.00945225 -0.00955292 -0.00948684 -0.00975817 -0.00971998 -0.00956941
 -0.00968154 -0.00959716 -0.00975243 -0.00963843 -0.00948809 -0.00958219
 -0.00957687 -0.0096075  -0.00960119 -0.00974079 -0.00930105 -0.00957649
 -0.00951375 -0.00976247 -0.00943869 -0.00957252 -0.00943583 -0.00960091
 -0.00963643 -0.00953626 -0.00964922 -0.00958042 -0.00952796 -0.00967953
 -0.00958959 -0.00943726 -0.00954535 -0.00973544 -0.00962026 -0.00952985
 -0.00961431 -0.00950216 -0.00957183 -0.00972502 -0.00943848 -0.00969387
 -0.00952834 -0.00964078 -0.00963274 -0.00963648 -0.00977311 -0.00983167
 -0.00941527 -0.00972467 -0.00976941 -0.00953411 -0.00960616 -0.00967511
 -0.00962892 -0.00950419 -0.00965367 -0.00946934 -0.00964769 -0.00967488
 -0.00956888 -0.00938811 -0.01178114 -0.00966845 -0.00950969 -0.0096386
 -0.0096139  -0.00970989 -0.00960762 -0.00969389 -0.00976265 -0.00958543
 -0.00954945 -0.00961955 -0.00965591 -0.00962496 -0.00962603 -0.00959289
 -0.00953622 -0.00968474 -0.00976188 -0.00931174 -0.00965499 -0.00971696
 -0.00939792 -0.00965847 -0.00964434 -0.00968401 -0.00965871 -0.00949927
 -0.00989839 -0.00970722 -0.00968205 -0.00960782 -0.00949828 -0.00969551
 -0.00956426 -0.00972115 -0.00962085 -0.00970032 -0.00938623 -0.00971014
 -0.00949869 -0.00971376 -0.0094524  -0.00946726 -0.00962605 -0.009781
 -0.00956742 -0.00965881 -0.00947162 -0.00962816 -0.00952594 -0.00975956
 -0.00957519 -0.00971092 -0.00962236 -0.00964572 -0.00961886 -0.00955569
 -0.00971409 -0.009762   -0.00938714 -0.0097469  -0.00960539 -0.00954719
 -0.00971098 -0.00959303 -0.00972751 -0.00962246 -0.00966618 -0.0095985
 -0.00959357 -0.00952955 -0.00966913 -0.00987557 -0.00968745 -0.0095275
 -0.00979041 -0.00979744 -0.00955617 -0.00950049 -0.00962074 -0.00959217
 -0.00950637 -0.00952556 -0.00955834 -0.00954981 -0.00967833 -0.00964614
 -0.00976723 -0.00961927 -0.00962236 -0.00945459 -0.00951942 -0.00952733
 -0.00935601 -0.00969489 -0.00945243 -0.00976172 -0.00957783 -0.00961181
 -0.0097267  -0.00954138 -0.00936266 -0.00963552 -0.00964026 -0.00974949
 -0.00973464 -0.00963102 -0.0095859  -0.00955769 -0.00943855 -0.00970505
 -0.00943651 -0.00956622 -0.00963492 -0.00979616 -0.00959619 -0.00944108
 -0.00963085 -0.00961886 -0.00967803 -0.00937991 -0.00979329 -0.00970163
 -0.00971322 -0.00953577 -0.00963673 -0.00980561 -0.00992197 -0.00961459
 -0.00952769 -0.0096949  -0.00964682 -0.00975051 -0.00946002 -0.00967657
 -0.00954114 -0.00957487 -0.00961874 -0.00955526 -0.00940398 -0.00964201
 -0.00977519 -0.00960128 -0.00959499 -0.00950721 -0.00944893 -0.00969295
 -0.00962717 -0.00941133 -0.00959803 -0.00974296 -0.00941511 -0.00975011
 -0.00988696 -0.00970326 -0.00952468 -0.00972544 -0.00965297 -0.00973023
 -0.00972264 -0.00977243 -0.00963025 -0.00948754 -0.0097931  -0.00958093
 -0.00969739 -0.00964104 -0.00975054 -0.00979397 -0.00963436 -0.00960658
 -0.00942931 -0.00962806 -0.00967876 -0.00950986 -0.0095474  -0.0097419
 -0.00970832 -0.00961246 -0.00953223 -0.00970756 -0.0094567  -0.00951009
 -0.00952629 -0.00958559 -0.00979914 -0.00954057 -0.0096892  -0.00949073
 -0.00961776 -0.0096781  -0.00961059 -0.00968885 -0.00971536 -0.00955427
 -0.00948425 -0.00958906 -0.00952155 -0.00964447 -0.00959379 -0.00977924
 -0.00966856 -0.00943372 -0.009505   -0.00971053 -0.00957613 -0.00975131
 -0.00977826 -0.00955794 -0.00954837 -0.00977429 -0.00959147 -0.00971708
 -0.00974416 -0.00956636 -0.00969407 -0.00963691 -0.00973053 -0.009577
 -0.0096885  -0.00980443 -0.00971428 -0.00963858 -0.0097679  -0.00954771
 -0.00965718 -0.00965388 -0.00958516 -0.00964186 -0.00978858 -0.00946054
 -0.00959298 -0.00972878 -0.00939578 -0.00953253 -0.00971746 -0.00966077
 -0.00953856 -0.00954458 -0.00953309 -0.00976206 -0.00979483 -0.00972223
 -0.00968995 -0.00957937 -0.00954619 -0.00961296 -0.00950377 -0.00937335
 -0.00987108 -0.00954903 -0.00970733 -0.00978347 -0.00957126 -0.00982808
 -0.00960848 -0.00956806 -0.00964296 -0.00944182 -0.00974869 -0.00944608
 -0.00960846 -0.00961653 -0.00961245 -0.00952038 -0.00968969 -0.009506
 -0.00951154 -0.00953912 -0.00964206 -0.00973541 -0.00971624 -0.00960443
 -0.00973148 -0.00967104 -0.00961077 -0.00973728 -0.00961898 -0.00963874
 -0.0094572  -0.00941419 -0.00967704 -0.00954686 -0.00940515 -0.00964974
 -0.00983149 -0.0096195  -0.00988998 -0.00941085 -0.00945184 -0.00956628
 -0.00946184 -0.00947208 -0.00955513 -0.00942119 -0.00968817 -0.00964576
 -0.00966526 -0.00953358 -0.00963609 -0.00953155 -0.00945466 -0.00976776
 -0.00955449 -0.00950266 -0.00954367 -0.00976586 -0.00974463 -0.00954632
 -0.00982878 -0.00964127 -0.0095159  -0.00947328 -0.00969987 -0.00967439
 -0.00972987 -0.00992901 -0.00964226 -0.00946421 -0.00958686 -0.00949024
 -0.00953049 -0.00952905 -0.00958054 -0.0095229  -0.00969481 -0.00965678
 -0.00969193 -0.00953284 -0.00952489 -0.00938978 -0.00967714 -0.00961247
 -0.00954685 -0.00970643 -0.00968926 -0.00961687 -0.00951176 -0.00961684
 -0.00952275 -0.00958694 -0.00956562 -0.00978592 -0.00980242 -0.00953502
 -0.00954265 -0.00964673 -0.00951582 -0.00955371 -0.00956999 -0.00946056
 -0.0096111  -0.00962505 -0.00958483 -0.00963497 -0.00951687 -0.00963189
 -0.00951867 -0.00953519 -0.00956464 -0.00956414 -0.00970533 -0.00971854
 -0.00976884 -0.00959588 -0.00961164 -0.00965388 -0.00963718 -0.00978537
 -0.00960639 -0.00965117 -0.00972659 -0.00935141 -0.00955123 -0.0097218
 -0.00964692 -0.00944224 -0.00976876 -0.00949046 -0.00968409 -0.00972632
 -0.00969551 -0.00967389 -0.00936762 -0.00969283 -0.00966919 -0.00959868
 -0.00955164 -0.00969444 -0.00949054 -0.00971199 -0.00961139 -0.00986649
 -0.00959946 -0.00963306 -0.00974974 -0.00947765 -0.00954625 -0.00973616
 -0.0095026  -0.0096701  -0.00974427 -0.00964851 -0.0095585  -0.00957966
 -0.00966456 -0.00962487 -0.00979727 -0.00976887 -0.00966907 -0.00955771
 -0.00991523 -0.00952809 -0.00966782 -0.00974632 -0.00968553 -0.00941701
 -0.00957965 -0.00977116 -0.00956179 -0.0095164  -0.00945619 -0.00966726
 -0.00972047 -0.00959705 -0.00973662 -0.00965929 -0.00947097 -0.00950499
 -0.00965673 -0.00938581 -0.00960578 -0.00956364 -0.00954916 -0.00956612
 -0.0095609  -0.00967273 -0.00970779 -0.00964725 -0.00951048 -0.00960658
 -0.00966121 -0.00974773 -0.00998358 -0.00960491 -0.00971115 -0.00962729
 -0.00964039 -0.00981295 -0.00935855 -0.0097404  -0.00971361 -0.0096758
 -0.00970364 -0.009827   -0.00938793 -0.00976344 -0.0095925  -0.00966108]"
Spinach Salad,"[""several slices bacon, fried and crumbled"", ""1 pkg. fresh spinach, torn"", ""1 small onion, chopped"", ""1/2 c. sugar"", ""1/2 c. vinegar"", ""3/4 tsp. salt"", ""1 egg, beaten"", ""3 Tbsp. bacon grease""]","[""Combine the first 3 ingredients."", ""In skillet, cook until thickened slightly the remaining ingredients."", ""Pour dressing over salad and toss well."", ""May add hard-cooked eggs and extra bacon for garnish, if desired.""]","[""vinegar"", ""bacon"", ""sugar"", ""egg"", ""fresh spinach"", ""onion"", ""bacon grease"", ""salt""]","[-0.00979387 -0.00974199 -0.0097957  -0.00962854 -0.0095611  -0.00967364
 -0.00970295 -0.00943528 -0.00972381 -0.0097544  -0.00970835 -0.00969988
 -0.0096142  -0.00968452 -0.00974832 -0.00979391 -0.00963423 -0.009605
 -0.00959659 -0.00960427 -0.00964544 -0.01003346 -0.00983906 -0.0097261
 -0.00957342 -0.00965754 -0.00973963 -0.00972565 -0.00976772 -0.00969827
 -0.00976702 -0.00976598 -0.00939196 -0.00973826 -0.00962845 -0.00982865
 -0.00948252 -0.00968265 -0.00983844 -0.00957733 -0.00983761 -0.00964993
 -0.009422   -0.00978631 -0.00950159 -0.00973108 -0.0097558  -0.0096802
 -0.00986734 -0.00974321 -0.00965826 -0.00970069 -0.00963765 -0.00977399
 -0.00963601 -0.00955812 -0.00974018 -0.00966613 -0.00976658 -0.00967805
 -0.00970277 -0.00959256 -0.00970314 -0.00979687 -0.00968882 -0.00961017
 -0.00962353 -0.00949921 -0.00989906 -0.00968446 -0.00975393 -0.00959583
 -0.00981152 -0.00964253 -0.00957903 -0.00976479 -0.00967337 -0.00965637
 -0.00968977 -0.00968673 -0.00971096 -0.0097616  -0.00960223 -0.00968781
 -0.00978825 -0.00949239 -0.00983414 -0.00974792 -0.00978214 -0.00947744
 -0.00991169 -0.00959225 -0.00957749 -0.00965389 -0.00972237 -0.00970544
 -0.00976516 -0.00958004 -0.00956868 -0.00964698 -0.00977363 -0.00970932
 -0.00966942 -0.0094762  -0.00985716 -0.00961515 -0.00983171 -0.00970227
 -0.00955537 -0.00964446 -0.0096217  -0.00970241 -0.00947068 -0.00958723
 -0.0099286  -0.00950235 -0.00976352 -0.00967414 -0.00974271 -0.00973979
 -0.00970415 -0.00963995 -0.00966478 -0.00957328 -0.00971703 -0.0097093
 -0.0097895  -0.00963818 -0.00968568 -0.00981306 -0.00963073 -0.00968369
 -0.00963225 -0.0096707  -0.00976295 -0.00958725 -0.00971464 -0.00972594
 -0.00954362 -0.00987241 -0.00985107 -0.00952969 -0.00960623 -0.00982929
 -0.00962648 -0.00970677 -0.00963567 -0.00961608 -0.009577   -0.00967894
 -0.00959758 -0.00939346 -0.00993183 -0.00991088 -0.00969672 -0.00961467
 -0.00975804 -0.00969538 -0.00975923 -0.00973914 -0.00955255 -0.00967159
 -0.00960476 -0.00968817 -0.00973683 -0.00966555 -0.00966178 -0.00948661
 -0.0096859  -0.00950891 -0.00985286 -0.00962267 -0.00932673 -0.00973779
 -0.00970867 -0.00967282 -0.00972675 -0.00969798 -0.00960125 -0.00957042
 -0.01003636 -0.00969769 -0.00955139 -0.00984172 -0.00961824 -0.00983793
 -0.00956339 -0.00980392 -0.00940737 -0.00949067 -0.00984567 -0.00966667
 -0.00973729 -0.00969795 -0.00966034 -0.00970039 -0.00978643 -0.00956029
 -0.0095502  -0.00985096 -0.00958506 -0.00961456 -0.00952697 -0.00956391
 -0.00988901 -0.00972613 -0.00954629 -0.00986106 -0.00964685 -0.00971651
 -0.00982411 -0.0096245  -0.00938394 -0.00980899 -0.00967956 -0.00968517
 -0.00960748 -0.00978615 -0.00985228 -0.00977477 -0.00954317 -0.00965599
 -0.00998581 -0.00957566 -0.00982837 -0.00960015 -0.00974929 -0.00962137
 -0.00965496 -0.00947798 -0.00975143 -0.00981691 -0.00964611 -0.0096437
 -0.00985495 -0.00950191 -0.00974439 -0.00969536 -0.00963809 -0.00979394
 -0.0096998  -0.00968737 -0.0097191  -0.00975125 -0.00968214 -0.00965948
 -0.00969526 -0.00964037 -0.00962094 -0.00978976 -0.00957821 -0.00971977
 -0.00954099 -0.00985443 -0.00974533 -0.0097189  -0.00969902 -0.00975048
 -0.00952853 -0.0095104  -0.0096606  -0.00958043 -0.00947046 -0.00981991
 -0.00973563 -0.0094895  -0.00983363 -0.0097663  -0.00971097 -0.00971187
 -0.00971787 -0.009686   -0.00987486 -0.00967686 -0.00978552 -0.00990014
 -0.0097437  -0.00973151 -0.00971326 -0.00982015 -0.00968486 -0.00959258
 -0.00991776 -0.00965858 -0.00979864 -0.00995766 -0.00981082 -0.00979055
 -0.0098384  -0.00968258 -0.00960631 -0.00947767 -0.0097895  -0.00983787
 -0.00960949 -0.00975981 -0.00959785 -0.00958899 -0.00968906 -0.00979358
 -0.00954021 -0.00979376 -0.00964935 -0.00960821 -0.00975686 -0.00967887
 -0.00971896 -0.00984676 -0.0116994  -0.00974215 -0.00982092 -0.00968602
 -0.00962095 -0.00975309 -0.00994759 -0.00997887 -0.00978784 -0.00965114
 -0.00970759 -0.00983287 -0.00954453 -0.00969007 -0.00963519 -0.00979736
 -0.00982327 -0.00981542 -0.00976918 -0.00953205 -0.00957117 -0.00983628
 -0.00960823 -0.00958183 -0.00976874 -0.00963943 -0.00973663 -0.0096439
 -0.00999302 -0.00965486 -0.00971759 -0.00970568 -0.00968461 -0.00963448
 -0.00973095 -0.00985434 -0.00984938 -0.00984069 -0.00944062 -0.00954084
 -0.0096026  -0.00974757 -0.00969602 -0.0097737  -0.00952015 -0.00970447
 -0.00959655 -0.0098502  -0.00974068 -0.00948328 -0.00950285 -0.00961988
 -0.00965925 -0.00977272 -0.0097726  -0.00957174 -0.00954291 -0.00964134
 -0.00966769 -0.00987381 -0.00959483 -0.00977551 -0.00979376 -0.00962176
 -0.00994467 -0.00971027 -0.00985811 -0.00975671 -0.00961332 -0.0096716
 -0.00972286 -0.00986745 -0.0096222  -0.00997135 -0.00973622 -0.00980146
 -0.0099385  -0.00982291 -0.00971573 -0.00967435 -0.00959353 -0.00979697
 -0.00954464 -0.00968622 -0.00967982 -0.0097003  -0.00979121 -0.00989653
 -0.00989592 -0.00981862 -0.0095676  -0.00974517 -0.00957059 -0.00969533
 -0.00962106 -0.00946757 -0.00966788 -0.00971127 -0.009806   -0.00973288
 -0.00983859 -0.00978271 -0.00952369 -0.00974125 -0.00960411 -0.00980087
 -0.00983401 -0.00962639 -0.00956829 -0.00972365 -0.00969819 -0.00983862
 -0.00948525 -0.00991977 -0.00987523 -0.00971867 -0.00953405 -0.00958059
 -0.00960999 -0.00965733 -0.00966505 -0.00965982 -0.00957348 -0.00970933
 -0.0095877  -0.00978714 -0.00970926 -0.00970856 -0.00972698 -0.00953917
 -0.00972402 -0.00972473 -0.00976274 -0.00961387 -0.0097746  -0.00978359
 -0.00992746 -0.00977429 -0.00984228 -0.00958245 -0.00967486 -0.00965953
 -0.00970867 -0.00960023 -0.00988665 -0.00946296 -0.00970678 -0.0097522
 -0.00970084 -0.00954203 -0.0097413  -0.00968757 -0.00965651 -0.00974441
 -0.0097781  -0.00996834 -0.00962182 -0.00970794 -0.00973212 -0.00981906
 -0.00962276 -0.00986825 -0.0096191  -0.00955146 -0.00985822 -0.00946641
 -0.00964782 -0.00975675 -0.00982966 -0.00953414 -0.00979483 -0.0097716
 -0.00971713 -0.00964516 -0.00976031 -0.00970621 -0.00970332 -0.00979023
 -0.0099194  -0.00961864 -0.00964911 -0.00989825 -0.00968791 -0.00948606
 -0.00967675 -0.00977246 -0.00980241 -0.00985188 -0.00954503 -0.00972161
 -0.00972763 -0.0097583  -0.00965201 -0.00980582 -0.00972328 -0.00970329
 -0.00969539 -0.00952574 -0.0095633  -0.00970658 -0.00972302 -0.00977161
 -0.00981566 -0.00953964 -0.00956057 -0.00966474 -0.00949956 -0.00974965
 -0.00983297 -0.00972044 -0.00971356 -0.00995916 -0.00950566 -0.00992776
 -0.00965011 -0.00947624 -0.00970631 -0.00968387 -0.00971493 -0.00962587
 -0.0098965  -0.00974742 -0.00964532 -0.0097364  -0.00971135 -0.00965343
 -0.00964361 -0.00975347 -0.00965253 -0.00966056 -0.00958755 -0.00966183
 -0.0097081  -0.00959007 -0.00947153 -0.00942218 -0.00994746 -0.00978268
 -0.00957665 -0.00967636 -0.0096287  -0.00977907 -0.00978626 -0.0096524
 -0.00988806 -0.00987633 -0.00973288 -0.00954255 -0.00951278 -0.00955498
 -0.00979315 -0.00960759 -0.00962012 -0.00990702 -0.00969433 -0.01003233
 -0.00974828 -0.00974297 -0.00987511 -0.0096738  -0.00978903 -0.00954263
 -0.00955273 -0.00941861 -0.00974138 -0.00985786 -0.0095875  -0.00995583
 -0.00952165 -0.00958538 -0.00969522 -0.00972019 -0.00952221 -0.00969388
 -0.00969837 -0.00966022 -0.00976881 -0.01004207 -0.00963582 -0.00984822
 -0.00971695 -0.00957187 -0.00988535 -0.00969098 -0.00971141 -0.00982395
 -0.0098686  -0.00958392 -0.009793   -0.00956912 -0.00948656 -0.00966657
 -0.00963598 -0.00961787 -0.00983479 -0.00959241 -0.00978664 -0.00958084
 -0.0099651  -0.00970393 -0.00981275 -0.0095362  -0.00965931 -0.00975949
 -0.00982604 -0.00952616 -0.00984892 -0.00987139 -0.00989285 -0.00971375
 -0.00969303 -0.00988407 -0.00962883 -0.00952657 -0.00972251 -0.00966727
 -0.00981242 -0.00977993 -0.00967885 -0.00944112 -0.00959952 -0.0096873
 -0.00955216 -0.00971849 -0.00963127 -0.00958463 -0.00999628 -0.00977398
 -0.00970349 -0.00970296 -0.00990409 -0.00965681 -0.00979384 -0.00973757
 -0.00949663 -0.00977713 -0.00968481 -0.00978091 -0.00972698 -0.00973864
 -0.00965352 -0.00959522 -0.00983149 -0.00972256 -0.00952688 -0.00962425
 -0.00978306 -0.00988019 -0.00971628 -0.00979586 -0.00971886 -0.00979197
 -0.00966617 -0.00988754 -0.00945583 -0.00963438 -0.00979241 -0.00969614
 -0.00967461 -0.0096211  -0.00976729 -0.00969169 -0.00982689 -0.00991926
 -0.00973031 -0.00945975 -0.00987881 -0.0097988  -0.0097458  -0.00951812
 -0.00974117 -0.00996398 -0.00974154 -0.0095478  -0.00968547 -0.00965636
 -0.01003098 -0.0095043  -0.00986681 -0.00954683 -0.00985261 -0.00971423
 -0.00987241 -0.00982785 -0.00966722 -0.00970795 -0.00978492 -0.00976078
 -0.00989533 -0.00977722 -0.00981856 -0.00975404 -0.00969631 -0.00981592
 -0.00946422 -0.00969317 -0.00967688 -0.00969644 -0.00972097 -0.00980794
 -0.00963873 -0.00968429 -0.00976231 -0.00964906 -0.00978369 -0.00974406
 -0.0096633  -0.00957779 -0.00994219 -0.00978462 -0.00981589 -0.00954928
 -0.00982771 -0.00966608 -0.0099182  -0.00971636 -0.00958256 -0.00966163
 -0.00975581 -0.00988328 -0.00964684 -0.0097992  -0.00961258 -0.00952177
 -0.00973731 -0.00963776 -0.00986809 -0.00956259 -0.00966786 -0.00965954
 -0.00984623 -0.00951722 -0.00987108 -0.0097492  -0.00976671 -0.00968184
 -0.00967555 -0.00964125 -0.00980191 -0.00981799 -0.00964492 -0.00976647
 -0.00959935 -0.00963035 -0.00990037 -0.0097891  -0.00965716 -0.00963348
 -0.00978959 -0.00966688 -0.00965493 -0.00971534 -0.00967029 -0.00958523
 -0.00960531 -0.00955971 -0.00967595 -0.00964682 -0.00977471 -0.00969247]"
Grilled Pork Chops,"[""1/2 c. soy sauce"", ""1/2 c. Teriyaki"", ""1 c. Pepsi-Cola"", ""1 tsp. ginger"", ""1 tsp. mustard"", ""1/2 tsp. garlic powder""]","[""Lightly pepper 7 or more pork chops before marinating. Marinate 2 to 3 hours before placing on grill."", ""Cook thoroughly.""]","[""ginger"", ""soy sauce"", ""garlic powder"", ""teriyaki"", ""mustard""]","[-0.00916677 -0.00930868 -0.00937333 -0.00917577 -0.00921925 -0.00912333
 -0.0092415  -0.0089693  -0.00932349 -0.0092585  -0.00919497 -0.00918695
 -0.00923587 -0.00918603 -0.00929433 -0.00934145 -0.00913753 -0.00930498
 -0.00922489 -0.00904678 -0.00901254 -0.00954789 -0.00940758 -0.00922382
 -0.0091007  -0.0091851  -0.00922225 -0.00926641 -0.00916713 -0.0092609
 -0.0092197  -0.00924845 -0.0089497  -0.00927358 -0.00908713 -0.00940356
 -0.00899048 -0.00919234 -0.00936105 -0.00899769 -0.00926226 -0.0092174
 -0.00884774 -0.00935269 -0.00904965 -0.00941483 -0.00908012 -0.00924373
 -0.009398   -0.0094341  -0.00915201 -0.00926459 -0.00927415 -0.00922512
 -0.00917696 -0.00893815 -0.00927853 -0.00913122 -0.00929483 -0.00915863
 -0.00914172 -0.00914934 -0.0092344  -0.00938744 -0.00925908 -0.00910992
 -0.00920048 -0.00897736 -0.00942124 -0.0090034  -0.00925388 -0.00917882
 -0.00937072 -0.00915973 -0.00909087 -0.00928478 -0.00915801 -0.00916271
 -0.00926449 -0.00932584 -0.00927284 -0.00928144 -0.00913823 -0.0091102
 -0.00929846 -0.00904308 -0.00938831 -0.00938225 -0.00929227 -0.00898588
 -0.00931331 -0.00915273 -0.00903432 -0.00918237 -0.00930077 -0.00917192
 -0.00927883 -0.00907016 -0.00903632 -0.00914179 -0.009331   -0.00916726
 -0.00918087 -0.00909446 -0.00944792 -0.00924689 -0.00931786 -0.00927283
 -0.00916874 -0.00920342 -0.00924042 -0.0092091  -0.00895359 -0.00919886
 -0.00949294 -0.00902501 -0.00925673 -0.00929847 -0.00933726 -0.00932484
 -0.00926848 -0.00920634 -0.00927104 -0.00891432 -0.00927406 -0.00939263
 -0.00919609 -0.00914864 -0.00914208 -0.0094025  -0.00917461 -0.00902884
 -0.00925515 -0.00921156 -0.00943129 -0.00906568 -0.00906291 -0.00927747
 -0.00915914 -0.00942744 -0.00941676 -0.00914866 -0.00912635 -0.00929758
 -0.00918967 -0.00924505 -0.00920533 -0.00911564 -0.00923759 -0.00923603
 -0.00913448 -0.00903354 -0.00945472 -0.00932651 -0.00922026 -0.00916387
 -0.0092564  -0.00931554 -0.00914567 -0.00917502 -0.00891508 -0.00933322
 -0.00921475 -0.00923357 -0.0092606  -0.00920461 -0.00918053 -0.00901059
 -0.009368   -0.00890392 -0.0093252  -0.00899328 -0.00878476 -0.00938547
 -0.00934109 -0.00917205 -0.0093261  -0.00915377 -0.00910442 -0.00909129
 -0.00959971 -0.00935877 -0.00901195 -0.00943287 -0.00919675 -0.0093147
 -0.00917404 -0.00945401 -0.00910206 -0.00894442 -0.00937272 -0.00919619
 -0.00932717 -0.00922829 -0.00910187 -0.00934371 -0.00923947 -0.00910564
 -0.00917003 -0.00944973 -0.00918655 -0.00917247 -0.00918182 -0.00911683
 -0.00941379 -0.00909856 -0.00910822 -0.00937781 -0.00913971 -0.00923263
 -0.0093886  -0.00914937 -0.00901593 -0.00929786 -0.00918808 -0.00923569
 -0.00915023 -0.00920365 -0.00947274 -0.00927531 -0.00917539 -0.00922845
 -0.00961059 -0.00902354 -0.00939729 -0.00924273 -0.00933668 -0.00910449
 -0.00928719 -0.00908361 -0.00918345 -0.00935436 -0.00909878 -0.00920334
 -0.0095069  -0.00914995 -0.00910839 -0.00926107 -0.00907636 -0.00950178
 -0.00932721 -0.00920964 -0.00912642 -0.00942062 -0.00920805 -0.00921452
 -0.00916556 -0.00913625 -0.00912829 -0.00934911 -0.00905673 -0.00936438
 -0.00905348 -0.00950909 -0.0090756  -0.0094014  -0.00925483 -0.00934939
 -0.00921426 -0.00904767 -0.0091455  -0.00925263 -0.00891194 -0.00936205
 -0.00932246 -0.00907713 -0.00934037 -0.00924514 -0.00915989 -0.00928427
 -0.00923254 -0.0092013  -0.00937053 -0.00926359 -0.00939101 -0.00943619
 -0.00919794 -0.00934638 -0.00922954 -0.00936793 -0.00907167 -0.00907331
 -0.00948111 -0.00906922 -0.00929744 -0.00946813 -0.00934745 -0.00940628
 -0.00944911 -0.00912439 -0.0090828  -0.0088945  -0.00939768 -0.00952569
 -0.00909911 -0.00923913 -0.00921612 -0.00909736 -0.00910595 -0.00948537
 -0.00892635 -0.00927615 -0.0092006  -0.00911789 -0.00929996 -0.00924796
 -0.00931506 -0.00940162 -0.01099061 -0.00937944 -0.00942346 -0.00922191
 -0.00915567 -0.00927182 -0.00932751 -0.0095022  -0.0092625  -0.00923267
 -0.00931468 -0.00929831 -0.00894191 -0.00921055 -0.0092038  -0.00928742
 -0.00917341 -0.00943921 -0.00925661 -0.00900957 -0.00895364 -0.00936661
 -0.00915873 -0.00918827 -0.00916874 -0.00919195 -0.00932103 -0.0090951
 -0.00948458 -0.00928031 -0.00927846 -0.00915468 -0.0092535  -0.00927423
 -0.00917258 -0.00933682 -0.00941182 -0.00934957 -0.00893845 -0.00914678
 -0.00912025 -0.00923922 -0.0093952  -0.00931287 -0.00887867 -0.00923204
 -0.00899009 -0.00949367 -0.0092974  -0.0091339  -0.0091251  -0.00926104
 -0.00922618 -0.00925347 -0.00917859 -0.00914959 -0.00899618 -0.00914891
 -0.00930349 -0.00947596 -0.0090672  -0.00936668 -0.00936828 -0.00904654
 -0.00951898 -0.00921166 -0.00935212 -0.00937079 -0.00915751 -0.00911287
 -0.00929102 -0.00922496 -0.00916235 -0.00956034 -0.00919547 -0.00930242
 -0.00951392 -0.00929702 -0.00920546 -0.00929525 -0.00923811 -0.00940576
 -0.00906827 -0.00925152 -0.00931606 -0.00920962 -0.00932635 -0.00947315
 -0.00956917 -0.00937581 -0.0089952  -0.00924823 -0.00912482 -0.00901911
 -0.00919021 -0.00895912 -0.00918759 -0.00935389 -0.00929851 -0.00938194
 -0.00929143 -0.00935116 -0.00895694 -0.00927994 -0.00919891 -0.00928544
 -0.00932039 -0.00926757 -0.00899758 -0.00926538 -0.00922003 -0.00949608
 -0.00905847 -0.00930595 -0.00941064 -0.00925398 -0.00907294 -0.00909362
 -0.00920092 -0.00906894 -0.00906502 -0.00913041 -0.00925553 -0.00933796
 -0.00923846 -0.00927841 -0.009135   -0.00929348 -0.00922012 -0.00903788
 -0.00926848 -0.0093957  -0.00937147 -0.00915052 -0.00915051 -0.00929793
 -0.00934426 -0.00952187 -0.00938256 -0.00904658 -0.00914163 -0.0091181
 -0.0092378  -0.00909554 -0.00942666 -0.00888402 -0.00915893 -0.00921254
 -0.009164   -0.00903839 -0.00927198 -0.00912738 -0.00934219 -0.00928412
 -0.00934308 -0.00953301 -0.00910343 -0.0092502  -0.00928214 -0.00941999
 -0.00918826 -0.00924874 -0.00903402 -0.00906396 -0.00942224 -0.00901238
 -0.00929199 -0.00922471 -0.00946657 -0.00910441 -0.00930208 -0.00929259
 -0.00923264 -0.00911619 -0.00925572 -0.00930866 -0.00923933 -0.00921727
 -0.00951588 -0.00919363 -0.00915827 -0.00936105 -0.0092021  -0.00912438
 -0.00929168 -0.00931538 -0.00923685 -0.00933665 -0.00907473 -0.00913337
 -0.00937723 -0.00926516 -0.00914871 -0.0092948  -0.00926428 -0.00921504
 -0.00923623 -0.00914023 -0.00905997 -0.00939861 -0.00914772 -0.0092966
 -0.00923586 -0.00910669 -0.00913841 -0.00911698 -0.00904947 -0.00934439
 -0.00938613 -0.00932398 -0.00923862 -0.00953153 -0.0091304  -0.00946599
 -0.00920753 -0.00904065 -0.00907651 -0.00915701 -0.00920586 -0.00911756
 -0.0093692  -0.00933107 -0.00921112 -0.00918771 -0.00934493 -0.00914211
 -0.00918885 -0.009317   -0.00926382 -0.00932589 -0.00930049 -0.00911112
 -0.00924054 -0.00917214 -0.00900796 -0.00889714 -0.00943921 -0.00942405
 -0.00910845 -0.00914003 -0.00911418 -0.00931966 -0.00925381 -0.00912163
 -0.00937699 -0.00941679 -0.00925602 -0.00906171 -0.00906372 -0.00918776
 -0.00929715 -0.00916617 -0.00923122 -0.00958099 -0.0092281  -0.00956192
 -0.00933925 -0.00920454 -0.0093952  -0.00923522 -0.00928263 -0.00904036
 -0.00914432 -0.0090303  -0.0092404  -0.00929859 -0.00927973 -0.00919862
 -0.00902112 -0.00906502 -0.00923434 -0.00934365 -0.00892735 -0.00931563
 -0.00931224 -0.00927286 -0.00924315 -0.009558   -0.00916358 -0.00932407
 -0.0092234  -0.00909263 -0.00928698 -0.00932543 -0.0092232  -0.00939453
 -0.00935382 -0.00902676 -0.00942551 -0.00922664 -0.00887774 -0.00922983
 -0.0091351  -0.00906777 -0.00927389 -0.00914985 -0.00920762 -0.00921099
 -0.00946108 -0.00908231 -0.00953392 -0.00915253 -0.00929687 -0.00933445
 -0.00926309 -0.00909006 -0.0092839  -0.00938215 -0.00933757 -0.00911527
 -0.00917744 -0.00940019 -0.00910499 -0.00888329 -0.00919255 -0.00922524
 -0.00936106 -0.00927964 -0.00933563 -0.00882634 -0.00907949 -0.0093586
 -0.00909201 -0.0092185  -0.00910572 -0.00908585 -0.00951512 -0.0093295
 -0.00935352 -0.00919118 -0.00948726 -0.00914778 -0.00930929 -0.00924886
 -0.00914835 -0.00929629 -0.00921256 -0.00934352 -0.00933405 -0.00915985
 -0.00920928 -0.00919339 -0.00945048 -0.00921993 -0.00897276 -0.00913042
 -0.00940634 -0.00931673 -0.00910369 -0.00933219 -0.00920617 -0.00931572
 -0.00921203 -0.00933226 -0.00906335 -0.00940626 -0.00929016 -0.00921364
 -0.00923033 -0.00915687 -0.0091865  -0.00919211 -0.00926726 -0.00956632
 -0.00918828 -0.0089065  -0.0094231  -0.00947058 -0.00933201 -0.00900152
 -0.00920645 -0.00934779 -0.00937745 -0.00909747 -0.00930851 -0.00918068
 -0.0094223  -0.00902183 -0.00941618 -0.00907995 -0.00939123 -0.0092986
 -0.00956942 -0.00937965 -0.00913958 -0.00912991 -0.00937487 -0.00923166
 -0.00938781 -0.00936113 -0.00932546 -0.00928108 -0.00919374 -0.00932516
 -0.00905534 -0.0093246  -0.00918351 -0.00925833 -0.00910984 -0.00919003
 -0.00914307 -0.00912986 -0.00925712 -0.00922037 -0.00939048 -0.00924476
 -0.00924036 -0.00909106 -0.00955934 -0.00934789 -0.00937837 -0.0091705
 -0.00941973 -0.00916741 -0.00932397 -0.00931874 -0.00910307 -0.00927651
 -0.00925871 -0.00928034 -0.00912434 -0.00931282 -0.00909516 -0.00908706
 -0.00933726 -0.00940989 -0.00928175 -0.00905283 -0.00932389 -0.00919874
 -0.00944292 -0.00895308 -0.0093746  -0.00940847 -0.00932301 -0.00922044
 -0.00910023 -0.00929246 -0.00925966 -0.00938044 -0.00911558 -0.00934073
 -0.0091648  -0.00908018 -0.00950092 -0.00925085 -0.0091501  -0.00906461
 -0.00941032 -0.00916773 -0.00921167 -0.0092347  -0.0092192  -0.00919342
 -0.00918929 -0.00913958 -0.00919624 -0.00923594 -0.00926841 -0.00932877]"
The Best Chili,"[""2 sliced onions"", ""2 lb. ground beef or moose"", ""1/2 tsp. pepper"", ""1 medium can tomatoes"", ""1 small can tomato paste"", ""1 Tbsp. sugar"", ""1 1/2 tsp. chili powder"", ""4 oz. can mushrooms"", ""1 tsp. chili powder"", ""1 (16 oz.) kidney beans""]","[""Cook sliced onions in butter until soft."", ""Add next 6 ingredients and cook for 1 hour over low heat."", ""Next, add mushrooms, 1 teaspoon chili powder and kidney beans and simmer for 15 minutes more.""]","[""kidney beans"", ""sugar"", ""tomatoes"", ""tomato paste"", ""pepper"", ""chili powder"", ""mushrooms"", ""onions"", ""ground beef""]","[-0.00997774 -0.01003509 -0.00983087 -0.00985119 -0.00992971 -0.00995898
 -0.00995898 -0.00982833 -0.00979579 -0.01000064 -0.0099158  -0.00983206
 -0.00990755 -0.00993264 -0.00997391 -0.00996749 -0.00992287 -0.00990082
 -0.00983628 -0.00997905 -0.00995433 -0.00996227 -0.00999565 -0.01008488
 -0.00981967 -0.00978901 -0.01003634 -0.00993204 -0.0100976  -0.00991546
 -0.01001861 -0.00994024 -0.00992623 -0.00982761 -0.01001392 -0.01001511
 -0.00998104 -0.00996814 -0.01013705 -0.00992956 -0.00997238 -0.00998436
 -0.00985056 -0.00996983 -0.01006945 -0.00993183 -0.01003792 -0.00985513
 -0.01002131 -0.01003861 -0.00994352 -0.00985268 -0.00993176 -0.00989852
 -0.00991646 -0.00991548 -0.00980893 -0.00989852 -0.01004531 -0.00995728
 -0.00994713 -0.00994668 -0.00984761 -0.01002659 -0.00991852 -0.00988068
 -0.00990931 -0.01005437 -0.00995574 -0.00979253 -0.00995188 -0.01002735
 -0.00985608 -0.01005928 -0.00990972 -0.00994908 -0.00999947 -0.00993358
 -0.00984555 -0.00991654 -0.00986791 -0.00990673 -0.00993715 -0.00976885
 -0.00996676 -0.00990959 -0.00983084 -0.00997342 -0.01003019 -0.00992172
 -0.00993875 -0.00991645 -0.00982576 -0.00995118 -0.00986113 -0.01004075
 -0.01003433 -0.00992904 -0.00991483 -0.00983618 -0.00996378 -0.00991878
 -0.0099721  -0.00984213 -0.01013178 -0.00997002 -0.00988166 -0.01000494
 -0.00988611 -0.00994556 -0.00986479 -0.00997579 -0.00992576 -0.00988495
 -0.0100076  -0.00978723 -0.0100672  -0.01004255 -0.00992993 -0.00992249
 -0.00994502 -0.00985526 -0.0098664  -0.0097366  -0.00981467 -0.0099808
 -0.01004294 -0.00997262 -0.00999082 -0.01003779 -0.00991096 -0.00990317
 -0.00994463 -0.00988826 -0.00993598 -0.0099373  -0.00997404 -0.00989462
 -0.00993377 -0.00993761 -0.0099221  -0.00982493 -0.01004805 -0.01004477
 -0.00992835 -0.01016279 -0.00987898 -0.00991046 -0.0098843  -0.00998194
 -0.00981861 -0.00978289 -0.01010584 -0.01023799 -0.00997511 -0.00982606
 -0.01000313 -0.00993508 -0.0099213  -0.00992474 -0.00982272 -0.00990131
 -0.00991484 -0.00988294 -0.01004505 -0.00995333 -0.00993349 -0.0097411
 -0.00998589 -0.00989394 -0.00987139 -0.00989798 -0.0097676  -0.00983623
 -0.01001989 -0.00988338 -0.00978154 -0.00985715 -0.01002692 -0.00987081
 -0.01020101 -0.00982067 -0.00996258 -0.01003887 -0.00987545 -0.00993594
 -0.00982387 -0.01005795 -0.00973293 -0.00985029 -0.00998258 -0.00990651
 -0.00995279 -0.00992256 -0.0099334  -0.00991147 -0.00987227 -0.00997356
 -0.00980179 -0.0099552  -0.00974703 -0.00997826 -0.00983085 -0.00986633
 -0.00999516 -0.0098468  -0.00983406 -0.01001551 -0.00985206 -0.00983955
 -0.00998039 -0.0097853  -0.00991202 -0.00996126 -0.00988007 -0.00993616
 -0.00992129 -0.00995892 -0.00998311 -0.00991807 -0.00978135 -0.00989942
 -0.00988194 -0.00996238 -0.01003552 -0.00985998 -0.00984207 -0.01002078
 -0.00984669 -0.00995564 -0.010063   -0.00995553 -0.00998096 -0.0098315
 -0.00991793 -0.00984583 -0.0099672  -0.0098797  -0.0099364  -0.01003792
 -0.00996787 -0.00998246 -0.00985877 -0.00980776 -0.0099946  -0.00983196
 -0.0098415  -0.00999678 -0.01003693 -0.00997054 -0.01000959 -0.01001209
 -0.00987209 -0.00983687 -0.00994417 -0.00999687 -0.00990794 -0.0099417
 -0.00983226 -0.00987041 -0.00995937 -0.00999981 -0.00983443 -0.0100534
 -0.00995854 -0.00995501 -0.00999843 -0.00998914 -0.00993775 -0.00983543
 -0.01000604 -0.00978751 -0.00990756 -0.01001336 -0.01000839 -0.01001441
 -0.00983386 -0.00981869 -0.00980406 -0.01005037 -0.0100344  -0.00984432
 -0.0099534  -0.00996488 -0.0097661  -0.01014169 -0.01004861 -0.01001148
 -0.01001803 -0.00995015 -0.01000643 -0.0097615  -0.00993111 -0.01014933
 -0.0097643  -0.00994102 -0.00993774 -0.00982973 -0.01008727 -0.00991744
 -0.01001702 -0.00980243 -0.00992691 -0.00996698 -0.00975842 -0.00987504
 -0.00998997 -0.00986694 -0.01233557 -0.0099709  -0.00993373 -0.01003107
 -0.00987302 -0.01002006 -0.00996599 -0.00995487 -0.00997889 -0.00999788
 -0.00985362 -0.00993844 -0.00998736 -0.00982981 -0.00993687 -0.00995974
 -0.01001093 -0.01003626 -0.0100824  -0.00979604 -0.01002633 -0.00993308
 -0.00989613 -0.01004458 -0.01007157 -0.00975739 -0.00987676 -0.00985429
 -0.01009996 -0.00996031 -0.01003351 -0.00989876 -0.0099342  -0.00984744
 -0.00988053 -0.00999271 -0.00986815 -0.00996124 -0.00982079 -0.00987956
 -0.00984826 -0.00993878 -0.00994894 -0.00983705 -0.00984812 -0.00999255
 -0.009743   -0.00998345 -0.00980957 -0.00989268 -0.00973582 -0.00993864
 -0.00978086 -0.00984365 -0.01001068 -0.00991513 -0.00985802 -0.00993814
 -0.00999008 -0.0101244  -0.00987725 -0.00991501 -0.00988469 -0.009768
 -0.0100395  -0.00994376 -0.00995957 -0.00998377 -0.00998767 -0.00979913
 -0.00986804 -0.01006012 -0.00999027 -0.01021951 -0.01016684 -0.00981337
 -0.00997807 -0.0098957  -0.00979365 -0.00995666 -0.00997015 -0.00991489
 -0.00992554 -0.00973343 -0.00986836 -0.00998921 -0.00990645 -0.0099114
 -0.0100377  -0.00984242 -0.00989474 -0.00992329 -0.00991459 -0.0099318
 -0.00972003 -0.0098161  -0.00986256 -0.00996368 -0.00988402 -0.0098677
 -0.00990907 -0.00992272 -0.0098966  -0.00991163 -0.0099609  -0.00988522
 -0.01007089 -0.00983473 -0.0098388  -0.01003708 -0.00989653 -0.00992657
 -0.00974638 -0.00984931 -0.00991777 -0.01003834 -0.00991806 -0.00983143
 -0.01001561 -0.00984692 -0.01001712 -0.00987257 -0.01001176 -0.0098273
 -0.01002153 -0.0098608  -0.00986253 -0.01010505 -0.00996662 -0.00986139
 -0.00994313 -0.00996175 -0.00988214 -0.00995757 -0.00985924 -0.00986878
 -0.0099241  -0.0099121  -0.00998199 -0.00998483 -0.00991325 -0.00993208
 -0.00997714 -0.00985748 -0.0097945  -0.00988881 -0.00993059 -0.00994818
 -0.00988449 -0.00988014 -0.00980995 -0.0099329  -0.00974104 -0.00986138
 -0.01001148 -0.00997348 -0.00993814 -0.00997964 -0.01012807 -0.00996905
 -0.00989759 -0.01010916 -0.00980409 -0.00979206 -0.00995897 -0.0098668
 -0.00994337 -0.00991505 -0.01011075 -0.0097829  -0.00981937 -0.00999224
 -0.00995196 -0.00991972 -0.00996497 -0.00989266 -0.00993232 -0.01000483
 -0.00989072 -0.00988119 -0.00998981 -0.00991249 -0.00990239 -0.00996258
 -0.00988955 -0.00993163 -0.01004122 -0.0100927  -0.00985736 -0.00973186
 -0.00985859 -0.00995623 -0.00992829 -0.01008991 -0.01003035 -0.01006219
 -0.00974183 -0.00977978 -0.00985716 -0.00990692 -0.01000895 -0.01001531
 -0.00997134 -0.00992263 -0.00983793 -0.01000963 -0.0097122  -0.00996943
 -0.01003844 -0.00998795 -0.0099394  -0.0100489  -0.00997063 -0.00995193
 -0.00991053 -0.00990348 -0.00988454 -0.00986334 -0.00995312 -0.00997112
 -0.01005088 -0.01002859 -0.00989746 -0.01001414 -0.00990551 -0.00993292
 -0.01000481 -0.01005146 -0.0099516  -0.00994445 -0.00984015 -0.00980068
 -0.00989636 -0.00987201 -0.010008   -0.00985123 -0.00996615 -0.0098622
 -0.00997413 -0.00993431 -0.0099167  -0.01006932 -0.01002738 -0.00986885
 -0.00990991 -0.01004238 -0.00987762 -0.00969017 -0.00985337 -0.00979003
 -0.01003968 -0.00996159 -0.0099386  -0.01002437 -0.00986501 -0.010244
 -0.00996066 -0.01005995 -0.0100146  -0.00995979 -0.0100507  -0.00978901
 -0.00983963 -0.00992538 -0.00999656 -0.00988757 -0.00983764 -0.01001545
 -0.00989879 -0.00984394 -0.00995106 -0.00993293 -0.00992705 -0.00986829
 -0.01000459 -0.00987709 -0.01003689 -0.00997087 -0.01004189 -0.00993713
 -0.00983775 -0.00975714 -0.00995614 -0.00999186 -0.00994009 -0.01000389
 -0.00995486 -0.00997786 -0.01002737 -0.00983468 -0.00975254 -0.00991311
 -0.00988062 -0.00984188 -0.00992099 -0.00993645 -0.01002165 -0.00994227
 -0.01002348 -0.0099947  -0.00989153 -0.00992956 -0.00976673 -0.01002075
 -0.00999306 -0.00981254 -0.00986069 -0.0099258  -0.00993499 -0.00992536
 -0.01002219 -0.0100384  -0.00988233 -0.00982281 -0.01014455 -0.00998099
 -0.00977638 -0.0100284  -0.01002186 -0.00983233 -0.00994404 -0.00985592
 -0.00992301 -0.00987657 -0.00985322 -0.00985763 -0.01021114 -0.00991972
 -0.00974224 -0.00981711 -0.00986211 -0.00972933 -0.00983121 -0.00987591
 -0.00987218 -0.00995629 -0.00992378 -0.00994891 -0.0098799  -0.00984179
 -0.00982219 -0.00995656 -0.00990665 -0.00987322 -0.01000996 -0.00981484
 -0.00991488 -0.01004582 -0.00982588 -0.00991224 -0.0099983  -0.00992162
 -0.01009464 -0.00998491 -0.00985441 -0.00980728 -0.00992008 -0.0098337
 -0.0100313  -0.01006683 -0.00980355 -0.00992753 -0.01000729 -0.00997397
 -0.00996584 -0.00972091 -0.0098817  -0.00997238 -0.01001585 -0.00993344
 -0.0100432  -0.00996388 -0.00994137 -0.00992159 -0.00993311 -0.00984899
 -0.0098917  -0.00977689 -0.01002065 -0.00983086 -0.00992936 -0.00995854
 -0.01002874 -0.00983709 -0.00985095 -0.01003956 -0.00993755 -0.00990993
 -0.0099411  -0.01007051 -0.00978208 -0.01000101 -0.01005454 -0.0099444
 -0.00989006 -0.00999966 -0.0099568  -0.00997506 -0.0099762  -0.00994705
 -0.00994244 -0.00993563 -0.00995538 -0.0098089  -0.00997862 -0.00991905
 -0.00986158 -0.01000303 -0.01010582 -0.00995944 -0.00993363 -0.00991932
 -0.01011852 -0.00984865 -0.00999694 -0.00995797 -0.00981801 -0.00985224
 -0.0097717  -0.00996109 -0.00997564 -0.00986674 -0.00991193 -0.0097694
 -0.01010968 -0.00990498 -0.0100611  -0.00970047 -0.01004928 -0.00984496
 -0.01005188 -0.00991796 -0.00991497 -0.00996408 -0.00992653 -0.00995869
 -0.00995664 -0.00997609 -0.01000257 -0.00995931 -0.00989969 -0.00993065
 -0.00990691 -0.01004622 -0.0102358  -0.00995932 -0.00997002 -0.00994448
 -0.0099582  -0.0098877  -0.00987534 -0.00995808 -0.00987478 -0.00994238
 -0.0100262  -0.00994062 -0.00986222 -0.00985974 -0.0098408  -0.00997567]"
Jewish Apple Cake,"[""6 large apples, sliced"", ""2 tsp. cinnamon"", ""5 Tbsp. sugar"", ""nuts"", ""3 c. flour"", ""2 1/2 c. sugar or 1/2 c. sugar + 1/3 c. orange juice"", ""1 c. oil or applesauce"", ""4 eggs or 1 box Egg Beaters"", ""1/2 tsp. salt"", ""1/3 c. orange juice"", ""2 1/2 tsp. vanilla"", ""3 1/2 tsp. baking powder""]","[""Mix apples, cinnamon, 5 tablespoons sugar and nuts and set aside."", ""Grease and flour pan."", ""Beat flour, remaining sugar, oil, eggs, salt, orange juice, vanilla and baking powder."", ""Beat 5 to 8 minutes."", ""Layer dough and apples."", ""Start in cold oven at 350\u00b0; bake for 1 1/2 to 2 hours.""]","[""oil"", ""sugar"", ""vanilla"", ""baking powder"", ""eggs"", ""cinnamon"", ""flour"", ""nuts"", ""orange juice"", ""apples"", ""salt""]","[-0.01069169 -0.01057289 -0.01067181 -0.01066974 -0.01065924 -0.01054302
 -0.01052334 -0.01052141 -0.01065871 -0.01071187 -0.01072911 -0.01073175
 -0.01049629 -0.01062274 -0.01072007 -0.01065793 -0.01059529 -0.01053495
 -0.01053104 -0.01057255 -0.01058836 -0.0107792  -0.01073966 -0.01064112
 -0.01050121 -0.01061517 -0.0107163  -0.01067108 -0.0107799  -0.0105799
 -0.01077586 -0.01061335 -0.01032713 -0.01062139 -0.01049267 -0.0108039
 -0.01051552 -0.01071533 -0.01079485 -0.01053968 -0.01060639 -0.01069013
 -0.0103888  -0.01070259 -0.01060994 -0.01070228 -0.01067751 -0.01053928
 -0.01079611 -0.01066911 -0.0106152  -0.01066187 -0.01060409 -0.01062568
 -0.01066478 -0.01053127 -0.01067245 -0.01051371 -0.0104911  -0.01061247
 -0.01060344 -0.01062728 -0.01057952 -0.01076951 -0.01061214 -0.01062007
 -0.01053372 -0.01048535 -0.01081702 -0.0105919  -0.01063313 -0.01071741
 -0.01072837 -0.01071233 -0.01057465 -0.0107443  -0.01058303 -0.01057169
 -0.01066189 -0.01064506 -0.01068803 -0.01071947 -0.01054215 -0.01044147
 -0.0106599  -0.01054987 -0.01070276 -0.01066462 -0.01071139 -0.01057623
 -0.01073316 -0.01061738 -0.0105793  -0.01051373 -0.0107265  -0.01063366
 -0.01067894 -0.01055262 -0.01053602 -0.01066322 -0.01066586 -0.01065084
 -0.01060982 -0.01044529 -0.0107716  -0.01062134 -0.01063191 -0.01061474
 -0.01046132 -0.01065987 -0.01052651 -0.01065503 -0.01041602 -0.01054728
 -0.01080344 -0.01044667 -0.01063534 -0.01068356 -0.0107643  -0.01056843
 -0.01061958 -0.0106265  -0.01060691 -0.01043816 -0.01054333 -0.01064897
 -0.01073957 -0.01049609 -0.01060822 -0.01065326 -0.01051854 -0.01053859
 -0.01057022 -0.01066725 -0.01072087 -0.01061599 -0.01062866 -0.01063238
 -0.01045309 -0.01068758 -0.01071754 -0.01053636 -0.01060385 -0.0108428
 -0.01055315 -0.01067801 -0.0106605  -0.01059221 -0.01053548 -0.01065343
 -0.01058686 -0.01038774 -0.0107802  -0.01072866 -0.01058629 -0.01062403
 -0.01069054 -0.01063967 -0.01070709 -0.01058245 -0.01047244 -0.01056278
 -0.01059892 -0.01057854 -0.01072308 -0.01054962 -0.01060611 -0.01039327
 -0.01067767 -0.01051271 -0.01069718 -0.01051296 -0.01027431 -0.01066301
 -0.01076759 -0.01051428 -0.01058957 -0.01066067 -0.01061466 -0.01057237
 -0.01094795 -0.01052851 -0.01053189 -0.01071317 -0.01058666 -0.01066073
 -0.01063467 -0.01075032 -0.01040148 -0.01056024 -0.01082325 -0.01070548
 -0.01068723 -0.01061856 -0.01063599 -0.01075685 -0.01070344 -0.01063933
 -0.01053893 -0.01070899 -0.01059812 -0.01053472 -0.01054316 -0.01053723
 -0.01077397 -0.01052645 -0.01061332 -0.01069817 -0.0106546  -0.01072214
 -0.01062409 -0.01053084 -0.01045169 -0.01068548 -0.01063131 -0.01056526
 -0.01057936 -0.01071509 -0.01075355 -0.01069579 -0.01052554 -0.01065223
 -0.01077914 -0.01070866 -0.01072218 -0.01050483 -0.01062881 -0.01051056
 -0.01050613 -0.01057745 -0.01072987 -0.01069485 -0.01065547 -0.01060983
 -0.01077596 -0.01051829 -0.01049974 -0.01072973 -0.01050673 -0.01070341
 -0.01078387 -0.01056454 -0.01056903 -0.01078429 -0.0105917  -0.01062877
 -0.01066424 -0.01068913 -0.01052957 -0.01070359 -0.01055573 -0.01064786
 -0.01054538 -0.01067189 -0.01056818 -0.01059589 -0.01062688 -0.01065964
 -0.01050217 -0.01052192 -0.01057999 -0.01054021 -0.01035954 -0.01077779
 -0.01066868 -0.0105483  -0.01080355 -0.0107138  -0.01054284 -0.01067229
 -0.01062585 -0.01061037 -0.01062561 -0.01060008 -0.01064595 -0.010742
 -0.01064736 -0.01058506 -0.01058818 -0.01071895 -0.01069116 -0.01058556
 -0.01078593 -0.01057304 -0.01056521 -0.01073308 -0.01075475 -0.0107778
 -0.01071445 -0.01064182 -0.0105963  -0.01022638 -0.01061768 -0.01084373
 -0.0104705  -0.01057392 -0.01063788 -0.01057777 -0.0106548  -0.01073145
 -0.01050395 -0.010584   -0.01070506 -0.01055385 -0.01057729 -0.01047232
 -0.01064219 -0.01068609 -0.01301246 -0.0106903  -0.01075518 -0.01076748
 -0.01061752 -0.01067275 -0.01069323 -0.01077014 -0.01067451 -0.01070142
 -0.01067513 -0.01072803 -0.01051549 -0.01061927 -0.01058839 -0.01066533
 -0.01060679 -0.01077226 -0.01064875 -0.01053921 -0.01062675 -0.01076331
 -0.01060066 -0.01061797 -0.01065231 -0.01068486 -0.01055443 -0.01060377
 -0.01092639 -0.01069787 -0.01067926 -0.01065291 -0.01050901 -0.01056376
 -0.01059046 -0.01075321 -0.01067295 -0.01076708 -0.01030236 -0.01046695
 -0.01053379 -0.01060655 -0.0106629  -0.01058653 -0.01052579 -0.01068073
 -0.01052306 -0.01075976 -0.0105899  -0.01057271 -0.01039102 -0.0105806
 -0.0106538  -0.01069722 -0.01064763 -0.01051142 -0.01046377 -0.01055544
 -0.01060034 -0.01084792 -0.01045704 -0.0106671  -0.01065048 -0.01055409
 -0.01067049 -0.01059732 -0.01078777 -0.01080718 -0.01065954 -0.01054245
 -0.0106796  -0.01076531 -0.01070859 -0.01093994 -0.01076332 -0.01060117
 -0.01076064 -0.01079664 -0.01059432 -0.01065356 -0.01060008 -0.01080073
 -0.01054788 -0.01061957 -0.01062849 -0.01063264 -0.01072684 -0.01064869
 -0.01081876 -0.01063522 -0.01052117 -0.01065134 -0.01059142 -0.01058687
 -0.01055129 -0.01048207 -0.01057042 -0.01062279 -0.01068081 -0.0105691
 -0.01075377 -0.01065162 -0.01052147 -0.01065801 -0.01054228 -0.01055788
 -0.01074951 -0.01059248 -0.010478   -0.01067213 -0.01068717 -0.01071767
 -0.01045511 -0.01071004 -0.01069774 -0.01076117 -0.01055771 -0.01056036
 -0.01051584 -0.01049102 -0.01066107 -0.01059544 -0.0105444  -0.01064403
 -0.01060633 -0.0106557  -0.01061216 -0.01070992 -0.01061623 -0.01056732
 -0.01063311 -0.01066341 -0.01075744 -0.01054829 -0.01057481 -0.01055036
 -0.01077636 -0.01077714 -0.01066086 -0.01054535 -0.01052785 -0.01072667
 -0.01061918 -0.01047182 -0.01055164 -0.0103559  -0.01064377 -0.01069905
 -0.01065555 -0.01045589 -0.01061682 -0.01051857 -0.01046488 -0.01061925
 -0.01069268 -0.01078277 -0.01055618 -0.01068245 -0.01066059 -0.01064953
 -0.01062152 -0.0108255  -0.01072923 -0.01048965 -0.01073716 -0.01044339
 -0.01053412 -0.01070228 -0.01076074 -0.01054037 -0.01065729 -0.01064664
 -0.01071595 -0.01045736 -0.01065759 -0.01054581 -0.01057742 -0.01072799
 -0.01076872 -0.01062682 -0.01064522 -0.01070646 -0.01063201 -0.01053789
 -0.01060649 -0.01068822 -0.01078938 -0.01061088 -0.01052976 -0.0105253
 -0.01058393 -0.01067819 -0.01060011 -0.01069349 -0.01070444 -0.01068629
 -0.01052694 -0.0105175  -0.01051815 -0.01060055 -0.0106305  -0.01078524
 -0.01070594 -0.01051908 -0.01053764 -0.0107055  -0.01052727 -0.01060047
 -0.01075962 -0.01069084 -0.01054943 -0.01094511 -0.01055771 -0.01080507
 -0.01063601 -0.0104879  -0.01066001 -0.01054323 -0.01057358 -0.01059873
 -0.0107442  -0.01064601 -0.0106314  -0.01061403 -0.01057136 -0.01047063
 -0.01071832 -0.01072763 -0.01079448 -0.01062834 -0.0104952  -0.01060898
 -0.01067302 -0.01052448 -0.01058789 -0.010487   -0.010885   -0.01070028
 -0.01055977 -0.01054849 -0.01058734 -0.01080993 -0.01078069 -0.01067833
 -0.01070495 -0.01059792 -0.01067984 -0.01047365 -0.01051183 -0.01047655
 -0.0106932  -0.0105761  -0.0105564  -0.01077996 -0.0106447  -0.01089342
 -0.01077836 -0.01063892 -0.01066689 -0.01067042 -0.01070518 -0.01048085
 -0.0105327  -0.01051686 -0.01064267 -0.01066796 -0.01055482 -0.01073516
 -0.01056879 -0.01052186 -0.01061968 -0.01065601 -0.01044325 -0.0105988
 -0.01074045 -0.01056735 -0.01071331 -0.01088232 -0.01067416 -0.01067694
 -0.01061678 -0.01055064 -0.01079459 -0.01054324 -0.01058837 -0.01074374
 -0.01077925 -0.01053821 -0.01070287 -0.01061842 -0.01055288 -0.01058545
 -0.01066207 -0.0104736  -0.01071607 -0.01064407 -0.01074824 -0.01057474
 -0.01085219 -0.01062098 -0.01072854 -0.01053629 -0.01046326 -0.01071236
 -0.01071032 -0.01047004 -0.01071737 -0.01073646 -0.01071063 -0.0105845
 -0.01061198 -0.01062538 -0.01054957 -0.01041525 -0.01058279 -0.01061945
 -0.01055741 -0.01072739 -0.0106355  -0.0104228  -0.01062419 -0.01062382
 -0.01042302 -0.01060821 -0.0105959  -0.01059156 -0.01069562 -0.01069024
 -0.01061269 -0.01053857 -0.01066922 -0.01061712 -0.01067863 -0.01060644
 -0.01048877 -0.01064562 -0.01063396 -0.01071573 -0.01076125 -0.01057191
 -0.01057205 -0.01069979 -0.01083167 -0.01058853 -0.01044777 -0.01056393
 -0.01070137 -0.01073569 -0.01053743 -0.01054775 -0.01063265 -0.01066106
 -0.01065439 -0.01080126 -0.01043344 -0.01060061 -0.01062808 -0.01069265
 -0.01068016 -0.01061706 -0.01063513 -0.01063147 -0.01064531 -0.01079831
 -0.01065877 -0.01050165 -0.01079901 -0.01081552 -0.01076313 -0.01057209
 -0.0106393  -0.01084749 -0.01080438 -0.01048961 -0.01054915 -0.01054769
 -0.01079991 -0.01037128 -0.01072523 -0.01043718 -0.01068056 -0.0107693
 -0.01071806 -0.01061369 -0.01067827 -0.0106127  -0.01070597 -0.01075437
 -0.01073444 -0.01076261 -0.01076394 -0.01062666 -0.01057596 -0.01074494
 -0.01052684 -0.01066465 -0.01066564 -0.01061525 -0.01070587 -0.01053299
 -0.01048635 -0.01064909 -0.01062763 -0.01068327 -0.01075719 -0.01066529
 -0.01049506 -0.01061233 -0.01075851 -0.01072464 -0.01059579 -0.01061198
 -0.01078098 -0.01070974 -0.01072717 -0.01059133 -0.01052023 -0.01058854
 -0.01058953 -0.01085506 -0.01058829 -0.01069085 -0.01055843 -0.01057461
 -0.01079198 -0.01059497 -0.01064233 -0.01058946 -0.01070825 -0.01064408
 -0.01073176 -0.01046612 -0.01068651 -0.01073356 -0.01066443 -0.01060321
 -0.0105723  -0.01056252 -0.01065663 -0.01078605 -0.01050114 -0.01062977
 -0.01062638 -0.01060697 -0.01075968 -0.01067164 -0.01053035 -0.01046986
 -0.01073991 -0.01066475 -0.01059562 -0.01071913 -0.01059772 -0.01056131
 -0.01048797 -0.01071397 -0.01062969 -0.01057279 -0.01059552 -0.01065   ]"
Spanish Rice Casserole,"[""1 lb. ground beef"", ""1 tsp. salt"", ""dash of pepper"", ""1/4 c. margarine"", ""1 c. white rice"", ""1 small onion, chopped"", ""1 medium green pepper, chopped"", ""1 c. water"", ""1 (16 oz.) can tomatoes"", ""1 (4 oz.) can mushrooms, sliced""]","[""Mix ground beef, salt and pepper."", ""Form into small balls. Heat in a large skillet the margarine and meat balls."", ""Brown slightly."", ""Remove meat balls."", ""Add to skillet the rice, onion and green pepper."", ""Cook over medium heat, stirring constantly until lightly browned."", ""Add 1 cup of water, tomatoes and mushrooms; mix well."", ""Add meat balls and bring to a boil."", ""Cover and reduce heat. Simmer, covered, for 30 minutes.""]","[""tomatoes"", ""pepper"", ""white rice"", ""onion"", ""mushrooms"", ""water"", ""margarine"", ""ground beef"", ""green pepper"", ""salt""]","[-0.01085997 -0.01074957 -0.01080335 -0.0106787  -0.01059049 -0.01070223
 -0.01082473 -0.01038504 -0.01086668 -0.0108475  -0.01067428 -0.01071771
 -0.01063849 -0.01072334 -0.01081049 -0.01074609 -0.0106969  -0.01068775
 -0.01070719 -0.0105531  -0.0106282  -0.01094799 -0.01091308 -0.01075753
 -0.01067499 -0.01080239 -0.01085374 -0.01074696 -0.01067536 -0.0107935
 -0.01066614 -0.01069184 -0.01039435 -0.01068514 -0.01052876 -0.01073871
 -0.01056366 -0.01081242 -0.01099361 -0.01060748 -0.01085343 -0.01071808
 -0.0104802  -0.01081381 -0.0106149  -0.01070605 -0.01066729 -0.01072711
 -0.01090921 -0.01067377 -0.01077702 -0.01070477 -0.01079547 -0.01084497
 -0.01060133 -0.01051355 -0.01076948 -0.01063908 -0.01080233 -0.01068594
 -0.01075472 -0.01060445 -0.01081201 -0.01086291 -0.01066563 -0.01073814
 -0.01063467 -0.0106019  -0.01097157 -0.01060175 -0.0107715  -0.01070505
 -0.01085379 -0.0107271  -0.01066873 -0.01080464 -0.01074368 -0.01070342
 -0.0107793  -0.01071476 -0.01084456 -0.01084565 -0.01063941 -0.01069631
 -0.01074728 -0.01045173 -0.01089357 -0.01071947 -0.01084074 -0.01062085
 -0.01081802 -0.01059654 -0.01071973 -0.01068244 -0.01069554 -0.01067341
 -0.01080075 -0.01066054 -0.01058828 -0.01063511 -0.01091125 -0.01068574
 -0.01057284 -0.01057763 -0.01090422 -0.01069794 -0.01094464 -0.01075539
 -0.01069677 -0.01066447 -0.01057348 -0.01062724 -0.01053454 -0.01073739
 -0.01099477 -0.01057544 -0.0106795  -0.01075664 -0.01079233 -0.01078028
 -0.01075732 -0.01075179 -0.01083279 -0.01041454 -0.0107324  -0.01079554
 -0.01079481 -0.01067564 -0.01054281 -0.0108137  -0.01063333 -0.01061232
 -0.01063578 -0.01076838 -0.01085324 -0.0106467  -0.01055907 -0.01081453
 -0.01062606 -0.01096105 -0.01098266 -0.01060652 -0.01068193 -0.01081241
 -0.01081877 -0.01064123 -0.01077218 -0.01061032 -0.01066481 -0.01082024
 -0.0106197  -0.0105668  -0.01101899 -0.01083489 -0.01073452 -0.01073207
 -0.0108205  -0.01073593 -0.01070349 -0.0107674  -0.01045785 -0.01081891
 -0.01071989 -0.01085244 -0.01083447 -0.01066883 -0.01068181 -0.01042566
 -0.01078906 -0.01045379 -0.01075699 -0.01069053 -0.01032418 -0.0109176
 -0.01093762 -0.0106891  -0.01078119 -0.01067876 -0.01063159 -0.01057042
 -0.01108134 -0.0106169  -0.0104966  -0.01092639 -0.01064798 -0.0108097
 -0.01068505 -0.01096868 -0.01051784 -0.01064407 -0.01091379 -0.01076
 -0.01095392 -0.01084985 -0.01068267 -0.01086121 -0.01080428 -0.01069751
 -0.01056475 -0.01083066 -0.01071969 -0.01055076 -0.01063991 -0.01063375
 -0.01096714 -0.01071355 -0.01069839 -0.01084975 -0.01051774 -0.01071264
 -0.01089085 -0.01065324 -0.0105831  -0.0108456  -0.01066061 -0.01069812
 -0.01061611 -0.01080671 -0.01074749 -0.01071475 -0.01063981 -0.01084431
 -0.01100538 -0.01051694 -0.01087782 -0.0107389  -0.01069207 -0.01063965
 -0.01063726 -0.01051617 -0.01066427 -0.01087321 -0.01054647 -0.01078256
 -0.01101844 -0.01059635 -0.01075181 -0.01061413 -0.01061903 -0.01088405
 -0.0108009  -0.01069748 -0.0105729  -0.01090736 -0.01072756 -0.01082508
 -0.01085664 -0.01072964 -0.01066455 -0.01080872 -0.0105058  -0.01073286
 -0.0105498  -0.01097098 -0.01077376 -0.01078338 -0.01067897 -0.01073943
 -0.01065284 -0.01056727 -0.01051706 -0.01066483 -0.01041189 -0.01083598
 -0.01074133 -0.01068446 -0.01077881 -0.0108405  -0.01077589 -0.01073535
 -0.01078324 -0.01076172 -0.0108243  -0.0107146  -0.01090378 -0.01095219
 -0.0107052  -0.01072773 -0.01085441 -0.01090975 -0.01069485 -0.0106241
 -0.01088473 -0.01061924 -0.01088031 -0.01097524 -0.01083022 -0.0109337
 -0.01085864 -0.01076352 -0.01065573 -0.0105354  -0.01091435 -0.01081714
 -0.01052293 -0.01088309 -0.01063801 -0.01047648 -0.01065585 -0.01101241
 -0.01060483 -0.01084881 -0.01070155 -0.01064106 -0.01073824 -0.01065058
 -0.01079796 -0.01084377 -0.01248555 -0.01085242 -0.01087126 -0.01076671
 -0.01063358 -0.01084015 -0.01089272 -0.01098593 -0.01073317 -0.01071302
 -0.01077048 -0.01081167 -0.01047147 -0.01079946 -0.01078343 -0.01079328
 -0.01071164 -0.01090895 -0.01084274 -0.01058782 -0.01060071 -0.01088456
 -0.01059358 -0.01054879 -0.01072611 -0.01075689 -0.01084105 -0.01070156
 -0.0110813  -0.0107613  -0.01074441 -0.01073896 -0.01069603 -0.01079768
 -0.01065933 -0.0108062  -0.01088336 -0.01078031 -0.01053778 -0.01072273
 -0.01067934 -0.01071098 -0.01075033 -0.01078251 -0.01045437 -0.01074822
 -0.01051274 -0.01088023 -0.01078097 -0.01049733 -0.01063178 -0.01070145
 -0.01070967 -0.0107655  -0.01074395 -0.01061958 -0.01032508 -0.01073082
 -0.01070626 -0.01094945 -0.01058447 -0.0106965  -0.01089024 -0.01073546
 -0.01091213 -0.01078647 -0.01094008 -0.0109285  -0.01073604 -0.01068052
 -0.01083954 -0.01085106 -0.01074492 -0.01107936 -0.01082264 -0.01091255
 -0.01098622 -0.01080568 -0.01072827 -0.01062974 -0.0106365  -0.01082826
 -0.01058189 -0.01085501 -0.01072287 -0.01073424 -0.01077881 -0.01097526
 -0.01103305 -0.01080483 -0.0104748  -0.01085825 -0.01057733 -0.01071903
 -0.01056539 -0.01060266 -0.01066525 -0.01080852 -0.0107598  -0.01078947
 -0.01088667 -0.01081671 -0.01045703 -0.01089768 -0.01053936 -0.01076686
 -0.01088391 -0.01063843 -0.01058655 -0.01076056 -0.01060549 -0.01084746
 -0.01069398 -0.01083044 -0.01083082 -0.01072595 -0.01056208 -0.01059972
 -0.01064998 -0.01067013 -0.0107086  -0.01067552 -0.01081158 -0.01071078
 -0.01070865 -0.0108548  -0.01064966 -0.01070092 -0.01079199 -0.01056633
 -0.01094801 -0.01078062 -0.01077939 -0.0106452  -0.01074615 -0.01080743
 -0.01087262 -0.01081704 -0.01084707 -0.01073427 -0.0107198  -0.01075011
 -0.01084595 -0.01073732 -0.01088037 -0.01045976 -0.01066042 -0.01076356
 -0.01073407 -0.0105442  -0.01067441 -0.01070576 -0.01078428 -0.01068806
 -0.01099839 -0.01109523 -0.01058367 -0.01068507 -0.01067448 -0.01095557
 -0.01060368 -0.01084322 -0.01069558 -0.01070879 -0.01086278 -0.01045082
 -0.01069155 -0.01070272 -0.01089413 -0.01055234 -0.01081963 -0.01086727
 -0.01073062 -0.01078827 -0.01079813 -0.01073423 -0.01055459 -0.01072352
 -0.01088581 -0.01059083 -0.01068306 -0.01087967 -0.01069837 -0.0105545
 -0.01082104 -0.01083779 -0.01062934 -0.01090149 -0.01055827 -0.01061892
 -0.01085105 -0.0106326  -0.0105396  -0.01081489 -0.01072515 -0.01076586
 -0.01068156 -0.01066607 -0.01058884 -0.01069106 -0.01079022 -0.01078249
 -0.01079026 -0.01058633 -0.0105492  -0.0107834  -0.01053438 -0.01079142
 -0.01086942 -0.01096998 -0.01073184 -0.01100692 -0.01063803 -0.01089841
 -0.01070972 -0.01059215 -0.01072828 -0.01067195 -0.01082922 -0.01069425
 -0.01089592 -0.01078996 -0.01060854 -0.01073426 -0.01072915 -0.01055053
 -0.0106316  -0.01073591 -0.01084435 -0.01070148 -0.01060818 -0.01071547
 -0.01072432 -0.01051352 -0.01072783 -0.01050261 -0.0109095  -0.01087702
 -0.01058633 -0.01067293 -0.01063135 -0.0108421  -0.01070826 -0.01071933
 -0.01081805 -0.01096551 -0.01064803 -0.01058543 -0.0106103  -0.01065823
 -0.0107287  -0.01071779 -0.01076381 -0.01101267 -0.01076961 -0.01104421
 -0.01085585 -0.01064023 -0.01097986 -0.01072866 -0.01074195 -0.01057222
 -0.01069296 -0.01044925 -0.01072617 -0.0109162  -0.01067037 -0.01079033
 -0.01056177 -0.01057183 -0.01056304 -0.01077852 -0.01066859 -0.01075356
 -0.01067081 -0.01063914 -0.01088308 -0.01103392 -0.01060704 -0.01077011
 -0.01094636 -0.01072714 -0.01079566 -0.01073364 -0.01066738 -0.01079147
 -0.01094237 -0.01065414 -0.01088442 -0.01083499 -0.01052166 -0.01058225
 -0.01064946 -0.01063588 -0.01084486 -0.01072985 -0.01077559 -0.01066269
 -0.01095033 -0.01067421 -0.0109842  -0.01058724 -0.0107387  -0.01077541
 -0.01090604 -0.01061447 -0.01069914 -0.01090046 -0.0109016  -0.01071329
 -0.01072588 -0.01096391 -0.01066545 -0.01041276 -0.01064341 -0.01063755
 -0.01085845 -0.01070938 -0.0107292  -0.0104174  -0.01052846 -0.0108695
 -0.01058366 -0.01073137 -0.01059543 -0.0105822  -0.01103669 -0.01087255
 -0.01078226 -0.01079611 -0.01093515 -0.01052849 -0.01076238 -0.01070292
 -0.01064465 -0.01076514 -0.01070008 -0.01070128 -0.01087174 -0.01070256
 -0.01045999 -0.01072978 -0.01095832 -0.01076008 -0.01054154 -0.01073799
 -0.01094745 -0.01082287 -0.01060594 -0.0107556  -0.01066531 -0.01084933
 -0.01063014 -0.01081688 -0.01053719 -0.01068863 -0.01080561 -0.01074892
 -0.01073584 -0.01052707 -0.01082277 -0.01075687 -0.0108707  -0.01090546
 -0.01064607 -0.01060567 -0.01081883 -0.01097597 -0.01080499 -0.01057837
 -0.0108066  -0.01094848 -0.01087931 -0.01046424 -0.01067318 -0.01058312
 -0.01097872 -0.0104922  -0.01089945 -0.01061389 -0.01084245 -0.01084296
 -0.01094917 -0.01076952 -0.01086003 -0.01074289 -0.0109274  -0.01075865
 -0.01091214 -0.01084895 -0.01087983 -0.0108461  -0.01070247 -0.01082839
 -0.0106096  -0.0107827  -0.01076034 -0.01071353 -0.01067126 -0.01082256
 -0.01071561 -0.01073981 -0.01078433 -0.01066574 -0.01087057 -0.01085741
 -0.01068351 -0.01053762 -0.01102497 -0.0106654  -0.01097423 -0.01057255
 -0.01094217 -0.01068689 -0.01083974 -0.01076826 -0.01063115 -0.01074365
 -0.01069319 -0.01087589 -0.01081971 -0.01093832 -0.0106139  -0.01067537
 -0.01079483 -0.01073476 -0.01072394 -0.01045896 -0.01087364 -0.01067564
 -0.01078319 -0.010432   -0.01081306 -0.01081119 -0.01092829 -0.01075301
 -0.0106072  -0.010683   -0.01086308 -0.01085467 -0.01066061 -0.01070597
 -0.01086225 -0.01073969 -0.01084919 -0.01081113 -0.01052128 -0.01055217
 -0.01093792 -0.01070183 -0.01071015 -0.01078335 -0.01078643 -0.01068423
 -0.01065206 -0.01062293 -0.01073035 -0.01082643 -0.01075871 -0.01077919]"
Sweet Potato Casserole,"[""6 c. mashed sweet potatoes"", ""2 c. sugar"", ""1 tsp. salt"", ""4 eggs"", ""1/2 c. melted butter"", ""1 c. evaporated milk"", ""1 tsp. vanilla""]","[""Mix together with electric mixer and pour into baking pan.""]","[""sugar"", ""vanilla"", ""eggs"", ""mashed sweet potatoes"", ""milk"", ""butter"", ""salt""]","[-0.00931638 -0.00930444 -0.0092648  -0.00911038 -0.00904451 -0.00913188
 -0.00931555 -0.00892373 -0.00939304 -0.00933453 -0.00916971 -0.00923097
 -0.00916613 -0.00914944 -0.00928029 -0.00925713 -0.00920288 -0.0091292
 -0.00917036 -0.0090104  -0.00898401 -0.00947217 -0.00941811 -0.00919435
 -0.00907099 -0.00919611 -0.00935918 -0.00924349 -0.00907841 -0.00930707
 -0.00922182 -0.00922436 -0.00896412 -0.0091662  -0.00901896 -0.0093104
 -0.00899396 -0.00924475 -0.00946408 -0.00906696 -0.00933554 -0.00921976
 -0.00888858 -0.00939168 -0.00905272 -0.00928371 -0.00914921 -0.00920743
 -0.00934918 -0.00925916 -0.00912418 -0.00922158 -0.00937055 -0.00935749
 -0.00910142 -0.00899551 -0.00913711 -0.00919277 -0.00929655 -0.00914621
 -0.0092715  -0.00918643 -0.00929563 -0.00939121 -0.00922317 -0.00922524
 -0.00921201 -0.00912946 -0.0094982  -0.00911522 -0.0092946  -0.00924532
 -0.00936217 -0.00918665 -0.00911231 -0.00925621 -0.00922635 -0.00920168
 -0.00926802 -0.009297   -0.00947226 -0.009313   -0.00912256 -0.00915458
 -0.00928798 -0.00900626 -0.00937721 -0.00920492 -0.00937971 -0.00904485
 -0.00937318 -0.00915115 -0.00911813 -0.00914013 -0.00920075 -0.00923955
 -0.00931018 -0.00912375 -0.00912165 -0.00908416 -0.00934144 -0.0091616
 -0.00906547 -0.00905706 -0.009416   -0.00919144 -0.00938495 -0.00927424
 -0.00920719 -0.00911777 -0.00905756 -0.00912002 -0.00902627 -0.00919089
 -0.00956537 -0.00908756 -0.00928726 -0.00924656 -0.00929281 -0.00931629
 -0.00924052 -0.00926078 -0.00929694 -0.00882882 -0.00927469 -0.00933883
 -0.00928474 -0.00916521 -0.00905282 -0.00937684 -0.00916181 -0.00908436
 -0.0091858  -0.00923076 -0.00936232 -0.00902163 -0.00902949 -0.00928871
 -0.00915742 -0.00954813 -0.00940385 -0.00910747 -0.00908393 -0.00928574
 -0.00919715 -0.00923335 -0.00923688 -0.00905159 -0.00916079 -0.00931324
 -0.00908275 -0.00904251 -0.00957169 -0.00940159 -0.00924192 -0.00913652
 -0.00939981 -0.009178   -0.00917327 -0.00925013 -0.00901507 -0.00930651
 -0.00917937 -0.00930205 -0.00924863 -0.00918192 -0.00911937 -0.00899424
 -0.00929568 -0.00895657 -0.009289   -0.00919449 -0.00878548 -0.00931541
 -0.00928325 -0.00917321 -0.0092334  -0.00914738 -0.0091334  -0.00912371
 -0.00959007 -0.00914731 -0.00903517 -0.00946703 -0.00915743 -0.00931582
 -0.00915797 -0.00948892 -0.009002   -0.00904152 -0.00938965 -0.009196
 -0.00945049 -0.00932634 -0.00906192 -0.00931697 -0.00929553 -0.00923882
 -0.00908731 -0.00934203 -0.00915188 -0.0090909  -0.00908813 -0.00924588
 -0.00939251 -0.00917298 -0.00922239 -0.00938203 -0.00903965 -0.0091778
 -0.00938147 -0.00907717 -0.0090264  -0.00931216 -0.00917404 -0.00922301
 -0.00914237 -0.00914789 -0.00927678 -0.00921925 -0.0091134  -0.00924194
 -0.00958554 -0.00899416 -0.00931252 -0.00923124 -0.00917739 -0.009216
 -0.00918761 -0.00891885 -0.00918711 -0.00939875 -0.00906688 -0.0092473
 -0.00948139 -0.00909051 -0.00921162 -0.00903689 -0.00907899 -0.00947011
 -0.00927376 -0.00921636 -0.0091023  -0.0094342  -0.00926928 -0.00923128
 -0.00931572 -0.00914818 -0.00919306 -0.00935953 -0.00901465 -0.00932363
 -0.00905231 -0.00949407 -0.00924992 -0.00930818 -0.00918856 -0.0092646
 -0.00910159 -0.00901325 -0.00897816 -0.00923206 -0.00892053 -0.00934672
 -0.00925399 -0.0090491  -0.009303   -0.00927279 -0.00923966 -0.00926577
 -0.00933359 -0.00930298 -0.00937435 -0.00915183 -0.00937799 -0.00948206
 -0.0091735  -0.00915375 -0.00933542 -0.00942637 -0.00916707 -0.00911548
 -0.00944385 -0.00906289 -0.00935948 -0.00957238 -0.00926691 -0.00935977
 -0.00947418 -0.00927083 -0.00913091 -0.00899303 -0.00942883 -0.00938837
 -0.00905441 -0.00928173 -0.00909731 -0.00903078 -0.00908993 -0.00946533
 -0.00891886 -0.00933412 -0.00919414 -0.00912426 -0.00932092 -0.0091718
 -0.00925629 -0.00939133 -0.01078713 -0.00931874 -0.00940946 -0.00929353
 -0.00913937 -0.00937861 -0.00939264 -0.00949217 -0.00925106 -0.00911291
 -0.00930014 -0.00936293 -0.00893136 -0.00928409 -0.00924462 -0.00936183
 -0.00916654 -0.00933193 -0.00929108 -0.00903532 -0.00906678 -0.00943824
 -0.00914849 -0.00907238 -0.0091876  -0.00920401 -0.0093381  -0.00915199
 -0.00947881 -0.00927082 -0.0092529  -0.00929921 -0.00930602 -0.00931412
 -0.00913989 -0.00929771 -0.00940471 -0.00936671 -0.00890295 -0.00914556
 -0.00913477 -0.00919504 -0.00934472 -0.00938772 -0.00893249 -0.00922293
 -0.00898958 -0.00942596 -0.00930119 -0.00899303 -0.00905133 -0.00916568
 -0.00923081 -0.00933433 -0.00919916 -0.00903273 -0.00890857 -0.00909559
 -0.00918833 -0.00950095 -0.00918944 -0.00918529 -0.00943026 -0.00921943
 -0.00943431 -0.00933732 -0.00943754 -0.00939927 -0.00921728 -0.00920647
 -0.00932553 -0.00937721 -0.00913998 -0.00952969 -0.00922241 -0.00937445
 -0.00950483 -0.00925316 -0.00925433 -0.00912074 -0.00925192 -0.00932578
 -0.00910036 -0.00922628 -0.00922982 -0.00918512 -0.00932215 -0.00947981
 -0.00954766 -0.00936575 -0.00896285 -0.00931441 -0.00910826 -0.00914701
 -0.00911656 -0.00904157 -0.0091598  -0.0092906  -0.00931913 -0.00933923
 -0.00943746 -0.00926897 -0.00893622 -0.00937561 -0.00913734 -0.00926008
 -0.00940555 -0.00924413 -0.00909313 -0.00921956 -0.0091686  -0.00938574
 -0.00907278 -0.00939287 -0.00935074 -0.00923156 -0.00902996 -0.00906544
 -0.00914846 -0.00913054 -0.00918381 -0.0091504  -0.009247   -0.00924315
 -0.00928766 -0.00927559 -0.00924978 -0.00923658 -0.00917338 -0.00901569
 -0.00936067 -0.00924544 -0.00930775 -0.00910686 -0.00930097 -0.00930942
 -0.00933296 -0.00941654 -0.00939581 -0.0091928  -0.00920064 -0.00915835
 -0.00934058 -0.00926088 -0.0094856  -0.00895226 -0.00909045 -0.00921363
 -0.00917748 -0.00908065 -0.00926187 -0.00911176 -0.0092376  -0.00924865
 -0.00942205 -0.00949845 -0.00905687 -0.00921854 -0.00925844 -0.00947847
 -0.00905191 -0.00930964 -0.00909597 -0.00912157 -0.00933054 -0.0088478
 -0.00919775 -0.00918476 -0.00939229 -0.00907119 -0.00934597 -0.00935764
 -0.00928195 -0.00918115 -0.00926994 -0.00921729 -0.00910538 -0.00929002
 -0.00944813 -0.00912258 -0.00918467 -0.00938182 -0.00923981 -0.00897805
 -0.00924781 -0.0093253  -0.00919478 -0.00938091 -0.00905352 -0.00918693
 -0.00934262 -0.00916834 -0.00913016 -0.00932785 -0.00922951 -0.00927387
 -0.00918262 -0.00919681 -0.0089858  -0.00924928 -0.00923055 -0.00930694
 -0.00929119 -0.00906286 -0.00908062 -0.00918398 -0.00909216 -0.00926991
 -0.00932718 -0.00930412 -0.00922336 -0.00948553 -0.00909914 -0.00949333
 -0.00917967 -0.00904269 -0.0092062  -0.00919347 -0.00927125 -0.00919961
 -0.00943471 -0.00930452 -0.0090507  -0.00921837 -0.00924737 -0.00910202
 -0.00907136 -0.009232   -0.00938544 -0.00918278 -0.00916463 -0.00920891
 -0.00921832 -0.00905875 -0.00916206 -0.00888873 -0.00947729 -0.00940842
 -0.00914223 -0.00918208 -0.0091607  -0.0094033  -0.00920503 -0.00920013
 -0.00935087 -0.00944918 -0.00910522 -0.00906691 -0.00917652 -0.00911248
 -0.00922231 -0.00916004 -0.00928414 -0.00962961 -0.00914714 -0.00966451
 -0.00935029 -0.00916574 -0.00946949 -0.00924582 -0.00931752 -0.00910395
 -0.00913813 -0.00891431 -0.00923733 -0.00944812 -0.00922691 -0.00927808
 -0.00906798 -0.00908296 -0.00907058 -0.00927608 -0.00903864 -0.00921724
 -0.00917873 -0.00912614 -0.00933847 -0.00958829 -0.00913422 -0.00927075
 -0.00932275 -0.00912358 -0.00929164 -0.00921441 -0.00912476 -0.0093911
 -0.00939688 -0.00906332 -0.00940426 -0.00927075 -0.00894165 -0.00917816
 -0.00917167 -0.0092013  -0.00935429 -0.00908772 -0.00923122 -0.00911318
 -0.00938216 -0.00917405 -0.009475   -0.00903156 -0.00928929 -0.00928884
 -0.00941404 -0.00910221 -0.0092814  -0.00938104 -0.00939213 -0.00923061
 -0.00912803 -0.00947725 -0.00906579 -0.00885192 -0.00922595 -0.00917204
 -0.00928295 -0.00918398 -0.00918047 -0.00890127 -0.00906374 -0.00929861
 -0.00918108 -0.00922361 -0.00919832 -0.00907186 -0.0095163  -0.00931082
 -0.00938505 -0.00917344 -0.00953727 -0.00910371 -0.00926938 -0.00925445
 -0.00912235 -0.00927933 -0.00928108 -0.00916117 -0.00934682 -0.00917723
 -0.00908501 -0.00913528 -0.00944278 -0.00918177 -0.00900468 -0.00914538
 -0.00936814 -0.00936405 -0.00911712 -0.00925849 -0.00925832 -0.00935023
 -0.00923177 -0.00930745 -0.00904109 -0.00923797 -0.00926076 -0.00924295
 -0.00916857 -0.00901272 -0.00933966 -0.00927877 -0.00927774 -0.00947953
 -0.00911733 -0.00903226 -0.00931031 -0.00951572 -0.00928604 -0.00900286
 -0.00925787 -0.00936228 -0.00927767 -0.0090293  -0.00926148 -0.00907867
 -0.00951876 -0.00898242 -0.00944921 -0.00901631 -0.00942395 -0.00927752
 -0.00949997 -0.00928279 -0.00932113 -0.00917676 -0.0094178  -0.00924349
 -0.00940588 -0.00931904 -0.00933931 -0.00935091 -0.00918694 -0.00933443
 -0.00908003 -0.00920695 -0.00921713 -0.0093056  -0.00917238 -0.00931511
 -0.00918774 -0.00928904 -0.00926197 -0.00922342 -0.0094022  -0.00926278
 -0.0092054  -0.00911315 -0.00951042 -0.00926336 -0.00947171 -0.00905839
 -0.00939332 -0.00919153 -0.00939261 -0.00925555 -0.00907001 -0.00917957
 -0.00919379 -0.00933461 -0.00923641 -0.00934286 -0.00906586 -0.009176
 -0.0092736  -0.00923696 -0.00932629 -0.00899106 -0.00930424 -0.00915566
 -0.0092846  -0.00903347 -0.00928106 -0.00934037 -0.00947176 -0.00916019
 -0.00917998 -0.00921426 -0.00935874 -0.00935287 -0.00920076 -0.00922148
 -0.00928896 -0.00907271 -0.00930745 -0.00916615 -0.00906895 -0.00904245
 -0.00937463 -0.00919039 -0.00922832 -0.009298   -0.00922697 -0.00914474
 -0.00910542 -0.00918557 -0.00919956 -0.00928531 -0.00925845 -0.00932388]"
Chicken Gumbo,"[""1 can cream of chicken soup"", ""1 can cream of celery or mushroom soup"", ""1 1/3 c. water or chicken broth"", ""1 1/3 c. instant rice"", ""1 1/2 c. cut up, cooked chicken""]","[""Mix all in a cake pan."", ""Top with minced onion, onion rings or chow mein noodles."", ""Bake at 300\u00b0 for 45 minutes to 1 hour.""]","[""cream of chicken soup"", ""water"", ""cream of celery"", ""instant rice"", ""chicken""]","[-0.00933574 -0.00938981 -0.00944709 -0.00923904 -0.00930962 -0.0092554
 -0.00933539 -0.00911498 -0.00945531 -0.00935232 -0.00934254 -0.00927223
 -0.00928384 -0.00930126 -0.0093761  -0.0094485  -0.00933417 -0.00924237
 -0.0092038  -0.00919663 -0.00930358 -0.00951298 -0.00952804 -0.00942836
 -0.00922536 -0.00929995 -0.00938333 -0.00931881 -0.00926356 -0.00935328
 -0.00943619 -0.00936684 -0.00908706 -0.00930127 -0.00923794 -0.00946817
 -0.00926533 -0.00927606 -0.0094248  -0.00921425 -0.00932396 -0.00932972
 -0.00916832 -0.00937989 -0.00929791 -0.00939252 -0.0094282  -0.00929198
 -0.0094221  -0.00945733 -0.0093898  -0.00927056 -0.00944188 -0.00931161
 -0.00933973 -0.00928564 -0.00922169 -0.00935215 -0.00933987 -0.00928637
 -0.00923497 -0.00930166 -0.00931902 -0.00939676 -0.0094061  -0.00931285
 -0.00923792 -0.00916426 -0.00947935 -0.0093086  -0.00939809 -0.00933603
 -0.00938577 -0.00935626 -0.0092398  -0.00941528 -0.00928405 -0.00927399
 -0.00928982 -0.00921175 -0.00935386 -0.0094705  -0.00912731 -0.00927704
 -0.00940808 -0.00923937 -0.00941209 -0.00942892 -0.00954904 -0.00913602
 -0.0094961  -0.00928269 -0.00929081 -0.0092567  -0.00943148 -0.0094213
 -0.00936399 -0.0092328  -0.00921025 -0.00926869 -0.00937478 -0.00939056
 -0.00932504 -0.00922043 -0.00946691 -0.00937539 -0.00945182 -0.00934765
 -0.00927685 -0.00935096 -0.00924594 -0.00938113 -0.00906266 -0.00935187
 -0.00952098 -0.00922392 -0.00939044 -0.00928303 -0.00937112 -0.00929987
 -0.00937873 -0.00923085 -0.00942977 -0.00912913 -0.00920403 -0.00941075
 -0.00940827 -0.00938308 -0.00937707 -0.00941517 -0.00925305 -0.00920219
 -0.0093116  -0.00936613 -0.00934634 -0.00924532 -0.00926369 -0.00931182
 -0.00929423 -0.00955202 -0.00943574 -0.00920391 -0.00929789 -0.00941587
 -0.0092518  -0.00934143 -0.0093843  -0.00923299 -0.00929324 -0.00926821
 -0.00928626 -0.00915218 -0.00954481 -0.00946191 -0.00928556 -0.0092239
 -0.0095166  -0.00944043 -0.00944952 -0.0093418  -0.00920612 -0.0094424
 -0.00937782 -0.00939792 -0.00935901 -0.0092742  -0.00930181 -0.00919476
 -0.00944027 -0.00918393 -0.00939856 -0.00930629 -0.00899966 -0.00935858
 -0.00937183 -0.00934676 -0.00927123 -0.00931321 -0.00931854 -0.00921184
 -0.00968133 -0.00938201 -0.00918747 -0.00937681 -0.00929569 -0.00939695
 -0.00927166 -0.00956612 -0.00912033 -0.00912111 -0.00946387 -0.0093902
 -0.00935794 -0.00936068 -0.00922443 -0.00934947 -0.00937919 -0.00933821
 -0.00909836 -0.0094092  -0.00933077 -0.00931996 -0.0091494  -0.00922015
 -0.00947098 -0.00928026 -0.00924152 -0.00934439 -0.00937539 -0.00931283
 -0.00945843 -0.00918539 -0.00911883 -0.00946554 -0.00924709 -0.00932028
 -0.00927138 -0.00934763 -0.00949324 -0.00943474 -0.0092474  -0.00933578
 -0.00956724 -0.0092818  -0.00937129 -0.00914926 -0.00942493 -0.00931275
 -0.00926423 -0.00919692 -0.00942781 -0.00931399 -0.00930691 -0.00925599
 -0.00946308 -0.00920473 -0.0091948  -0.00936626 -0.00925996 -0.00948668
 -0.00947846 -0.00932998 -0.00930325 -0.00947335 -0.00936814 -0.00934739
 -0.00934561 -0.0093599  -0.00927308 -0.00939851 -0.00924994 -0.00935118
 -0.00914107 -0.0094592  -0.00923059 -0.00938208 -0.00934352 -0.00938489
 -0.00926961 -0.00927838 -0.00929163 -0.00932201 -0.00903332 -0.00943006
 -0.00932948 -0.00917842 -0.00953643 -0.00941164 -0.00930804 -0.00930849
 -0.00941511 -0.00933024 -0.00936501 -0.0093142  -0.0094264  -0.009613
 -0.00941103 -0.00929375 -0.00937382 -0.00951285 -0.00932389 -0.00926457
 -0.00952511 -0.00938858 -0.00934741 -0.00958776 -0.00944081 -0.00944423
 -0.00954435 -0.00932935 -0.00926271 -0.00904464 -0.0094156  -0.00945194
 -0.00923014 -0.00933953 -0.00926031 -0.00912995 -0.00932991 -0.00934229
 -0.00910897 -0.00927254 -0.00938114 -0.00926815 -0.00923642 -0.0092555
 -0.00933058 -0.00940106 -0.01156879 -0.00943919 -0.00948607 -0.009388
 -0.0092741  -0.00933107 -0.00956779 -0.00957917 -0.00941607 -0.00934289
 -0.00942872 -0.00940133 -0.00920075 -0.00941215 -0.00935021 -0.00944909
 -0.00935146 -0.00930227 -0.0093472  -0.00918735 -0.00933101 -0.00952519
 -0.00924192 -0.00929002 -0.00933759 -0.00921637 -0.0094075  -0.00933723
 -0.00951024 -0.00939029 -0.00933645 -0.00930979 -0.00931791 -0.00932496
 -0.00931632 -0.00940739 -0.00949018 -0.00952123 -0.00913391 -0.00918266
 -0.00923833 -0.00933925 -0.00941572 -0.00938132 -0.00917903 -0.0094891
 -0.00918747 -0.00947029 -0.00939208 -0.00919148 -0.00910791 -0.00931751
 -0.00935921 -0.00936903 -0.00925859 -0.00916971 -0.00911696 -0.00916023
 -0.00937275 -0.00954954 -0.00918774 -0.00938249 -0.00948712 -0.00931114
 -0.009443   -0.00941724 -0.00931607 -0.00947703 -0.00932021 -0.0092184
 -0.00937243 -0.00947237 -0.00932869 -0.00966313 -0.0094225  -0.00931477
 -0.00953097 -0.0093938  -0.00933481 -0.00930946 -0.00932966 -0.00940176
 -0.00935346 -0.00928472 -0.00944071 -0.00933637 -0.00953483 -0.0094036
 -0.00961453 -0.00929757 -0.00921734 -0.0093739  -0.00927834 -0.00927856
 -0.00924795 -0.00909535 -0.00933884 -0.00941759 -0.0094156  -0.00944034
 -0.00942704 -0.00943582 -0.00924303 -0.00937081 -0.00932335 -0.00935484
 -0.00941108 -0.00936694 -0.00926294 -0.00934155 -0.00936448 -0.00938057
 -0.00917911 -0.00942644 -0.00940334 -0.00935178 -0.00922713 -0.00927027
 -0.00932788 -0.00925144 -0.00942423 -0.00918579 -0.00934024 -0.00945579
 -0.00934903 -0.00936378 -0.00938708 -0.00940805 -0.00931149 -0.00921034
 -0.00939598 -0.00938344 -0.0093706  -0.00922795 -0.00934911 -0.0094379
 -0.00953514 -0.00947208 -0.00936488 -0.00931849 -0.00929627 -0.00938621
 -0.00937052 -0.00930212 -0.00950495 -0.00911556 -0.00933874 -0.00945711
 -0.00926503 -0.00917555 -0.0093071  -0.00937498 -0.00919833 -0.00947697
 -0.0094373  -0.0095694  -0.00924571 -0.00941846 -0.00927155 -0.0094779
 -0.00920569 -0.00959011 -0.00926769 -0.00923801 -0.00940331 -0.00911966
 -0.00929165 -0.00932184 -0.00955626 -0.00926389 -0.00939253 -0.00938543
 -0.00935381 -0.00920044 -0.00941521 -0.00929909 -0.00928784 -0.00948874
 -0.00944152 -0.00930043 -0.00930419 -0.00952957 -0.00919224 -0.0092434
 -0.00933228 -0.00947674 -0.00929748 -0.0093549  -0.00924725 -0.00930741
 -0.00931232 -0.00926408 -0.0092484  -0.00941039 -0.00947522 -0.00945728
 -0.00932369 -0.00924363 -0.00917217 -0.0093581  -0.00940831 -0.00946914
 -0.00946325 -0.00919233 -0.00911848 -0.00925006 -0.00917291 -0.0093679
 -0.00940204 -0.00943837 -0.00936588 -0.00959373 -0.00931519 -0.0095008
 -0.00929591 -0.00916208 -0.00929433 -0.00928424 -0.00933827 -0.00928726
 -0.0095209  -0.00936906 -0.00933477 -0.00946094 -0.00931903 -0.00925467
 -0.00933467 -0.00943375 -0.00931155 -0.00927364 -0.00922082 -0.00941077
 -0.00945022 -0.00923727 -0.00919395 -0.00910496 -0.00957503 -0.00938068
 -0.00924319 -0.00931683 -0.00927004 -0.00944592 -0.00939359 -0.00927679
 -0.00950299 -0.00941855 -0.00936878 -0.00914961 -0.00928522 -0.00929844
 -0.00934099 -0.00932719 -0.00930966 -0.00953129 -0.00942508 -0.00961836
 -0.00947048 -0.00933906 -0.00949065 -0.00945146 -0.0093848  -0.00917797
 -0.00923736 -0.00911918 -0.00937477 -0.00942466 -0.00936241 -0.00942501
 -0.00917911 -0.00925567 -0.00929351 -0.0093269  -0.00917818 -0.0093011
 -0.00940404 -0.00939102 -0.00939687 -0.00957559 -0.00939507 -0.00929242
 -0.00933937 -0.00919201 -0.00946624 -0.00935581 -0.00930963 -0.00950372
 -0.00949963 -0.00927678 -0.00943064 -0.00925563 -0.00921288 -0.00925136
 -0.00926419 -0.00920518 -0.0094148  -0.00925571 -0.00930885 -0.00926941
 -0.0096205  -0.00932085 -0.00952846 -0.00925661 -0.00926973 -0.00936035
 -0.00943812 -0.009327   -0.00948571 -0.00939021 -0.00952738 -0.00922246
 -0.00935521 -0.00947664 -0.00927749 -0.00913192 -0.00938241 -0.00936458
 -0.00934262 -0.00946398 -0.00931272 -0.00910162 -0.00928573 -0.00951155
 -0.00922378 -0.00930931 -0.00927637 -0.00924678 -0.00953055 -0.00935204
 -0.00934861 -0.00926693 -0.00946302 -0.00927194 -0.00930058 -0.0094584
 -0.00926666 -0.00938329 -0.00930613 -0.00942231 -0.00947974 -0.00934992
 -0.00934667 -0.00925832 -0.00959593 -0.00928002 -0.00920515 -0.00935244
 -0.00930982 -0.00947524 -0.00927062 -0.00937022 -0.00939149 -0.00936223
 -0.00939347 -0.0095039  -0.00909992 -0.00934164 -0.00936237 -0.00936726
 -0.00936714 -0.00930331 -0.00940987 -0.00927828 -0.00931427 -0.00942257
 -0.00924953 -0.00915795 -0.00954379 -0.0093508  -0.00936083 -0.00917764
 -0.00939989 -0.00961539 -0.00937156 -0.00918025 -0.00934968 -0.00924835
 -0.00951942 -0.00910748 -0.00950255 -0.00915706 -0.00948073 -0.00936318
 -0.00957357 -0.00937497 -0.00926595 -0.00924804 -0.00941677 -0.009365
 -0.00948062 -0.00942278 -0.00944418 -0.00944937 -0.00944709 -0.00942154
 -0.00916812 -0.00940933 -0.00938667 -0.00938918 -0.00934421 -0.00933855
 -0.00923011 -0.00932942 -0.00939755 -0.00932973 -0.00942556 -0.0093836
 -0.00938442 -0.00925845 -0.00959485 -0.00935536 -0.00938332 -0.00918122
 -0.00946321 -0.00931384 -0.00940809 -0.00944413 -0.00914336 -0.00932417
 -0.00937933 -0.00943569 -0.00937107 -0.00946021 -0.00933356 -0.00932448
 -0.00944162 -0.00933527 -0.0094015  -0.00931974 -0.00939692 -0.00937783
 -0.00944793 -0.00914284 -0.00936775 -0.00958549 -0.00943027 -0.00938135
 -0.00921368 -0.00933112 -0.00941048 -0.00945061 -0.00921157 -0.00929027
 -0.00932096 -0.00916708 -0.00953219 -0.0094273  -0.00920652 -0.00925722
 -0.00949566 -0.00945299 -0.00937977 -0.00935719 -0.00933914 -0.00933899
 -0.009248   -0.00924911 -0.00930992 -0.00924413 -0.00924388 -0.0093633 ]"
Southern Style Matzo Ball Soup,"[""1 pkg. matzo meal"", ""2 Tbsp. oil"", ""1 egg, well beaten"", ""2 large potatoes, cut in large pieces"", ""2 small onions, peeled"", ""3 large carrots, cut in 1-inch pieces"", ""1 small can peas"", ""1 can chicken broth"", ""1/2 c. butter""]","[""In large pot, boil 2 quarts water."", ""Add in order the broth, potatoes, carrots and onions."", ""Let cook at boiling."", ""Combine eggs and oil; beat well."", ""Add matzo meal and stir well."", ""Refrigerate matzo mixture for at least 15 minutes, then take teaspoon size portions of matzo meal, roll into balls and drop into broth. Reduce to simmer for 30 minutes or until balls are fluffy and veggies are tender."", ""Add peas and butter."", ""Serve hot with rolls or cornbread.""]","[""potatoes"", ""oil"", ""peas"", ""egg"", ""matzo meal"", ""chicken broth"", ""onions"", ""carrots"", ""butter""]","[-0.0104309  -0.01041375 -0.01037991 -0.01030568 -0.01038239 -0.01031537
 -0.01026191 -0.01018548 -0.01038581 -0.01042774 -0.01033073 -0.01036795
 -0.01024272 -0.01017699 -0.01036407 -0.01030359 -0.01020005 -0.01037139
 -0.01022933 -0.01017352 -0.01033098 -0.01050709 -0.01034446 -0.01028931
 -0.01027132 -0.0103246  -0.01034905 -0.01031147 -0.01040537 -0.01043849
 -0.01027279 -0.01025122 -0.01008401 -0.0103129  -0.01031602 -0.01038026
 -0.0103116  -0.01026832 -0.01045153 -0.0103021  -0.01033925 -0.010308
 -0.0100844  -0.01029099 -0.01017427 -0.01042516 -0.01041607 -0.01034536
 -0.01058494 -0.01044453 -0.01040972 -0.01023977 -0.01033357 -0.01035327
 -0.01025838 -0.01026162 -0.01039713 -0.01024623 -0.01036383 -0.01038948
 -0.01026801 -0.01023586 -0.01032082 -0.01045695 -0.01034215 -0.01019372
 -0.01032428 -0.01014396 -0.01045471 -0.01026143 -0.01030338 -0.01034176
 -0.01029548 -0.01034643 -0.01016744 -0.01037528 -0.01029834 -0.01028631
 -0.01025421 -0.01036421 -0.01049364 -0.01033019 -0.01024767 -0.01027428
 -0.0103497  -0.01019329 -0.01028664 -0.01030819 -0.01028191 -0.01013393
 -0.01042422 -0.01015211 -0.0102404  -0.01026744 -0.01027062 -0.01044435
 -0.01038399 -0.01025061 -0.01014166 -0.01031627 -0.0103242  -0.01045258
 -0.01028313 -0.01011133 -0.01053885 -0.0103252  -0.01037863 -0.01031669
 -0.01027343 -0.01032365 -0.01032226 -0.0103073  -0.01017842 -0.01039626
 -0.01046346 -0.01024967 -0.01036226 -0.01023399 -0.01041144 -0.01032196
 -0.01029516 -0.01033789 -0.01031766 -0.01006172 -0.01025742 -0.01020444
 -0.01036503 -0.01028367 -0.01024201 -0.01030567 -0.01019505 -0.01026683
 -0.01015037 -0.01021351 -0.01033649 -0.01041081 -0.01017422 -0.01037027
 -0.01017963 -0.01048581 -0.01044574 -0.01017641 -0.01030285 -0.01043763
 -0.01029999 -0.0103728  -0.01032739 -0.01036198 -0.01020863 -0.01035317
 -0.01033006 -0.01015013 -0.01042152 -0.0103626  -0.0103516  -0.01021621
 -0.01040521 -0.01037743 -0.01031258 -0.01034118 -0.01016723 -0.0102169
 -0.01039067 -0.01039159 -0.01033927 -0.01037126 -0.01034679 -0.01018356
 -0.01027716 -0.01013994 -0.0103828  -0.01024988 -0.01001356 -0.01036332
 -0.01040183 -0.01020905 -0.01030056 -0.01021819 -0.0102701  -0.01014267
 -0.01064833 -0.01026134 -0.01013611 -0.01044347 -0.01022553 -0.01040253
 -0.01016137 -0.01046803 -0.01012095 -0.0102849  -0.01039719 -0.01029484
 -0.01036826 -0.01026353 -0.01024942 -0.01029299 -0.0104058  -0.01026183
 -0.01027296 -0.01033595 -0.01022949 -0.01030549 -0.01028509 -0.01015078
 -0.01054906 -0.01027947 -0.01021092 -0.01033102 -0.01020743 -0.01037011
 -0.01032357 -0.01035945 -0.01028546 -0.0104241  -0.01023284 -0.01022891
 -0.01021518 -0.01040087 -0.01030946 -0.01041884 -0.010184   -0.01038431
 -0.01052907 -0.01028506 -0.01043025 -0.01019071 -0.0102692  -0.01028381
 -0.01018243 -0.01008668 -0.01036588 -0.01035884 -0.01024252 -0.01039503
 -0.01038825 -0.0102493  -0.01012274 -0.01034967 -0.01026501 -0.01042768
 -0.01031286 -0.01029355 -0.01023342 -0.01039786 -0.01023921 -0.01039635
 -0.01032937 -0.01036647 -0.01034605 -0.01031474 -0.01022185 -0.01029866
 -0.01013789 -0.01033872 -0.01028578 -0.01037127 -0.01028222 -0.01038823
 -0.01014001 -0.01022852 -0.01030413 -0.01019208 -0.0101714  -0.01045499
 -0.01038238 -0.010339   -0.010277   -0.01034575 -0.01021197 -0.01033531
 -0.01037772 -0.01032038 -0.01043739 -0.01038235 -0.01041523 -0.01046743
 -0.01030842 -0.01026287 -0.01030871 -0.01045014 -0.01029788 -0.01019026
 -0.01027664 -0.01031309 -0.01041082 -0.01056825 -0.01047927 -0.01037806
 -0.01037411 -0.01027102 -0.01030929 -0.01011389 -0.0104189  -0.01049732
 -0.0101602  -0.01040084 -0.01033477 -0.01012444 -0.01034366 -0.01052797
 -0.01034863 -0.01036518 -0.01018639 -0.01024774 -0.01024384 -0.0103402
 -0.01029288 -0.01043272 -0.0126254  -0.01040117 -0.01042464 -0.01031587
 -0.01020567 -0.0102438  -0.01027095 -0.01050107 -0.0103766  -0.01036604
 -0.01042787 -0.01029003 -0.01026216 -0.01039426 -0.01034817 -0.01029448
 -0.01034303 -0.01035926 -0.01038251 -0.010242   -0.01028023 -0.01049538
 -0.01020531 -0.01027744 -0.01038191 -0.01029372 -0.01041484 -0.01023659
 -0.01055475 -0.01043502 -0.01037788 -0.01027087 -0.01041016 -0.01033466
 -0.01032639 -0.01035804 -0.01037031 -0.01031461 -0.0100935  -0.01025724
 -0.01035386 -0.01025379 -0.01029855 -0.01033596 -0.01018668 -0.01039659
 -0.01013932 -0.01043166 -0.01038815 -0.0102073  -0.01004986 -0.01040497
 -0.01042034 -0.01028876 -0.01030099 -0.01019319 -0.01019712 -0.01015128
 -0.01019394 -0.01045218 -0.01021983 -0.01030615 -0.01050779 -0.01031407
 -0.010455   -0.01031517 -0.01035741 -0.01039498 -0.01028349 -0.01016418
 -0.01038674 -0.01042122 -0.0102717  -0.01059838 -0.01032161 -0.01036927
 -0.01046986 -0.0104636  -0.01028402 -0.01025443 -0.01032588 -0.01044241
 -0.0101347  -0.01033935 -0.01041771 -0.01043641 -0.01046132 -0.01039282
 -0.01042977 -0.01034543 -0.01021702 -0.01036863 -0.01018583 -0.01036831
 -0.01020513 -0.01017789 -0.01021874 -0.01039256 -0.01036958 -0.01044043
 -0.01048338 -0.01044516 -0.01020141 -0.01036087 -0.01011682 -0.0103374
 -0.01042537 -0.01027176 -0.01007739 -0.01031808 -0.01031995 -0.01036583
 -0.01027593 -0.01035699 -0.01035222 -0.01033714 -0.01029154 -0.01037921
 -0.01028736 -0.01024433 -0.01029827 -0.01021967 -0.0103123  -0.01044597
 -0.01019013 -0.01037481 -0.01028038 -0.01041383 -0.01028436 -0.01022797
 -0.01034383 -0.01033804 -0.01035991 -0.01028344 -0.01045054 -0.01035294
 -0.01039831 -0.01042068 -0.01044635 -0.01033311 -0.0102402  -0.01038457
 -0.01036764 -0.01018217 -0.01036691 -0.01012205 -0.01037592 -0.01025366
 -0.01022032 -0.01014596 -0.0102054  -0.01041383 -0.01026536 -0.01028638
 -0.01053022 -0.01046293 -0.01021215 -0.01031266 -0.01027473 -0.01036935
 -0.01024273 -0.01053897 -0.01034573 -0.01016564 -0.01050237 -0.0101412
 -0.01032151 -0.01028953 -0.0103839  -0.01019303 -0.01025052 -0.01035705
 -0.01032776 -0.0103031  -0.01032096 -0.01031236 -0.0102441  -0.01028542
 -0.01047814 -0.01020956 -0.01036692 -0.01043217 -0.01024101 -0.01019713
 -0.01037985 -0.01035306 -0.010389   -0.01040409 -0.01015767 -0.01024117
 -0.01024588 -0.01028615 -0.01028314 -0.0102799  -0.01034554 -0.01036439
 -0.01029257 -0.01012857 -0.01022419 -0.0102704  -0.01026397 -0.01041291
 -0.01038226 -0.01022066 -0.01016527 -0.01032217 -0.01023909 -0.01039966
 -0.01043059 -0.01059263 -0.01031263 -0.01053721 -0.01033219 -0.01037584
 -0.01043795 -0.01026105 -0.0103227  -0.01034777 -0.01026071 -0.01027386
 -0.01050068 -0.0104274  -0.01035783 -0.01031828 -0.01027157 -0.01011293
 -0.01028902 -0.01038289 -0.01032978 -0.01028224 -0.01021883 -0.01033321
 -0.01037684 -0.01011059 -0.01020212 -0.01017081 -0.01042511 -0.01040228
 -0.01019316 -0.01032396 -0.01024726 -0.01042801 -0.01039954 -0.01028026
 -0.01039054 -0.01036229 -0.01021839 -0.01022127 -0.01022631 -0.01016933
 -0.010289   -0.01033784 -0.01037555 -0.01052099 -0.01042061 -0.01063633
 -0.01029664 -0.01029676 -0.01036627 -0.01026006 -0.01034667 -0.01014689
 -0.01026667 -0.01029842 -0.01033788 -0.0103113  -0.01028142 -0.01044023
 -0.01018127 -0.01024055 -0.01032916 -0.01031591 -0.01019047 -0.01028566
 -0.01034422 -0.01028155 -0.01034731 -0.01051894 -0.01035674 -0.01023161
 -0.01039475 -0.01024307 -0.01033701 -0.0103033  -0.01014628 -0.01040828
 -0.01038981 -0.0103009  -0.01056632 -0.01036048 -0.01025801 -0.0102533
 -0.01027783 -0.01019096 -0.01047141 -0.01032537 -0.01035246 -0.0102834
 -0.01051013 -0.01031304 -0.01029542 -0.01018869 -0.01023627 -0.01034542
 -0.01032238 -0.01024483 -0.01037002 -0.01040334 -0.01034311 -0.01019528
 -0.01029955 -0.01039714 -0.01014467 -0.01011971 -0.01031079 -0.0102571
 -0.01033237 -0.01041226 -0.01031573 -0.01016194 -0.01023235 -0.01042057
 -0.0101551  -0.01030192 -0.01015757 -0.01024097 -0.01045287 -0.01049761
 -0.01030021 -0.01027864 -0.01030949 -0.0102274  -0.01030805 -0.01034006
 -0.01019245 -0.01037013 -0.01028774 -0.01023099 -0.01046343 -0.01022701
 -0.01032345 -0.01038728 -0.01040406 -0.01032082 -0.01016002 -0.01033682
 -0.01033371 -0.01037575 -0.01025356 -0.01035269 -0.01031118 -0.01030085
 -0.01033623 -0.01032633 -0.01015185 -0.01039179 -0.01037133 -0.01034335
 -0.01033245 -0.01023738 -0.01030857 -0.01025855 -0.01031211 -0.01045061
 -0.01025911 -0.0102013  -0.01046383 -0.01063114 -0.010383   -0.01011964
 -0.0102368  -0.01044004 -0.01030536 -0.00998034 -0.01027305 -0.01026547
 -0.01051475 -0.01009889 -0.01036438 -0.01020233 -0.01034239 -0.01045042
 -0.01049923 -0.01037899 -0.01019826 -0.01043192 -0.01043423 -0.01021483
 -0.01057104 -0.01034612 -0.01042824 -0.01029383 -0.01025333 -0.01051865
 -0.0100768  -0.01034038 -0.01032479 -0.01027281 -0.01033752 -0.01029958
 -0.01015901 -0.01023921 -0.01021887 -0.01029932 -0.01039824 -0.01038259
 -0.01030951 -0.01028815 -0.01053012 -0.01028879 -0.01032921 -0.01028747
 -0.01051093 -0.0102206  -0.01032464 -0.01024937 -0.01030758 -0.01027258
 -0.01037718 -0.01059608 -0.01045275 -0.0104389  -0.01020469 -0.01021501
 -0.01034009 -0.01029898 -0.01026607 -0.01034508 -0.01041835 -0.01019496
 -0.01034873 -0.01016442 -0.01042571 -0.0103499  -0.01035454 -0.01043968
 -0.01020109 -0.01024273 -0.0104637  -0.01036252 -0.01028796 -0.01034925
 -0.01031522 -0.01029884 -0.0104406  -0.01038713 -0.0103092  -0.01015554
 -0.01055024 -0.01034775 -0.0103142  -0.0103894  -0.01040697 -0.01037
 -0.01022858 -0.01032126 -0.01040112 -0.01027551 -0.01038204 -0.01025104]"
Caesar Salad Dressing,"[""1 clove garlic"", ""1/2 c. salad oil"", ""1 c. croutons"", ""dash of salt"", ""1/2 tsp. dry mustard"", ""1/2 tsp. ground pepper"", ""2 Tbsp. lemon juice"", ""1 tsp. Worcestershire"", ""6 anchovy fillets (can use anchovy paste)"", ""1 egg"", ""1 head romaine lettuce"", ""1/4 c. crumbled Blue cheese"", ""2 Tbsp. grated Parmesan cheese""]","[""Crush garlic and combine with oil. Refrigerate for 1 hour. Add to this, salt, mustard, pepper, Worcestershire, lemon and anchovies."", ""Refrigerate. Boil egg.""]","[""ground pepper"", ""egg"", ""lemon juice"", ""salad oil"", ""croutons"", ""anchovy"", ""romaine lettuce"", ""parmesan cheese"", ""worcestershire"", ""clove garlic"", ""cheese"", ""dry mustard"", ""salt""]","[-0.01137255 -0.01144128 -0.01145258 -0.01136976 -0.01120334 -0.01129963
 -0.01121984 -0.01122354 -0.01134711 -0.01148125 -0.01132996 -0.01124367
 -0.01123468 -0.01138071 -0.01137747 -0.01131585 -0.01133957 -0.01123752
 -0.0113777  -0.01116093 -0.01119771 -0.01146445 -0.01146754 -0.01141363
 -0.01129396 -0.01133217 -0.01146683 -0.01133935 -0.01147267 -0.01129776
 -0.01135152 -0.01142647 -0.01112764 -0.01130386 -0.01131693 -0.01155495
 -0.01110964 -0.01126343 -0.01149875 -0.01121423 -0.01142446 -0.0115092
 -0.01114546 -0.01150359 -0.01133978 -0.01134875 -0.01130539 -0.0113145
 -0.01148334 -0.01145593 -0.01127519 -0.01138972 -0.01145765 -0.01129824
 -0.01123924 -0.01125305 -0.01128779 -0.01136702 -0.01137181 -0.0113398
 -0.01123567 -0.01127175 -0.01138731 -0.01143576 -0.01116631 -0.01125625
 -0.01122335 -0.01117918 -0.01154981 -0.01138183 -0.01144345 -0.01126961
 -0.01135338 -0.01123494 -0.01124806 -0.01143046 -0.01133629 -0.01125476
 -0.01135386 -0.01126858 -0.01129981 -0.01143955 -0.01121648 -0.01123155
 -0.01144538 -0.01118234 -0.0113116  -0.01135381 -0.01134564 -0.0112522
 -0.01135305 -0.01115329 -0.01119446 -0.0113517  -0.01137174 -0.01138353
 -0.01145132 -0.01130828 -0.01126752 -0.01132707 -0.01151346 -0.01143328
 -0.0113387  -0.0113254  -0.011382   -0.01128667 -0.01139088 -0.0112906
 -0.01114006 -0.0112377  -0.01128947 -0.01137134 -0.01100954 -0.01145111
 -0.01156579 -0.01122289 -0.01138391 -0.01125003 -0.01134409 -0.01127903
 -0.01143987 -0.01130718 -0.01126607 -0.01105779 -0.01125585 -0.01134766
 -0.01139519 -0.01140994 -0.01139141 -0.01140727 -0.01117553 -0.0112943
 -0.01137517 -0.01124494 -0.01142184 -0.01119546 -0.0114496  -0.01127833
 -0.01117897 -0.01138747 -0.01143864 -0.01130169 -0.01127302 -0.01147344
 -0.01122568 -0.01144794 -0.01123098 -0.01125541 -0.01108716 -0.01125489
 -0.01120937 -0.01112009 -0.01142706 -0.01157397 -0.01132397 -0.01117212
 -0.01123294 -0.0113545  -0.01136693 -0.01135173 -0.01115524 -0.01116135
 -0.01135848 -0.01124597 -0.01130309 -0.01128975 -0.01141677 -0.01110862
 -0.01124564 -0.01132023 -0.0115135  -0.01119976 -0.011015   -0.01122699
 -0.01118991 -0.01117184 -0.01130125 -0.01118924 -0.0112282  -0.01124738
 -0.01158419 -0.01137228 -0.01131032 -0.01145054 -0.0111452  -0.01149834
 -0.01128597 -0.01145944 -0.01109263 -0.01113244 -0.01160958 -0.01131683
 -0.01145352 -0.01129512 -0.01128901 -0.01137448 -0.01142716 -0.01121033
 -0.0112676  -0.01147411 -0.01119919 -0.01122504 -0.01123124 -0.01114884
 -0.01149225 -0.01135311 -0.01120901 -0.01147529 -0.01123253 -0.01121769
 -0.01154601 -0.01115428 -0.01127498 -0.01144336 -0.01136158 -0.01126115
 -0.01124972 -0.01139938 -0.01141516 -0.01135982 -0.01124035 -0.01132769
 -0.01155159 -0.01139648 -0.01153912 -0.01122097 -0.01136192 -0.01136601
 -0.01135275 -0.01122365 -0.01145197 -0.01141978 -0.01136107 -0.01130738
 -0.01152277 -0.01125996 -0.01130633 -0.01147491 -0.01144555 -0.01149145
 -0.01131212 -0.0114042  -0.01124069 -0.01140677 -0.01135703 -0.01126235
 -0.0112974  -0.0114178  -0.0112339  -0.01137582 -0.01129696 -0.01135639
 -0.01123388 -0.0114571  -0.01126469 -0.0113161  -0.01133581 -0.01133984
 -0.01127317 -0.01126395 -0.01124334 -0.01126361 -0.01118253 -0.01138104
 -0.01128615 -0.01125265 -0.01142454 -0.01139398 -0.01128932 -0.01132998
 -0.01144365 -0.01135343 -0.01154024 -0.01125589 -0.01134514 -0.01143596
 -0.0113184  -0.01118973 -0.0111972  -0.01147743 -0.01127105 -0.01132219
 -0.01142078 -0.01128256 -0.01140921 -0.01164157 -0.01157939 -0.0114348
 -0.01147831 -0.01133112 -0.01133299 -0.0110326  -0.01132705 -0.0114581
 -0.01119175 -0.01141966 -0.01120511 -0.01122005 -0.01134589 -0.01145369
 -0.01121116 -0.011301   -0.01122764 -0.01128286 -0.01123713 -0.01132001
 -0.01123472 -0.01140935 -0.01343324 -0.01146144 -0.01135452 -0.01138016
 -0.01137433 -0.01134845 -0.01152343 -0.01143496 -0.01146212 -0.01129738
 -0.01119329 -0.01131828 -0.01115303 -0.01132262 -0.01138135 -0.01139504
 -0.01135812 -0.01132648 -0.01137647 -0.01108715 -0.01131061 -0.01140718
 -0.01125579 -0.01139542 -0.01147286 -0.01134121 -0.01143234 -0.01111017
 -0.01163672 -0.01135398 -0.01125509 -0.01124966 -0.01129308 -0.01124417
 -0.0113948  -0.01132273 -0.01151349 -0.01146293 -0.01108951 -0.01118025
 -0.01114181 -0.0113301  -0.01132809 -0.01147219 -0.01109176 -0.01144374
 -0.01116178 -0.01131715 -0.0113036  -0.01127979 -0.01121259 -0.01124118
 -0.01131097 -0.01139141 -0.01149631 -0.0111838  -0.01120539 -0.01110708
 -0.01125477 -0.01149231 -0.01118769 -0.01153127 -0.0114617  -0.01118675
 -0.01156805 -0.01130889 -0.01138943 -0.0114769  -0.01132445 -0.01116546
 -0.01136365 -0.01151175 -0.0113011  -0.01160934 -0.01148101 -0.01152561
 -0.01161696 -0.01148369 -0.01126298 -0.01142712 -0.01131432 -0.01133169
 -0.01109477 -0.01131535 -0.01122703 -0.01121379 -0.01134764 -0.01140037
 -0.01143404 -0.01130604 -0.01127053 -0.01126653 -0.01119381 -0.0113147
 -0.01126106 -0.01117515 -0.01135769 -0.01131681 -0.01124761 -0.01122003
 -0.01133358 -0.01142438 -0.01117194 -0.01147141 -0.01131902 -0.01142896
 -0.01150346 -0.01134302 -0.01120848 -0.01139415 -0.01137593 -0.01135508
 -0.01118594 -0.01135325 -0.01136685 -0.01133073 -0.01123092 -0.01118601
 -0.01121722 -0.01120045 -0.01144299 -0.01124913 -0.01138309 -0.01142161
 -0.01120759 -0.01136449 -0.01128745 -0.01142502 -0.01132291 -0.01114698
 -0.01129806 -0.01130814 -0.0113583  -0.01123684 -0.01130539 -0.01126636
 -0.01135966 -0.01133455 -0.01140546 -0.01120484 -0.01137066 -0.01135155
 -0.01155446 -0.01122723 -0.01149924 -0.01117469 -0.01133885 -0.01133315
 -0.01124906 -0.01118003 -0.01125441 -0.01126745 -0.01126998 -0.0112894
 -0.01145506 -0.01153186 -0.01115083 -0.01134289 -0.01129035 -0.01154073
 -0.01129819 -0.0114753  -0.01127743 -0.01118969 -0.01147923 -0.0111706
 -0.01126416 -0.01156155 -0.01162449 -0.01114894 -0.01133047 -0.01138651
 -0.01133549 -0.01123206 -0.01144021 -0.0111263  -0.01139889 -0.01141083
 -0.01155407 -0.01125085 -0.01126219 -0.01153395 -0.01136223 -0.01135308
 -0.011363   -0.01133457 -0.01143997 -0.01148882 -0.0112469  -0.01122615
 -0.01128943 -0.01137876 -0.01133702 -0.01141007 -0.01136648 -0.0112956
 -0.01126092 -0.01111792 -0.01122167 -0.0112363  -0.0113979  -0.01136985
 -0.01139296 -0.01122016 -0.01124276 -0.01120618 -0.01124649 -0.01133988
 -0.01152104 -0.01145785 -0.01126773 -0.01153419 -0.01119794 -0.01150446
 -0.01137576 -0.01109264 -0.01131318 -0.01135437 -0.01141283 -0.0111858
 -0.01146091 -0.01147107 -0.01126037 -0.01128861 -0.01137902 -0.01134416
 -0.01119577 -0.01146694 -0.01129742 -0.01135363 -0.01120526 -0.01123375
 -0.01148732 -0.01128973 -0.01110391 -0.01099641 -0.01150571 -0.01136526
 -0.0113027  -0.01137701 -0.01130492 -0.01143422 -0.01148422 -0.01137405
 -0.01140018 -0.01143975 -0.01132341 -0.01120076 -0.01117023 -0.01116657
 -0.01134155 -0.01132898 -0.01125548 -0.01165093 -0.01146115 -0.01163361
 -0.01141825 -0.01142212 -0.01154181 -0.01130817 -0.01140039 -0.01099752
 -0.01131736 -0.01123674 -0.01132504 -0.01146337 -0.01126754 -0.01143393
 -0.0112526  -0.01121802 -0.01137954 -0.01147086 -0.01121497 -0.01132682
 -0.01139539 -0.01129938 -0.01125046 -0.01168782 -0.0112295  -0.01127936
 -0.01145739 -0.0111189  -0.01148176 -0.01130322 -0.01127562 -0.01150556
 -0.01157033 -0.0113296  -0.01160214 -0.01120459 -0.01112517 -0.01124019
 -0.01118252 -0.01117302 -0.01139034 -0.01123296 -0.0114279  -0.01127854
 -0.01153456 -0.0114146  -0.01132772 -0.01115203 -0.01130357 -0.01130317
 -0.01149114 -0.01132244 -0.01132086 -0.01142028 -0.01146797 -0.0112542
 -0.01138697 -0.01156342 -0.01119856 -0.01114201 -0.01142283 -0.01129335
 -0.01125878 -0.01133488 -0.01137799 -0.01121716 -0.01121579 -0.0113317
 -0.01116547 -0.01129429 -0.0112996  -0.01122102 -0.01159882 -0.01135289
 -0.01135724 -0.01125064 -0.0112915  -0.01128385 -0.01139429 -0.0113654
 -0.01127239 -0.01140343 -0.01129306 -0.01129965 -0.01145329 -0.01150171
 -0.01124569 -0.01122064 -0.01148028 -0.01119917 -0.01118075 -0.01133707
 -0.01141386 -0.01152255 -0.01131834 -0.01130881 -0.01128054 -0.01137682
 -0.01150231 -0.01155704 -0.01099775 -0.01124951 -0.01131035 -0.01128207
 -0.01134458 -0.01131377 -0.01129129 -0.0113672  -0.0113366  -0.01145942
 -0.01138503 -0.01115754 -0.01154867 -0.0114808  -0.01138754 -0.01124866
 -0.01126098 -0.01150623 -0.01144642 -0.01107808 -0.01119524 -0.01129942
 -0.01152916 -0.01111144 -0.01144038 -0.01119922 -0.01145193 -0.01147287
 -0.0114142  -0.01141682 -0.01125284 -0.01130046 -0.01140857 -0.01138707
 -0.01133775 -0.01141726 -0.01141056 -0.01131364 -0.01127803 -0.01151611
 -0.01115159 -0.01143727 -0.01134025 -0.01139377 -0.0113323  -0.01143201
 -0.01113404 -0.01133731 -0.01136176 -0.01131188 -0.01128262 -0.01137552
 -0.01134405 -0.01119628 -0.01160193 -0.01139627 -0.01145418 -0.01121602
 -0.01160764 -0.01130609 -0.01147561 -0.01124249 -0.01141587 -0.0113467
 -0.0113127  -0.01151002 -0.01135935 -0.01137168 -0.01118493 -0.01122228
 -0.01146891 -0.0111919  -0.01133444 -0.01118379 -0.01128974 -0.01115093
 -0.01146767 -0.01106316 -0.01137969 -0.01143418 -0.01144124 -0.01133816
 -0.01119456 -0.01130512 -0.01146588 -0.01144634 -0.01138286 -0.01126798
 -0.01134739 -0.01135496 -0.01145891 -0.01141778 -0.01134272 -0.01122787
 -0.01139779 -0.01139954 -0.01132848 -0.01129577 -0.01127564 -0.01135722
 -0.01126495 -0.01125487 -0.01127569 -0.01133395 -0.01139942 -0.01131232]"
Aunt Judy'S Salad,"[""2 c. hot water"", ""2 boxes lime Jell-O (4 serving size)"", ""1 (No. 2) can pineapple, crushed"", ""1/2 c. mayonnaise"", ""1 small can evaporated milk"", ""1 Tbsp. sugar"", ""1 carton cottage cheese"", ""1 c. pecans (optional)""]","[""Combine Jell-O and hot water."", ""Stir until dissolved."", ""Add all other ingredients."", ""Stir well."", ""Refrigerate until set."", ""Better if prepared 24 hours before serving.""]","[""sugar"", ""cottage cheese"", ""pecans"", ""water"", ""mayonnaise"", ""milk"", ""lime"", ""pineapple""]","[-0.0095433  -0.00964165 -0.00954202 -0.00946822 -0.00946118 -0.00948816
 -0.00945055 -0.0091562  -0.00959977 -0.009545   -0.00942174 -0.00954151
 -0.0094276  -0.00939379 -0.00969062 -0.00951619 -0.00942052 -0.00935289
 -0.00949332 -0.00932376 -0.00941061 -0.00975159 -0.00967216 -0.00941916
 -0.00940348 -0.00939019 -0.00957367 -0.00959491 -0.00952854 -0.00951127
 -0.0094542  -0.00955748 -0.00922636 -0.00957152 -0.00961776 -0.00964656
 -0.00944674 -0.00948545 -0.00979014 -0.00934416 -0.0096441  -0.00962321
 -0.00929428 -0.00952471 -0.00941502 -0.00941039 -0.00960896 -0.00950341
 -0.00960475 -0.00960902 -0.00954402 -0.00956738 -0.00949964 -0.00949957
 -0.00951114 -0.00937827 -0.0095853  -0.00957666 -0.009578   -0.00957326
 -0.00945875 -0.0095394  -0.00950528 -0.00963946 -0.00952841 -0.0094925
 -0.00941724 -0.00938331 -0.00966671 -0.00940058 -0.00959788 -0.00956512
 -0.00945878 -0.00958014 -0.00947441 -0.00959152 -0.00947902 -0.00949111
 -0.00942829 -0.00965614 -0.00954403 -0.00946165 -0.00948809 -0.0094392
 -0.00953867 -0.00942393 -0.00966123 -0.00962238 -0.00965616 -0.00922977
 -0.0097016  -0.00945708 -0.00957504 -0.00946477 -0.00952228 -0.00962358
 -0.00968335 -0.00949281 -0.00954439 -0.00946056 -0.0096087  -0.00956926
 -0.0095593  -0.00932383 -0.00988661 -0.00958163 -0.00954832 -0.00956734
 -0.00951511 -0.0096047  -0.00958261 -0.00949982 -0.00940253 -0.009648
 -0.00976364 -0.00944024 -0.00954953 -0.00958607 -0.00963615 -0.00956417
 -0.00951046 -0.00949948 -0.00955012 -0.00928453 -0.00955008 -0.00956225
 -0.00964465 -0.00953912 -0.00941567 -0.00965432 -0.00943363 -0.00943751
 -0.00945565 -0.00958718 -0.00957976 -0.00941719 -0.00948373 -0.00955826
 -0.00936111 -0.00958044 -0.0094322  -0.00938387 -0.0095151  -0.00955924
 -0.00941659 -0.00964586 -0.00948533 -0.00954078 -0.00948522 -0.00960031
 -0.00946727 -0.00929654 -0.00967648 -0.00978999 -0.0095942  -0.00952192
 -0.00960849 -0.00951696 -0.00967429 -0.00947919 -0.00938488 -0.00952387
 -0.00956522 -0.00943443 -0.00956302 -0.00955536 -0.00947803 -0.00919988
 -0.00951563 -0.00947489 -0.00967999 -0.00944316 -0.00913445 -0.00953128
 -0.00942796 -0.00943424 -0.00951493 -0.00953844 -0.0095944  -0.00939675
 -0.00984216 -0.00961354 -0.00948579 -0.00959304 -0.00941024 -0.00952596
 -0.00932981 -0.00959338 -0.0092998  -0.00939916 -0.00966852 -0.00965503
 -0.00964433 -0.00951346 -0.00947368 -0.00947761 -0.0095865  -0.00950073
 -0.00943076 -0.009663   -0.00937537 -0.00946998 -0.00940016 -0.00926306
 -0.00963007 -0.00951767 -0.00941441 -0.00955988 -0.00954128 -0.00933471
 -0.00968401 -0.00931621 -0.00928216 -0.00947454 -0.00957364 -0.00946039
 -0.00952772 -0.00941811 -0.00976119 -0.00956854 -0.0095604  -0.00932846
 -0.00977373 -0.00947285 -0.00976587 -0.00934934 -0.00943382 -0.00953016
 -0.00939888 -0.00937058 -0.0096227  -0.00963373 -0.00955653 -0.00945459
 -0.00957079 -0.00947104 -0.00961317 -0.00955114 -0.00946244 -0.00957412
 -0.00970312 -0.00947704 -0.00937211 -0.00951661 -0.00951417 -0.00940658
 -0.00949538 -0.0094689  -0.00956485 -0.00964388 -0.00940151 -0.00959553
 -0.0094203  -0.00960026 -0.00955807 -0.00947115 -0.00948399 -0.00954913
 -0.00941808 -0.00933052 -0.00937622 -0.00947456 -0.00924088 -0.00957608
 -0.00954888 -0.00947475 -0.00962033 -0.00956401 -0.00949841 -0.00957762
 -0.00962315 -0.00948781 -0.00966446 -0.00942212 -0.00962847 -0.00961744
 -0.00952883 -0.0094718  -0.00940037 -0.00961444 -0.00955987 -0.00948414
 -0.00978216 -0.00961159 -0.00961366 -0.00971284 -0.00961409 -0.00966516
 -0.00973357 -0.0095085  -0.00942967 -0.00928085 -0.00952023 -0.00971315
 -0.00939525 -0.00952234 -0.00946284 -0.0095429  -0.00948665 -0.0097075
 -0.00950627 -0.00951303 -0.00957353 -0.00947507 -0.0096137  -0.00942205
 -0.00947541 -0.00965987 -0.01134207 -0.00950481 -0.00957314 -0.00946107
 -0.00940066 -0.00955987 -0.00964832 -0.00961172 -0.00960023 -0.00942121
 -0.00952696 -0.00963329 -0.00936819 -0.00951849 -0.00944586 -0.00961538
 -0.00954485 -0.00974433 -0.00957113 -0.00938126 -0.00953857 -0.00967658
 -0.00934761 -0.00953274 -0.00951211 -0.00929491 -0.00961779 -0.00939419
 -0.0098159  -0.00954558 -0.0096202  -0.00953336 -0.00951322 -0.00957683
 -0.00952598 -0.00953183 -0.00970542 -0.00971783 -0.00939468 -0.0094298
 -0.00940758 -0.00953326 -0.00959224 -0.00953538 -0.00939352 -0.00955269
 -0.00939607 -0.00979552 -0.0094241  -0.00942481 -0.0093191  -0.00951327
 -0.00941154 -0.00953457 -0.00962618 -0.00943865 -0.00942326 -0.0093183
 -0.00951869 -0.00976921 -0.00939998 -0.00972465 -0.00960724 -0.00948082
 -0.00970867 -0.00956189 -0.00966154 -0.00971479 -0.00952285 -0.00956107
 -0.0095868  -0.00973176 -0.00961249 -0.00992209 -0.00960657 -0.00948698
 -0.0096435  -0.00969661 -0.00944861 -0.00950793 -0.00941441 -0.00966418
 -0.00943026 -0.00945424 -0.0095699  -0.00959387 -0.00955494 -0.00974562
 -0.00967087 -0.00950528 -0.00952136 -0.00936264 -0.00941631 -0.00954088
 -0.00934011 -0.00930456 -0.00946742 -0.00959231 -0.00963941 -0.00953748
 -0.00964019 -0.00947939 -0.00937848 -0.00948201 -0.00936315 -0.00954883
 -0.0097353  -0.00948263 -0.00952933 -0.0096233  -0.00952966 -0.00972974
 -0.00927601 -0.00973562 -0.00969116 -0.0095496  -0.00933752 -0.0093895
 -0.00954428 -0.00946977 -0.00954875 -0.00932097 -0.0096158  -0.00962807
 -0.00954671 -0.00964149 -0.00951728 -0.00966571 -0.00940812 -0.00939344
 -0.00957594 -0.00952514 -0.00954606 -0.00951773 -0.00965715 -0.00961513
 -0.00967489 -0.00964133 -0.00971421 -0.00937105 -0.00963678 -0.00944662
 -0.00966216 -0.0095006  -0.00959329 -0.00936633 -0.00954822 -0.00965275
 -0.00944868 -0.00940948 -0.00960186 -0.00944675 -0.00949196 -0.00952914
 -0.00957499 -0.00969963 -0.0093333  -0.00958157 -0.0095382  -0.00963516
 -0.00947026 -0.00964997 -0.00942957 -0.00940274 -0.00968826 -0.00941401
 -0.00947769 -0.00950722 -0.00975433 -0.00943666 -0.00946265 -0.00941444
 -0.00950117 -0.00942737 -0.00965914 -0.00944919 -0.00953173 -0.00958825
 -0.00963355 -0.00948584 -0.00946046 -0.00974135 -0.00953912 -0.00971769
 -0.00946486 -0.00945559 -0.00968596 -0.00965725 -0.00943355 -0.00944377
 -0.00960289 -0.00953689 -0.0095514  -0.0096785  -0.00964725 -0.00964674
 -0.00945992 -0.00948007 -0.00934249 -0.00944204 -0.00959796 -0.00956542
 -0.0097435  -0.00941056 -0.00946282 -0.00967062 -0.00942289 -0.00953973
 -0.00961311 -0.0095156  -0.00961416 -0.00975602 -0.0093662  -0.00978126
 -0.0095418  -0.00933592 -0.00949182 -0.00954121 -0.00954052 -0.00950384
 -0.00969179 -0.00964394 -0.00936866 -0.00961564 -0.00967951 -0.00937323
 -0.00964627 -0.00963539 -0.00952605 -0.00946908 -0.00952033 -0.00952427
 -0.00951932 -0.00932733 -0.00933892 -0.00935776 -0.00977641 -0.00954536
 -0.00955606 -0.00933532 -0.00949687 -0.009752   -0.00960535 -0.00954905
 -0.0095485  -0.00970593 -0.00955337 -0.00939118 -0.00941745 -0.00946018
 -0.00958293 -0.00942363 -0.00944423 -0.00979257 -0.0095593  -0.0098591
 -0.0097611  -0.00964396 -0.00972363 -0.00942617 -0.00974428 -0.00937523
 -0.00950312 -0.00941332 -0.00958175 -0.0095987  -0.0094192  -0.00970568
 -0.00935781 -0.00940366 -0.00961968 -0.00967009 -0.00939866 -0.00958234
 -0.00956606 -0.0096114  -0.00961456 -0.00985026 -0.00940332 -0.00958659
 -0.00944593 -0.009366   -0.00975048 -0.009553   -0.00957435 -0.00968442
 -0.00969674 -0.00942913 -0.00977346 -0.00938492 -0.00924209 -0.00950729
 -0.00934108 -0.00948191 -0.00949894 -0.00948446 -0.00941537 -0.00948034
 -0.00979964 -0.0096334  -0.00961233 -0.00943788 -0.00945264 -0.0095387
 -0.00964315 -0.00943147 -0.00958411 -0.00976457 -0.00963265 -0.00943323
 -0.00956305 -0.0096993  -0.00925798 -0.00921088 -0.00956206 -0.00938084
 -0.00961213 -0.00961446 -0.00961738 -0.00932203 -0.00955234 -0.00962641
 -0.00951732 -0.00947423 -0.00935135 -0.00944252 -0.00981137 -0.00949821
 -0.00964792 -0.00951235 -0.00977866 -0.00947491 -0.00952484 -0.00947537
 -0.00936765 -0.00965417 -0.00943582 -0.00969866 -0.00950396 -0.0096342
 -0.00961777 -0.0093448  -0.00954295 -0.00942263 -0.00934226 -0.00939834
 -0.00952448 -0.00967064 -0.00953379 -0.00959811 -0.00959379 -0.00952069
 -0.0096439  -0.0097918  -0.00931795 -0.00948026 -0.00947259 -0.0096185
 -0.00951068 -0.0094221  -0.00958313 -0.00948768 -0.00958353 -0.0097327
 -0.00956251 -0.0093478  -0.00971089 -0.00959315 -0.00957624 -0.00937584
 -0.00946223 -0.00972346 -0.00947211 -0.0093765  -0.00958498 -0.00936027
 -0.00975291 -0.00937128 -0.00961878 -0.00936349 -0.00957459 -0.00957036
 -0.00975252 -0.00960761 -0.0093935  -0.00955404 -0.00949133 -0.00946771
 -0.00960614 -0.00959084 -0.00953899 -0.00957779 -0.00953278 -0.0096189
 -0.00919556 -0.00952654 -0.00956392 -0.00961825 -0.00943309 -0.00968122
 -0.00935481 -0.00961056 -0.00959247 -0.00938864 -0.00957948 -0.00951429
 -0.00946731 -0.00955737 -0.00969958 -0.0094968  -0.00956111 -0.00938092
 -0.00978649 -0.00954101 -0.00961697 -0.00949284 -0.00944606 -0.00946346
 -0.00958902 -0.00963594 -0.00944903 -0.00958304 -0.00942322 -0.00940052
 -0.00969286 -0.00937071 -0.00968568 -0.00942589 -0.00952718 -0.00944677
 -0.00965463 -0.00924779 -0.0096552  -0.00963933 -0.00958236 -0.00943383
 -0.00953907 -0.00962871 -0.00953601 -0.00955231 -0.0095577  -0.00957606
 -0.00960557 -0.00950955 -0.00979108 -0.00951376 -0.00948013 -0.0095221
 -0.00966365 -0.00962917 -0.00948522 -0.00957677 -0.0095679  -0.00953166
 -0.00950241 -0.00957299 -0.00945125 -0.00955368 -0.00954969 -0.00961349]"
Nacho Popcorn,"[""5 Tbsp. margarine"", ""1 tsp. paprika"", ""1/2 tsp. red pepper"", ""1/2 tsp. ground cumin"", ""11 c. popped popcorn"", ""6 Tbsp. grated Parmesan cheese""]","[""In a saucepan, melt the margarine."", ""Stir in the paprika, red pepper and cumin."", ""Let cool about 5 minutes."", ""Place popcorn in a large bowl."", ""Pour spice mixture on top; sprinkle with cheese. Toss until popcorn is coated.""]","[""ground cumin"", ""parmesan cheese"", ""red pepper"", ""popcorn"", ""margarine"", ""paprika""]","[-0.00998079 -0.00983352 -0.00978028 -0.00979462 -0.00984989 -0.00979184
 -0.00975427 -0.00973487 -0.00984525 -0.00985423 -0.00978434 -0.00982599
 -0.00968768 -0.00975763 -0.00987347 -0.00987    -0.00985749 -0.00972376
 -0.00980687 -0.0098481  -0.00985428 -0.00994589 -0.01005664 -0.00992451
 -0.00984698 -0.00977945 -0.01000035 -0.00979714 -0.0099015  -0.00973265
 -0.00985734 -0.00987244 -0.00958512 -0.00982125 -0.00993021 -0.00991465
 -0.00985918 -0.00987531 -0.00993854 -0.00979574 -0.00987066 -0.00985193
 -0.00964754 -0.00990139 -0.00981827 -0.00975264 -0.00979396 -0.0098599
 -0.01000512 -0.00998971 -0.00992065 -0.00981823 -0.00990846 -0.00982205
 -0.00997205 -0.00987233 -0.00980528 -0.00986499 -0.00984771 -0.00985512
 -0.00978115 -0.00980267 -0.00982907 -0.00996721 -0.0098918  -0.00984091
 -0.00967623 -0.00969977 -0.00993779 -0.00983919 -0.00982312 -0.00979457
 -0.00987376 -0.00994038 -0.00970048 -0.00996177 -0.00985146 -0.0096905
 -0.00989951 -0.00972061 -0.00979978 -0.00987213 -0.00964488 -0.00972409
 -0.00993543 -0.00972273 -0.00984101 -0.00988147 -0.00996479 -0.00971899
 -0.01007652 -0.00986375 -0.00976201 -0.00977236 -0.00988139 -0.00986922
 -0.00994825 -0.00986383 -0.00973846 -0.00981804 -0.00995899 -0.00992011
 -0.00984836 -0.00970094 -0.01002592 -0.00982373 -0.00983983 -0.00992905
 -0.00971492 -0.0099299  -0.00981642 -0.01000089 -0.00968926 -0.00980596
 -0.00992339 -0.00975032 -0.00978242 -0.00975837 -0.00984513 -0.00978478
 -0.00987389 -0.00981837 -0.00984908 -0.00959411 -0.00975185 -0.00973858
 -0.0099381  -0.00993053 -0.00976116 -0.00992222 -0.00981927 -0.00994707
 -0.00977147 -0.00984231 -0.00989391 -0.00987836 -0.00985885 -0.00976617
 -0.00990008 -0.00993804 -0.00986761 -0.00958426 -0.0098598  -0.00997311
 -0.0098315  -0.00984549 -0.00988018 -0.00982743 -0.00975411 -0.00978338
 -0.00981162 -0.0095659  -0.00999766 -0.01012189 -0.00983617 -0.00982366
 -0.00995604 -0.00984727 -0.00984983 -0.00981729 -0.00972438 -0.00988192
 -0.00991051 -0.0099136  -0.01001945 -0.00986592 -0.00977678 -0.00967062
 -0.00989229 -0.00971922 -0.00983709 -0.0098602  -0.00956882 -0.00975612
 -0.00978555 -0.00976054 -0.00975626 -0.00968991 -0.00990684 -0.00968082
 -0.01014193 -0.00986816 -0.0097694  -0.00991286 -0.00971217 -0.00984799
 -0.00968532 -0.00992877 -0.00966374 -0.00970846 -0.00994686 -0.0099131
 -0.00985471 -0.00976415 -0.00976488 -0.00987584 -0.00991007 -0.00996807
 -0.00959239 -0.00989686 -0.00981272 -0.00971031 -0.00960789 -0.00960335
 -0.01001782 -0.00978632 -0.00980243 -0.00983229 -0.00982902 -0.00979875
 -0.01001124 -0.00970138 -0.00966983 -0.00995973 -0.00974091 -0.00983944
 -0.00975761 -0.00992966 -0.009949   -0.00986915 -0.00978257 -0.00977477
 -0.00997498 -0.00986123 -0.01000231 -0.00955038 -0.00971829 -0.0098378
 -0.00968839 -0.00972219 -0.00990458 -0.00989927 -0.00988689 -0.00985262
 -0.00987974 -0.00965427 -0.0097194  -0.00993212 -0.00987629 -0.00987748
 -0.00989428 -0.00972166 -0.00977311 -0.0098021  -0.00982207 -0.00979976
 -0.00978547 -0.00991828 -0.00976156 -0.0098322  -0.00981206 -0.00979666
 -0.00983585 -0.00987688 -0.00981073 -0.00980774 -0.00991855 -0.00992164
 -0.00976917 -0.00975301 -0.00982244 -0.00980481 -0.00961781 -0.00992956
 -0.00984231 -0.00990421 -0.01001374 -0.00989877 -0.00994663 -0.00983872
 -0.00996438 -0.00983788 -0.00981237 -0.0098434  -0.00983274 -0.00985474
 -0.00988389 -0.00974635 -0.00972125 -0.00999079 -0.0098383  -0.00973287
 -0.01009548 -0.00991187 -0.00987605 -0.01002409 -0.00989721 -0.01001326
 -0.00997938 -0.00986694 -0.00984413 -0.00967961 -0.00989475 -0.0098622
 -0.00978565 -0.00993079 -0.00985698 -0.00971366 -0.00996259 -0.00995662
 -0.0098231  -0.00977783 -0.00984258 -0.00974548 -0.00959584 -0.00971262
 -0.00978986 -0.00992157 -0.01208073 -0.00983258 -0.00993253 -0.00988586
 -0.00968013 -0.00995474 -0.0098408  -0.00991587 -0.00992871 -0.00980209
 -0.00987537 -0.00981525 -0.00982655 -0.00983738 -0.00994663 -0.00993371
 -0.00990646 -0.00992367 -0.00998413 -0.00973802 -0.00984657 -0.0100038
 -0.00975907 -0.00979435 -0.00984486 -0.00976762 -0.00995119 -0.00978364
 -0.01013044 -0.00985642 -0.0100212  -0.00983892 -0.00996745 -0.00977143
 -0.00993256 -0.00980172 -0.00987843 -0.00997362 -0.00969572 -0.00976353
 -0.00978818 -0.00984492 -0.00987725 -0.009814   -0.00978983 -0.00991406
 -0.00981798 -0.01004709 -0.00984982 -0.00974027 -0.00964517 -0.00979112
 -0.00974365 -0.00986572 -0.00978346 -0.00975696 -0.00971816 -0.00976309
 -0.00985471 -0.01005996 -0.00964357 -0.00988335 -0.00994056 -0.00971884
 -0.00993568 -0.00977785 -0.00978722 -0.00999974 -0.00975102 -0.00975258
 -0.00994045 -0.00988772 -0.00985813 -0.0102079  -0.01004737 -0.0097798
 -0.00993646 -0.00991019 -0.00989253 -0.00988576 -0.00978583 -0.00984767
 -0.00974809 -0.00985443 -0.0098856  -0.00979835 -0.00995884 -0.00995805
 -0.00992209 -0.00972764 -0.00966909 -0.00980095 -0.00978606 -0.00986691
 -0.00966284 -0.00969788 -0.00983239 -0.00981077 -0.00986581 -0.00981575
 -0.00995675 -0.00997617 -0.00969637 -0.0099527  -0.00976694 -0.0099439
 -0.00996987 -0.00981092 -0.00981614 -0.00987176 -0.00985536 -0.00997993
 -0.00977961 -0.00986859 -0.00992469 -0.0098922  -0.00982137 -0.00979591
 -0.00974069 -0.0096673  -0.00992936 -0.00976194 -0.00985649 -0.0098928
 -0.00996548 -0.0098478  -0.00984898 -0.00989339 -0.009733   -0.00980698
 -0.00991152 -0.00977245 -0.00983315 -0.00974305 -0.00984107 -0.00986052
 -0.00995302 -0.00984506 -0.00985314 -0.00975098 -0.00981758 -0.00989742
 -0.00988261 -0.00977042 -0.00994885 -0.00977154 -0.00987709 -0.00996973
 -0.00982175 -0.00966951 -0.0097372  -0.00998605 -0.00977661 -0.0098662
 -0.00989119 -0.00997218 -0.00987674 -0.00993858 -0.00984761 -0.00980654
 -0.0097802  -0.01011173 -0.00977122 -0.00971483 -0.00984525 -0.00966452
 -0.00975392 -0.0099062  -0.0100424  -0.00970157 -0.00983148 -0.0098308
 -0.00984564 -0.00979894 -0.00983611 -0.00976973 -0.00981362 -0.00991343
 -0.00990511 -0.00973781 -0.00978328 -0.00991678 -0.00977527 -0.00982736
 -0.00983158 -0.00995717 -0.00995102 -0.00988017 -0.00971384 -0.00965918
 -0.00992779 -0.00978503 -0.00977603 -0.00997929 -0.01005679 -0.0099361
 -0.00975941 -0.00970475 -0.00973295 -0.00980361 -0.00988716 -0.01002056
 -0.00992057 -0.00974413 -0.00962262 -0.00992421 -0.00978499 -0.00983816
 -0.00995263 -0.00997862 -0.00980855 -0.01008212 -0.00980035 -0.00998262
 -0.00973405 -0.00968791 -0.00972952 -0.0097763  -0.0099099  -0.00984846
 -0.00999225 -0.00987972 -0.00985459 -0.00992081 -0.0099085  -0.0097071
 -0.00995837 -0.00997846 -0.00981572 -0.0098698  -0.00974944 -0.00973354
 -0.00992576 -0.00982661 -0.00982884 -0.00972692 -0.01001488 -0.00986414
 -0.00979622 -0.00983524 -0.0097604  -0.01000743 -0.00993154 -0.0097783
 -0.00986107 -0.00986698 -0.00987145 -0.00974378 -0.00968024 -0.00966422
 -0.00986192 -0.00997423 -0.00981553 -0.00995557 -0.00979667 -0.01005604
 -0.00998327 -0.00987718 -0.00996249 -0.00978878 -0.0099958  -0.00957718
 -0.00985401 -0.00978857 -0.00998658 -0.00985678 -0.00971207 -0.00993388
 -0.00971349 -0.00973647 -0.00978719 -0.00986733 -0.00967072 -0.00980031
 -0.00986758 -0.00982502 -0.00981828 -0.01002684 -0.00987257 -0.00984327
 -0.00984759 -0.00961557 -0.00998835 -0.00977251 -0.00986822 -0.00986788
 -0.010063   -0.00987361 -0.00994219 -0.00969082 -0.00980616 -0.00971244
 -0.0097514  -0.00972181 -0.00990358 -0.00978048 -0.0098731  -0.00978526
 -0.01004628 -0.00982874 -0.00984468 -0.00974529 -0.00968211 -0.00973082
 -0.00986165 -0.00982904 -0.00988411 -0.00992688 -0.01009484 -0.00978212
 -0.00994892 -0.00997853 -0.00981523 -0.0096633  -0.00988947 -0.00972996
 -0.00973423 -0.00995411 -0.00994947 -0.00971994 -0.00980944 -0.00997212
 -0.00972995 -0.00975989 -0.00970159 -0.00982201 -0.01001205 -0.009908
 -0.00979266 -0.00970483 -0.00972548 -0.00977723 -0.00970371 -0.00986563
 -0.00976154 -0.00983508 -0.00985251 -0.00988554 -0.00993278 -0.00978163
 -0.00990184 -0.00981982 -0.01004305 -0.00979052 -0.0097349  -0.00983304
 -0.00983811 -0.01004909 -0.00985351 -0.00984321 -0.00989697 -0.00982683
 -0.00986979 -0.00993174 -0.00964618 -0.00979169 -0.0099061  -0.00981869
 -0.00981705 -0.00985286 -0.00994806 -0.0098427  -0.00984957 -0.0098126
 -0.00986036 -0.00969042 -0.00996925 -0.00990397 -0.00983769 -0.00982104
 -0.0099709  -0.00999645 -0.0099039  -0.00961749 -0.00981107 -0.00973247
 -0.01000249 -0.0096734  -0.01003856 -0.00966198 -0.00997937 -0.00979471
 -0.01007792 -0.00980742 -0.00977334 -0.00993042 -0.00983386 -0.00985057
 -0.00996579 -0.00999994 -0.00979637 -0.00996527 -0.00982455 -0.00987664
 -0.0096306  -0.00992269 -0.01000168 -0.0098808  -0.00980503 -0.00981262
 -0.00963842 -0.00993145 -0.0098942  -0.00992377 -0.00984929 -0.00994287
 -0.0097683  -0.00983616 -0.00993792 -0.00990111 -0.00981443 -0.00976881
 -0.01006859 -0.00983818 -0.00984253 -0.00984727 -0.00970174 -0.0097943
 -0.00984584 -0.00995901 -0.00983671 -0.00991759 -0.00980955 -0.00981391
 -0.00984452 -0.00975712 -0.00986924 -0.00984546 -0.0099479  -0.00978875
 -0.0098034  -0.00962469 -0.00985774 -0.00994191 -0.00980701 -0.00999691
 -0.00970957 -0.0098275  -0.0098586  -0.00995261 -0.00977861 -0.00987098
 -0.00980156 -0.00990424 -0.01004377 -0.0099867  -0.00980672 -0.00976203
 -0.01001691 -0.0099073  -0.00980241 -0.00983349 -0.0098215  -0.00986751
 -0.00979093 -0.00979539 -0.00980487 -0.00976261 -0.00971989 -0.00979812]"
Macaroni And Cheese,"[""1 lb. Velveeta cheese"", ""1 small can evaporated milk"", ""8 oz. elbow macaroni"", ""3 or 4 eggs"", ""1 1/2 sticks butter"", ""salt to taste""]","[""Combine all ingredients into a large mixing bowl."", ""Stir until well blended."", ""Pour into casserole dish and bake at 350\u00b0 for 15 minutes."", ""Stir and bake 45 more minutes.""]","[""velveeta cheese"", ""eggs"", ""milk"", ""elbow macaroni"", ""butter"", ""salt""]","[-0.00926807 -0.0093081  -0.00920504 -0.00922269 -0.00902015 -0.00918355
 -0.00935523 -0.00898318 -0.00934653 -0.00937495 -0.00921564 -0.00924402
 -0.0091696  -0.00910215 -0.00929423 -0.00925902 -0.00916638 -0.00923084
 -0.00923085 -0.00920436 -0.00903602 -0.00951003 -0.00954626 -0.00924151
 -0.00919623 -0.00921446 -0.00934946 -0.00933975 -0.00919207 -0.00923644
 -0.00929394 -0.00920064 -0.0089481  -0.00932323 -0.00914005 -0.00939325
 -0.00904718 -0.00929843 -0.00947759 -0.00904439 -0.00931781 -0.0093435
 -0.00902751 -0.00934759 -0.00906754 -0.00925258 -0.00915011 -0.00930738
 -0.00935352 -0.00926725 -0.00912192 -0.00921905 -0.00940814 -0.0092801
 -0.00923001 -0.00905981 -0.00915151 -0.00920419 -0.0092893  -0.00921389
 -0.0092121  -0.00910569 -0.00926245 -0.00947711 -0.00935777 -0.0092822
 -0.0092706  -0.00912406 -0.00939448 -0.00917787 -0.00932273 -0.00919622
 -0.00943189 -0.00936967 -0.00912554 -0.00923556 -0.0092013  -0.0092093
 -0.00928839 -0.009259   -0.00936879 -0.00929121 -0.0090074  -0.00909867
 -0.00928881 -0.00907878 -0.0093785  -0.00931373 -0.00932406 -0.00898693
 -0.00945232 -0.00916463 -0.00916003 -0.00922992 -0.00929029 -0.00917458
 -0.00933913 -0.0091194  -0.00916283 -0.00917158 -0.00935457 -0.00910437
 -0.0092117  -0.00908568 -0.00944866 -0.00927485 -0.00944806 -0.00924568
 -0.00914586 -0.00921896 -0.00926202 -0.0092547  -0.0091137  -0.00920841
 -0.00954502 -0.00906775 -0.00921793 -0.00924761 -0.00939408 -0.00930523
 -0.0092227  -0.00930121 -0.00934517 -0.00898841 -0.00918346 -0.00946975
 -0.00926002 -0.00932614 -0.00915786 -0.00942444 -0.00920068 -0.00917737
 -0.00923359 -0.00935281 -0.00941144 -0.0090473  -0.00919305 -0.00932102
 -0.00929347 -0.00942092 -0.00941348 -0.00913361 -0.00916892 -0.00930704
 -0.00913221 -0.00926896 -0.00921861 -0.00913094 -0.00914159 -0.00923773
 -0.00917844 -0.00902196 -0.00949218 -0.00951181 -0.00925624 -0.00908209
 -0.00933737 -0.00920351 -0.00925784 -0.00925511 -0.00906117 -0.00936788
 -0.0092773  -0.00934002 -0.00928467 -0.00919965 -0.00924357 -0.00903219
 -0.00933356 -0.00903189 -0.00936784 -0.00908783 -0.00886758 -0.00937468
 -0.00934637 -0.00920199 -0.00915289 -0.00922018 -0.00916608 -0.00917614
 -0.00949673 -0.00940047 -0.00904989 -0.00954686 -0.00916033 -0.00934375
 -0.00906941 -0.00936912 -0.00909798 -0.00900753 -0.00931572 -0.00919445
 -0.00934165 -0.00935935 -0.00918489 -0.00926363 -0.00937819 -0.00921183
 -0.00921448 -0.00948705 -0.00924534 -0.00913445 -0.00911425 -0.00916327
 -0.00932244 -0.00931227 -0.00908819 -0.00936811 -0.00918251 -0.00923775
 -0.00922973 -0.00907536 -0.00902242 -0.00927915 -0.00920366 -0.00919049
 -0.00920754 -0.00918685 -0.00937042 -0.00931502 -0.00915033 -0.00920297
 -0.00949719 -0.00916105 -0.00931533 -0.00910059 -0.00937915 -0.00917458
 -0.00921048 -0.00905073 -0.00939122 -0.00934587 -0.00915723 -0.00915223
 -0.00952165 -0.0091129  -0.00916859 -0.00924169 -0.0092024  -0.00950208
 -0.00929104 -0.00925305 -0.00920935 -0.00941203 -0.00927537 -0.00929135
 -0.00926355 -0.00913528 -0.00920552 -0.00932777 -0.00908585 -0.00933158
 -0.00910262 -0.00940259 -0.00916261 -0.00934141 -0.00921507 -0.00931295
 -0.00916425 -0.00898061 -0.00903551 -0.0092645  -0.00893899 -0.00937701
 -0.00924773 -0.0091794  -0.0094378  -0.00930123 -0.00935932 -0.00936323
 -0.00932029 -0.00921268 -0.00942635 -0.00911516 -0.0092662  -0.00951307
 -0.00933659 -0.00924817 -0.00922648 -0.00940954 -0.0091772  -0.00922792
 -0.00940764 -0.0090519  -0.00948627 -0.00944782 -0.0093437  -0.00946828
 -0.00948571 -0.00932216 -0.00911576 -0.00903394 -0.00946433 -0.00953137
 -0.00917767 -0.00917232 -0.00917399 -0.0090617  -0.00918695 -0.00937291
 -0.00905204 -0.00930382 -0.00917387 -0.00905816 -0.0092877  -0.00911156
 -0.00920896 -0.00940531 -0.01102394 -0.00938969 -0.00942639 -0.00922731
 -0.00926653 -0.0093309  -0.00935395 -0.00953339 -0.00924231 -0.00929264
 -0.00932419 -0.00940343 -0.00909839 -0.00910577 -0.00925454 -0.00943429
 -0.00924048 -0.0093897  -0.00926755 -0.00904845 -0.00917652 -0.00945879
 -0.00905959 -0.00929132 -0.00922592 -0.00914511 -0.00933305 -0.00922317
 -0.0094884  -0.00922622 -0.00937416 -0.00932987 -0.00934923 -0.00935004
 -0.00917083 -0.00921599 -0.00937217 -0.0093434  -0.00895186 -0.00910594
 -0.00916709 -0.00925735 -0.00938477 -0.00946121 -0.00896448 -0.00932087
 -0.00911592 -0.00949933 -0.00935722 -0.00906674 -0.00904306 -0.00920478
 -0.00915416 -0.00928988 -0.00914295 -0.00906951 -0.00904237 -0.00922689
 -0.00915629 -0.00952067 -0.00913822 -0.009326   -0.0093896  -0.00922046
 -0.00939739 -0.00936182 -0.00944704 -0.00929282 -0.00921028 -0.00920264
 -0.00930625 -0.00943753 -0.00920781 -0.00950556 -0.009253   -0.00938254
 -0.00948447 -0.00932934 -0.0091778  -0.00925743 -0.0093112  -0.00941251
 -0.00924681 -0.00937833 -0.00917309 -0.00911253 -0.0094423  -0.00947301
 -0.00951521 -0.00931528 -0.00920408 -0.00933384 -0.00911174 -0.00917523
 -0.00921819 -0.00905746 -0.00922517 -0.0092119  -0.0094061  -0.00930418
 -0.0094802  -0.00944409 -0.00903872 -0.00932864 -0.00925077 -0.00918606
 -0.00932081 -0.00935294 -0.00918103 -0.00928901 -0.00927771 -0.00942789
 -0.0091904  -0.00944595 -0.00940485 -0.00919353 -0.00917839 -0.00919015
 -0.00916773 -0.00922545 -0.00917333 -0.00931912 -0.00925825 -0.00937466
 -0.00919766 -0.00927858 -0.00921588 -0.00928198 -0.00918205 -0.00904204
 -0.00938454 -0.00917641 -0.00928789 -0.00910061 -0.00926233 -0.00928928
 -0.00943524 -0.0094521  -0.00936279 -0.00915646 -0.00915858 -0.0091815
 -0.00931242 -0.00918579 -0.00959318 -0.00900581 -0.00925151 -0.00925308
 -0.00924378 -0.00916114 -0.00939131 -0.00920019 -0.00915602 -0.00915784
 -0.00932869 -0.00957315 -0.0091032  -0.00927602 -0.00923682 -0.00952563
 -0.00904091 -0.0093062  -0.00923629 -0.00906782 -0.00932901 -0.00893211
 -0.0091855  -0.00926037 -0.00936103 -0.00905529 -0.00935534 -0.00931651
 -0.00922152 -0.00910668 -0.00941314 -0.00924845 -0.00912186 -0.00939803
 -0.00949196 -0.00923795 -0.00906262 -0.00934877 -0.00925472 -0.00910139
 -0.00929288 -0.00936013 -0.00921152 -0.00930834 -0.00913675 -0.00926855
 -0.0092208  -0.00918638 -0.00906201 -0.00935133 -0.00921497 -0.00930082
 -0.00925606 -0.0091659  -0.00905386 -0.00926364 -0.00922309 -0.00934909
 -0.00937505 -0.00913667 -0.00902566 -0.00915006 -0.00909501 -0.00930626
 -0.00931502 -0.00923394 -0.00924401 -0.00959105 -0.00908913 -0.00947157
 -0.00921431 -0.00901185 -0.0092017  -0.00927119 -0.00924767 -0.00909391
 -0.0094659  -0.0093248  -0.00911852 -0.0092434  -0.00935278 -0.00918077
 -0.00924942 -0.00927985 -0.00936557 -0.00932366 -0.00918172 -0.00919314
 -0.00931961 -0.00912543 -0.00902527 -0.0089844  -0.0094186  -0.00944581
 -0.00914615 -0.00915938 -0.00920359 -0.00943949 -0.00923615 -0.00924432
 -0.00931725 -0.0094538  -0.00930205 -0.00908338 -0.00911714 -0.00916438
 -0.00936799 -0.00929967 -0.00925167 -0.0096511  -0.00919857 -0.00961374
 -0.0094015  -0.00928136 -0.00946423 -0.00930761 -0.0094951  -0.00914506
 -0.00917037 -0.00896102 -0.00929097 -0.0094168  -0.00920074 -0.00928631
 -0.00916232 -0.00899263 -0.00928492 -0.00935646 -0.00900957 -0.00923465
 -0.00923868 -0.00925675 -0.00936619 -0.00953789 -0.00915827 -0.00925572
 -0.00943305 -0.00916022 -0.00943121 -0.00920477 -0.009299   -0.00943078
 -0.00943386 -0.00901952 -0.00931653 -0.00918418 -0.00909892 -0.00931077
 -0.00910205 -0.00922921 -0.00932687 -0.00916872 -0.00924253 -0.00921038
 -0.00945259 -0.00922626 -0.00945068 -0.00920248 -0.00929005 -0.00932051
 -0.00933631 -0.0091213  -0.00945023 -0.00942182 -0.00941331 -0.00918008
 -0.00925395 -0.00948889 -0.00913947 -0.00890947 -0.00929532 -0.00922643
 -0.00924695 -0.00937408 -0.00935986 -0.009031   -0.00920751 -0.00929024
 -0.00918441 -0.00922529 -0.00912659 -0.00912003 -0.0095936  -0.00931923
 -0.00934973 -0.0092573  -0.00951039 -0.00915788 -0.00937411 -0.00934059
 -0.00920573 -0.00926284 -0.00931201 -0.00929535 -0.00935968 -0.00917608
 -0.00921647 -0.00917267 -0.00954999 -0.00920125 -0.00910754 -0.00920974
 -0.00934748 -0.0095076  -0.00920919 -0.0093767  -0.00924357 -0.00932391
 -0.00922063 -0.00923565 -0.0091324  -0.00923548 -0.00930384 -0.00933533
 -0.00931873 -0.00911844 -0.00930716 -0.00915081 -0.00920957 -0.00957131
 -0.00912916 -0.00903579 -0.00946049 -0.00942036 -0.00930775 -0.00905392
 -0.00923337 -0.00942484 -0.00944377 -0.00907127 -0.00925836 -0.00917618
 -0.00952104 -0.00889699 -0.00949188 -0.00912906 -0.00955039 -0.00927473
 -0.00949469 -0.00929448 -0.00924979 -0.00917719 -0.00933039 -0.00930141
 -0.00948197 -0.00933406 -0.00939126 -0.00931127 -0.00923248 -0.00935782
 -0.00911442 -0.00932487 -0.00922189 -0.00932944 -0.00913285 -0.00919994
 -0.00924807 -0.00928639 -0.00929049 -0.0092576  -0.00942583 -0.00928991
 -0.00922381 -0.00908225 -0.00948483 -0.00937889 -0.00934501 -0.00918327
 -0.00944343 -0.00920993 -0.00945565 -0.00924554 -0.00907079 -0.00922258
 -0.00929531 -0.00939714 -0.00920564 -0.00937517 -0.00913163 -0.00919192
 -0.00930839 -0.00922921 -0.00932732 -0.00912693 -0.00933127 -0.00918736
 -0.00932452 -0.00898092 -0.00930145 -0.00938301 -0.00934328 -0.00923502
 -0.00916173 -0.00937972 -0.00935894 -0.00946657 -0.00919853 -0.00925608
 -0.00921881 -0.0091735  -0.00932476 -0.00925978 -0.00918832 -0.00913024
 -0.00934609 -0.00922514 -0.00932438 -0.0091847  -0.00920989 -0.00915958
 -0.00916345 -0.00927803 -0.00911492 -0.00925781 -0.00923657 -0.00935069]"
Vegetable Bake,"[""1 pkg. frozen broccoli"", ""1 pkg. frozen cauliflower"", ""1 pkg. carrots"", ""2 c. celery"", ""1 onion, chopped"", ""8 oz. Cheez Whiz"", ""2/3 stick butter"", ""1 can cream of mushroom soup"", ""1 c. Minute rice""]","[""Mix the last 4 ingredients."", ""Pour mixture over vegetables. Bake, uncovered, for 45 minutes or more.""]","[""cream of mushroom soup"", ""onion"", ""celery"", ""carrots"", ""rice"", ""frozen broccoli"", ""frozen cauliflower"", ""butter""]","[-0.0102197  -0.01023226 -0.01024121 -0.01003899 -0.01013131 -0.01014939
 -0.01015128 -0.01000887 -0.01032498 -0.0102781  -0.01017834 -0.01026021
 -0.01008729 -0.01010047 -0.01026616 -0.01031081 -0.01009658 -0.01000349
 -0.01003726 -0.01006914 -0.01012941 -0.0104073  -0.01025833 -0.01019645
 -0.01002874 -0.01009914 -0.01021911 -0.01005001 -0.01010848 -0.01021224
 -0.01032343 -0.01013878 -0.00991677 -0.01015198 -0.0100428  -0.01028474
 -0.01002421 -0.01013259 -0.01030819 -0.01004214 -0.0102306  -0.01015546
 -0.00994826 -0.01019316 -0.01020263 -0.01021445 -0.01020535 -0.01021289
 -0.01035032 -0.0102359  -0.01017006 -0.01014028 -0.01014657 -0.01017625
 -0.01021992 -0.01009055 -0.01012263 -0.01012388 -0.01013571 -0.01006796
 -0.0100718  -0.01023052 -0.01018871 -0.01018075 -0.01023089 -0.0100954
 -0.01015709 -0.01009507 -0.01036128 -0.01004858 -0.01024965 -0.01024764
 -0.01026179 -0.01023245 -0.01016016 -0.01023974 -0.01016479 -0.01011933
 -0.01011111 -0.0102129  -0.01028936 -0.01025284 -0.01019078 -0.01010928
 -0.01022547 -0.01010548 -0.01017696 -0.01016243 -0.01036338 -0.01007518
 -0.0101964  -0.01015488 -0.01012493 -0.01020427 -0.01033827 -0.01014943
 -0.0102635  -0.01009782 -0.01004907 -0.01013173 -0.01030803 -0.01011418
 -0.01007323 -0.01002195 -0.01031672 -0.01031899 -0.01033142 -0.01029013
 -0.01009132 -0.01013678 -0.01009098 -0.01017503 -0.01003816 -0.01011634
 -0.01036106 -0.00997157 -0.01020904 -0.01015437 -0.01025981 -0.01017031
 -0.01017214 -0.01013003 -0.01015211 -0.01003937 -0.01018044 -0.0102632
 -0.01030149 -0.01002746 -0.01006043 -0.01025518 -0.01002765 -0.01004176
 -0.01018045 -0.01026223 -0.01020959 -0.01014606 -0.01006792 -0.01017114
 -0.01000646 -0.01039872 -0.01024331 -0.01008435 -0.0100575  -0.01028501
 -0.0102497  -0.0101849  -0.01031017 -0.0100772  -0.01020027 -0.01010092
 -0.01016182 -0.0099897  -0.0103325  -0.01030289 -0.01025674 -0.01021962
 -0.01024534 -0.01018728 -0.01032172 -0.01022947 -0.01008574 -0.01022008
 -0.01013736 -0.0102701  -0.01023849 -0.01012201 -0.01006718 -0.0100771
 -0.01029577 -0.00996698 -0.01019937 -0.0101199  -0.00987956 -0.01022499
 -0.01028613 -0.01011733 -0.01015478 -0.01018117 -0.01010069 -0.01002441
 -0.01047978 -0.01014078 -0.01012944 -0.01030448 -0.0101454  -0.0101969
 -0.01008397 -0.01030282 -0.00996058 -0.01011446 -0.01030645 -0.01020855
 -0.01012835 -0.01016537 -0.0101455  -0.01014082 -0.01024537 -0.01022153
 -0.01001225 -0.01027783 -0.00997082 -0.01004885 -0.01003768 -0.01020116
 -0.01039477 -0.01021875 -0.01019091 -0.01026533 -0.01019265 -0.01017573
 -0.01035424 -0.01011898 -0.00992626 -0.01026542 -0.01011869 -0.01018846
 -0.0101069  -0.0100922  -0.01031684 -0.01027018 -0.01013299 -0.01024659
 -0.01047491 -0.01007692 -0.01027714 -0.01012681 -0.01009963 -0.01015807
 -0.01013311 -0.00988547 -0.01026454 -0.01021996 -0.01015668 -0.01008583
 -0.010376   -0.01002185 -0.01015879 -0.01011181 -0.0101536  -0.01029971
 -0.01029426 -0.01019106 -0.01015995 -0.01021984 -0.01019277 -0.01015438
 -0.01023024 -0.01016452 -0.01017298 -0.01025606 -0.01004362 -0.01018353
 -0.00996374 -0.0103715  -0.01013006 -0.01026098 -0.01011713 -0.01028933
 -0.00998006 -0.0100253  -0.01012722 -0.01021372 -0.00993407 -0.01033854
 -0.01011762 -0.01005365 -0.0102821  -0.01026631 -0.01018337 -0.01015745
 -0.01019942 -0.01018179 -0.01024595 -0.01012037 -0.01022933 -0.01035901
 -0.01025195 -0.01015466 -0.01032244 -0.01032316 -0.01015101 -0.01015872
 -0.0104526  -0.01015582 -0.01016488 -0.0103777  -0.01020766 -0.01025492
 -0.01032013 -0.01011957 -0.01009606 -0.00990193 -0.01028035 -0.01030385
 -0.00997022 -0.01011721 -0.01019277 -0.01019    -0.01007896 -0.01018505
 -0.00994516 -0.01018837 -0.01028478 -0.01007467 -0.01027559 -0.01019863
 -0.01024631 -0.01032221 -0.01247601 -0.01024742 -0.01029446 -0.0101756
 -0.01017313 -0.01018625 -0.0102215  -0.0103174  -0.01018794 -0.01012225
 -0.01026472 -0.01036163 -0.01006923 -0.01012457 -0.01004816 -0.01039563
 -0.0101371  -0.01027365 -0.01021903 -0.01005833 -0.01008509 -0.01032948
 -0.01005505 -0.01010966 -0.01027571 -0.0100829  -0.01025421 -0.01018327
 -0.01037851 -0.01012018 -0.01015598 -0.01022938 -0.01023348 -0.01013184
 -0.01015046 -0.01024075 -0.0102787  -0.0103733  -0.01003652 -0.0100806
 -0.0100242  -0.01017136 -0.01022301 -0.01012351 -0.01007169 -0.01024053
 -0.01008851 -0.0103092  -0.01023664 -0.00996541 -0.01003304 -0.01008846
 -0.01017368 -0.01030867 -0.0102237  -0.01000832 -0.00998604 -0.01024956
 -0.01024258 -0.0104865  -0.01019124 -0.01022938 -0.01026061 -0.01011078
 -0.01030557 -0.01026766 -0.01023583 -0.01026729 -0.01018997 -0.0101291
 -0.01028492 -0.0103458  -0.01013986 -0.01050258 -0.0101453  -0.01005582
 -0.01024853 -0.01028714 -0.0101323  -0.01013266 -0.01013668 -0.01031672
 -0.01009681 -0.01005241 -0.01031816 -0.0102158  -0.01030805 -0.01041831
 -0.01053059 -0.01022743 -0.01009198 -0.01020392 -0.01008996 -0.01013516
 -0.01002864 -0.00996623 -0.01018607 -0.01028128 -0.0102801  -0.01032798
 -0.01021917 -0.01019757 -0.01013182 -0.01018896 -0.01003715 -0.01029285
 -0.01029379 -0.01015729 -0.01002974 -0.01019941 -0.01014879 -0.01021703
 -0.01011153 -0.01037568 -0.01032655 -0.01023215 -0.01004202 -0.01005342
 -0.01024699 -0.01011702 -0.01004752 -0.01008921 -0.01013433 -0.01015327
 -0.01014769 -0.01023432 -0.01019606 -0.01028875 -0.01010121 -0.01010295
 -0.01027561 -0.01018946 -0.01029736 -0.01021996 -0.01025756 -0.01016899
 -0.01030396 -0.01034593 -0.01021471 -0.01006235 -0.0101899  -0.01027749
 -0.01027175 -0.01020666 -0.01034992 -0.00994727 -0.01022459 -0.01026109
 -0.01007619 -0.01005375 -0.01022579 -0.01022307 -0.01012259 -0.01024821
 -0.01039188 -0.0104849  -0.01007441 -0.01024791 -0.01021204 -0.01037794
 -0.01012388 -0.01023536 -0.01017212 -0.01004288 -0.01026138 -0.00988415
 -0.01016207 -0.0101274  -0.01031513 -0.01010509 -0.01026115 -0.01023945
 -0.01017693 -0.01009445 -0.01028104 -0.01013915 -0.01009784 -0.01026211
 -0.01034112 -0.01025187 -0.01015064 -0.01026526 -0.01026576 -0.01007991
 -0.01012896 -0.01025098 -0.01008645 -0.01026637 -0.01006015 -0.01015979
 -0.0101601  -0.01020449 -0.01008746 -0.01023372 -0.01025367 -0.01024292
 -0.01007802 -0.0099989  -0.00998559 -0.01024607 -0.01023427 -0.01032892
 -0.01033515 -0.01004833 -0.01004091 -0.01021529 -0.01005383 -0.01027882
 -0.01031885 -0.01021736 -0.01009732 -0.01029874 -0.01009952 -0.01038859
 -0.0102172  -0.01007733 -0.01016149 -0.01006179 -0.01008726 -0.01015204
 -0.01028605 -0.01024067 -0.01019781 -0.01025615 -0.01015402 -0.01007569
 -0.01006641 -0.01025567 -0.01021263 -0.01018477 -0.01013326 -0.01014925
 -0.01015016 -0.01009552 -0.01005742 -0.00998109 -0.01043499 -0.01019468
 -0.01009642 -0.01005379 -0.01014752 -0.01027855 -0.01020911 -0.01024799
 -0.01032709 -0.0102962  -0.01013821 -0.01005864 -0.01009545 -0.01006153
 -0.0101332  -0.01008233 -0.01018229 -0.01036262 -0.01014804 -0.01049431
 -0.01028437 -0.01010692 -0.01031393 -0.01014752 -0.01019223 -0.01008741
 -0.01002256 -0.00997117 -0.01016494 -0.01028789 -0.01022366 -0.01027732
 -0.01010034 -0.01012132 -0.01016712 -0.01016174 -0.00998848 -0.01007327
 -0.01010079 -0.01021288 -0.01032371 -0.0104557  -0.01015076 -0.01021154
 -0.01008464 -0.01015032 -0.01029378 -0.01014552 -0.01013279 -0.01035355
 -0.010384   -0.01014772 -0.01037063 -0.0101992  -0.00997003 -0.01017502
 -0.01017044 -0.01014731 -0.01022384 -0.00995964 -0.0101796  -0.01013048
 -0.01032628 -0.01024598 -0.01029873 -0.01010158 -0.01012333 -0.01045433
 -0.01017495 -0.01006955 -0.01028526 -0.01021899 -0.01042264 -0.01011778
 -0.01020278 -0.01025954 -0.01017238 -0.00995793 -0.01023287 -0.01020585
 -0.01022247 -0.01034983 -0.01012586 -0.00994812 -0.01000238 -0.01031252
 -0.01010874 -0.01017742 -0.01012362 -0.0101442  -0.01037625 -0.01011704
 -0.0101759  -0.01031409 -0.01035199 -0.01018278 -0.01025462 -0.01023479
 -0.01009309 -0.01019303 -0.01016857 -0.0103397  -0.01029209 -0.01010431
 -0.01014617 -0.01013811 -0.01036754 -0.01021829 -0.01005896 -0.01015801
 -0.01022154 -0.01037586 -0.0101909  -0.01019283 -0.01019221 -0.01030894
 -0.01021837 -0.01032949 -0.01000454 -0.01030455 -0.01026124 -0.01012708
 -0.01010022 -0.0100843  -0.01018328 -0.0101065  -0.01024417 -0.01041518
 -0.01011278 -0.00999411 -0.01029854 -0.01032914 -0.01032555 -0.00996774
 -0.01016602 -0.01043413 -0.01015635 -0.00998407 -0.01027224 -0.01014549
 -0.01038781 -0.00994292 -0.01032784 -0.0100201  -0.01024501 -0.01013576
 -0.01040484 -0.01025935 -0.01008419 -0.01006014 -0.01022337 -0.01019936
 -0.01043556 -0.01026555 -0.01029947 -0.01026938 -0.01025337 -0.0102717
 -0.01004641 -0.01010906 -0.01021802 -0.01018029 -0.01012541 -0.01033427
 -0.01015211 -0.01018606 -0.01026044 -0.01011766 -0.01032283 -0.01021983
 -0.01015192 -0.01012819 -0.01038847 -0.0100485  -0.01023086 -0.01013269
 -0.0102285  -0.01011843 -0.01033017 -0.01036049 -0.01012761 -0.01017832
 -0.01013986 -0.01034411 -0.01008853 -0.01022966 -0.01007675 -0.01009684
 -0.01024364 -0.01028592 -0.01029269 -0.01009147 -0.01015624 -0.01011964
 -0.01031677 -0.01000037 -0.01034599 -0.01036876 -0.01018323 -0.01013893
 -0.01024296 -0.01013899 -0.01011783 -0.01034586 -0.00998026 -0.0102752
 -0.01017109 -0.0100427  -0.01029175 -0.01028308 -0.01010082 -0.01006183
 -0.0102428  -0.0102489  -0.01014799 -0.01022578 -0.01010489 -0.0100458
 -0.01004414 -0.0101728  -0.01017734 -0.01017534 -0.01014093 -0.01026224]"
Ame'S Potluck Rice,"[""8 c. cooked rice"", ""1/2 lb. meat (beef, ham or chicken)"", ""3 c. chopped celery"", ""2 medium carrots, grated"", ""1 red bell pepper, diced"", ""1/2 green bell pepper, diced"", ""1/2 c. diced onion"", ""1/2 c. sliced water chestnuts (optional)"", ""1 bunch green onions, cut"", ""1/2 c. oil (Mazola)"", ""soy sauce to taste""]","[""In very large container (roaster pan), heat oil; add meat, stir-fry until done and push meat to one side of pan."", ""Add celery; stir until clear."", ""Push aside with meat."", ""Add onion; cook until golden and push aside with meat mixture."", ""Add carrots, stir carefully all ingredients together."", ""Add rice and stir carefully with wooden spoon."", ""Add water chestnuts, peppers and green onion. Mix carefully."", ""Add soy sauce mix carefully with wooden spoon and cover until ready to eat.""]","[""meat"", ""oil"", ""green bell pepper"", ""soy sauce"", ""water chestnuts"", ""green onions"", ""onion"", ""celery"", ""red bell pepper"", ""carrots"", ""rice""]","[-0.01159782 -0.01151828 -0.01155837 -0.01154154 -0.01146039 -0.0114322
 -0.01149861 -0.01130125 -0.01163912 -0.01157163 -0.01151472 -0.01163001
 -0.01140819 -0.01131906 -0.01149156 -0.01143659 -0.01142227 -0.01153187
 -0.01141402 -0.01145493 -0.01145804 -0.01178892 -0.0116804  -0.0114666
 -0.0114235  -0.01143651 -0.01152771 -0.01145756 -0.01155677 -0.01155233
 -0.0114225  -0.01147592 -0.01123038 -0.01149932 -0.01156169 -0.01164035
 -0.0114728  -0.01153571 -0.01166693 -0.01146909 -0.01154623 -0.01155826
 -0.01135227 -0.01149777 -0.01147153 -0.01159698 -0.01157475 -0.01154464
 -0.01174161 -0.0115481  -0.01153296 -0.01149117 -0.01150686 -0.01153305
 -0.0114607  -0.01130004 -0.01153457 -0.01145523 -0.01156673 -0.011544
 -0.01134798 -0.01156925 -0.01146135 -0.01160259 -0.01155151 -0.01150456
 -0.0114461  -0.0114601  -0.01167056 -0.0113783  -0.01154955 -0.01148988
 -0.01151696 -0.01145803 -0.01144025 -0.01164493 -0.01151276 -0.01146521
 -0.01152496 -0.0115429  -0.01154174 -0.01159233 -0.01150876 -0.01144477
 -0.01150993 -0.01133673 -0.01157341 -0.01161393 -0.01159185 -0.01128474
 -0.01168396 -0.01144314 -0.01151138 -0.01151585 -0.01151423 -0.01160215
 -0.01166556 -0.01141258 -0.01135146 -0.01140837 -0.01159343 -0.01157423
 -0.01135946 -0.01117188 -0.01184396 -0.01158624 -0.01157384 -0.01159458
 -0.01151141 -0.0115253  -0.01146703 -0.01146736 -0.01136272 -0.0115445
 -0.01165374 -0.01142412 -0.0115542  -0.01148191 -0.01165008 -0.01153231
 -0.01136828 -0.01149185 -0.01150891 -0.0112515  -0.0115537  -0.01145029
 -0.01163212 -0.01144933 -0.01140792 -0.01157874 -0.01140367 -0.01149
 -0.01137059 -0.0114844  -0.01150551 -0.01148186 -0.01143885 -0.01167929
 -0.01138641 -0.01164354 -0.01162472 -0.01143277 -0.01145926 -0.01157286
 -0.01154994 -0.01147267 -0.01158336 -0.01157572 -0.01144109 -0.01152689
 -0.01146015 -0.01131604 -0.01168804 -0.01156678 -0.01154945 -0.01157603
 -0.01165964 -0.01150064 -0.01157575 -0.01150288 -0.01131782 -0.01145925
 -0.01152296 -0.01148261 -0.01156868 -0.01158715 -0.01138311 -0.01134209
 -0.0115755  -0.01142262 -0.01151637 -0.01159304 -0.01117389 -0.01163662
 -0.011534   -0.01146065 -0.01155159 -0.01140078 -0.01157429 -0.01128311
 -0.01175445 -0.01147433 -0.01140524 -0.01156629 -0.01149137 -0.01150222
 -0.01141251 -0.01168811 -0.01126861 -0.01141434 -0.01154483 -0.01151393
 -0.01164025 -0.01145967 -0.01151992 -0.01155919 -0.01155918 -0.01156898
 -0.01139461 -0.01156328 -0.01149619 -0.01145113 -0.01140612 -0.0114797
 -0.01179256 -0.0114483  -0.01153074 -0.0115282  -0.0114439  -0.01157316
 -0.01165779 -0.01140624 -0.01139227 -0.01158129 -0.01139679 -0.01149113
 -0.01149302 -0.01155307 -0.01159352 -0.01157523 -0.01142392 -0.01142464
 -0.01174566 -0.01130347 -0.01164154 -0.01136214 -0.01135961 -0.01160538
 -0.01139554 -0.01131268 -0.01153615 -0.01164329 -0.0113579  -0.01151178
 -0.011579   -0.01138567 -0.01143011 -0.01148113 -0.01136333 -0.01157228
 -0.01153715 -0.01144231 -0.01141917 -0.01150587 -0.01144059 -0.01147283
 -0.01144446 -0.01154087 -0.01158573 -0.01151844 -0.01130898 -0.01152057
 -0.01140238 -0.01150626 -0.01153469 -0.01160845 -0.01151869 -0.01154317
 -0.01142243 -0.01134451 -0.01154661 -0.01143838 -0.01128001 -0.01159257
 -0.01154193 -0.01146639 -0.01147042 -0.01147878 -0.01148725 -0.0114711
 -0.01161528 -0.01149042 -0.01151752 -0.01151192 -0.01165439 -0.0115978
 -0.01147631 -0.01148449 -0.0115752  -0.01166823 -0.01142894 -0.01144775
 -0.01168249 -0.01153196 -0.01160511 -0.01168218 -0.01153398 -0.0115303
 -0.01166368 -0.01150852 -0.01141883 -0.01130321 -0.01155058 -0.0116605
 -0.01139592 -0.01155559 -0.01152829 -0.01139229 -0.01154848 -0.01179845
 -0.01140802 -0.01153802 -0.01149719 -0.0114354  -0.01146703 -0.01149712
 -0.01153444 -0.01156119 -0.01373092 -0.01161028 -0.01154747 -0.01155862
 -0.01129977 -0.0116282  -0.0115094  -0.01156522 -0.011551   -0.01147525
 -0.01153902 -0.01166652 -0.01136834 -0.01161973 -0.01148201 -0.01159674
 -0.01150638 -0.01161677 -0.0115711  -0.01143039 -0.01142214 -0.01169649
 -0.01148298 -0.01144137 -0.01156086 -0.01143101 -0.0116326  -0.01145797
 -0.01186103 -0.01155385 -0.01165464 -0.01149224 -0.01152684 -0.01153277
 -0.01152386 -0.01154564 -0.01165914 -0.0115573  -0.01130987 -0.01152276
 -0.01148059 -0.01165376 -0.01162977 -0.01165392 -0.01139826 -0.01161048
 -0.01141848 -0.01167899 -0.01146655 -0.01139418 -0.01140392 -0.01149586
 -0.01145153 -0.01159803 -0.01149594 -0.01148693 -0.01126983 -0.01142517
 -0.01151675 -0.01170109 -0.01141919 -0.01150305 -0.01167309 -0.01138559
 -0.01161551 -0.01157567 -0.01152084 -0.01165079 -0.01151311 -0.01145057
 -0.01158078 -0.01157399 -0.01158506 -0.01195193 -0.01155838 -0.01156448
 -0.01159905 -0.01162353 -0.01152568 -0.01158326 -0.01152925 -0.01156712
 -0.01129375 -0.01144718 -0.01147296 -0.0116232  -0.01162452 -0.01169094
 -0.01171214 -0.01147061 -0.01142409 -0.01149084 -0.01138496 -0.0114936
 -0.01134676 -0.0113903  -0.01140256 -0.01159412 -0.0114693  -0.01163038
 -0.0114933  -0.01151552 -0.01135649 -0.01155363 -0.01142896 -0.01146864
 -0.01158446 -0.01143566 -0.01131615 -0.01147622 -0.01140798 -0.01160856
 -0.01136388 -0.01161167 -0.0116106  -0.01144119 -0.01146459 -0.01142608
 -0.01150315 -0.01137326 -0.01154118 -0.01137838 -0.01153374 -0.01170801
 -0.0114889  -0.01151724 -0.01159047 -0.01160077 -0.01159389 -0.01144359
 -0.01154329 -0.01163445 -0.01148506 -0.01154776 -0.01155172 -0.01154927
 -0.01167803 -0.01161788 -0.01168145 -0.01146716 -0.01155623 -0.01140479
 -0.01153473 -0.01143602 -0.01165622 -0.01131645 -0.01148243 -0.01158654
 -0.01138605 -0.01143765 -0.01138082 -0.01161822 -0.01147834 -0.01149519
 -0.01168212 -0.01169898 -0.01135485 -0.01156408 -0.01160593 -0.01159644
 -0.0114148  -0.01171702 -0.0114756  -0.01145997 -0.01159434 -0.01136762
 -0.01149547 -0.01143925 -0.01170212 -0.01142215 -0.01142537 -0.01146924
 -0.01155063 -0.01147592 -0.0115401  -0.01152448 -0.01143552 -0.0115248
 -0.01153675 -0.01133744 -0.01149758 -0.01153745 -0.01151035 -0.01141145
 -0.01156438 -0.01158629 -0.01149593 -0.01165596 -0.01139102 -0.01135546
 -0.0115592  -0.01152088 -0.01143888 -0.01151633 -0.01161283 -0.01152519
 -0.01144219 -0.01146769 -0.01141405 -0.01143881 -0.01146084 -0.01157152
 -0.01165016 -0.0113828  -0.01144615 -0.01159601 -0.01140066 -0.0114278
 -0.01161363 -0.01163905 -0.01153016 -0.01168614 -0.01146538 -0.0117167
 -0.01153504 -0.01147526 -0.01144025 -0.01148668 -0.01155022 -0.01150644
 -0.01161502 -0.01152608 -0.01144905 -0.0115778  -0.01152407 -0.0112757
 -0.01148023 -0.01147376 -0.01163736 -0.01145284 -0.01142643 -0.01145648
 -0.01147186 -0.01133603 -0.01146713 -0.01136484 -0.0116302  -0.01155388
 -0.01147919 -0.0114598  -0.01147748 -0.01164135 -0.0115113  -0.01146488
 -0.01154447 -0.01151428 -0.01155654 -0.01141107 -0.011399   -0.01134367
 -0.01144935 -0.01142503 -0.01150524 -0.01164456 -0.01150624 -0.01184536
 -0.01154913 -0.01142037 -0.01163806 -0.0114967  -0.01157702 -0.01133269
 -0.01151193 -0.01145481 -0.01154603 -0.01153621 -0.01150865 -0.01165707
 -0.01137996 -0.01146613 -0.01148425 -0.01162021 -0.01133747 -0.01151945
 -0.01145356 -0.01141046 -0.01163343 -0.01161673 -0.01146116 -0.01150925
 -0.01148017 -0.01141301 -0.0115962  -0.01149644 -0.01133874 -0.01159918
 -0.01163004 -0.01144719 -0.0116081  -0.01152612 -0.01129878 -0.01144791
 -0.01144544 -0.0113912  -0.01168128 -0.01154254 -0.01144018 -0.01143575
 -0.01174453 -0.01147962 -0.01162731 -0.01146178 -0.01145132 -0.01147775
 -0.01159518 -0.01146367 -0.01156252 -0.01167896 -0.01164624 -0.01150818
 -0.0113915  -0.01155877 -0.01133252 -0.01123795 -0.01148901 -0.01145335
 -0.01160345 -0.01152189 -0.01147301 -0.01139879 -0.01139856 -0.01156839
 -0.01136218 -0.01144736 -0.01134719 -0.01133748 -0.01172525 -0.01163375
 -0.01159547 -0.01140537 -0.01161646 -0.01149832 -0.01145093 -0.01144916
 -0.01149221 -0.01161014 -0.0114227  -0.01155872 -0.01162246 -0.01157879
 -0.01145029 -0.01151526 -0.01155177 -0.01148158 -0.01129664 -0.01150834
 -0.01144994 -0.01150658 -0.01143029 -0.01141672 -0.01150648 -0.01160384
 -0.01149804 -0.01151789 -0.01131324 -0.01150249 -0.01157295 -0.01152131
 -0.01141402 -0.01132456 -0.01150258 -0.0115991  -0.01162258 -0.01161669
 -0.01154662 -0.01139569 -0.01154399 -0.01171117 -0.01157207 -0.01140263
 -0.01141011 -0.01167818 -0.0115232  -0.01126361 -0.01149157 -0.01137793
 -0.01162073 -0.01136985 -0.01144595 -0.01137199 -0.01163116 -0.01161225
 -0.01172332 -0.01159887 -0.0114416  -0.0116657  -0.01160481 -0.01139378
 -0.01169534 -0.01154895 -0.01159361 -0.01146064 -0.01156931 -0.01157258
 -0.01136647 -0.01143033 -0.01159864 -0.01147924 -0.01151236 -0.01145881
 -0.01142775 -0.01156719 -0.01152061 -0.01153969 -0.01150281 -0.01165619
 -0.01148298 -0.01139407 -0.01166428 -0.01146226 -0.01156769 -0.0113441
 -0.01173698 -0.01137441 -0.01164518 -0.01154577 -0.01139628 -0.01147195
 -0.01150523 -0.0115987  -0.01152933 -0.01163049 -0.01148141 -0.01138895
 -0.01157863 -0.01142416 -0.01156265 -0.01132252 -0.01159669 -0.01142195
 -0.01149921 -0.01143907 -0.0115777  -0.01155373 -0.01158405 -0.01155637
 -0.01149866 -0.01147841 -0.01155474 -0.0115439  -0.01150749 -0.01154872
 -0.01140816 -0.01149107 -0.01160009 -0.01159051 -0.01137876 -0.01144591
 -0.01162048 -0.01153728 -0.01150777 -0.01157277 -0.01150506 -0.01144816
 -0.01150778 -0.011515   -0.01148081 -0.01138888 -0.01148274 -0.01151315]"
Stuffed Mushrooms Parmesan,"[""1 lb. mushrooms"", ""1 Tbsp. grated Parmesan"", ""1 Tbsp. chopped parsley"", ""3 Tbsp. butter"", ""dash of pepper"", ""1 clove garlic, minced"", ""1/2 c. fine dry bread crumbs"", ""1/2 tsp. salt"", ""3 Tbsp. butter, melted""]","[""Preheat oven to 350\u00b0."", ""Wash mushrooms and select 12 of the largest."", ""Remove stems and set aside."", ""Chop stems and remaining mushrooms."", ""Place chopped mushrooms in a skillet."", ""Add butter and cook over low heat for 5 minutes."", ""Add remaining ingredients, except melted butter."", ""Mix well."", ""Fill mushrooms with stuffing. Place in greased baking pan."", ""Drizzle with melted butter. Sprinkle with additional Parmesan cheese."", ""Bake at 350\u00b0 for 15 minutes.""]","[""pepper"", ""mushrooms"", ""clove garlic"", ""parmesan"", ""parsley"", ""bread crumbs"", ""butter"", ""salt""]","[-0.01134884 -0.01136025 -0.01147261 -0.01133056 -0.01136155 -0.0114207
 -0.01134914 -0.011227   -0.01151199 -0.01135995 -0.01130586 -0.01130357
 -0.0113786  -0.0113284  -0.01141216 -0.01147902 -0.01136584 -0.01128504
 -0.01128859 -0.0113919  -0.01124483 -0.01156288 -0.01149457 -0.01144356
 -0.01127303 -0.01135149 -0.01142704 -0.01143112 -0.01135279 -0.01146748
 -0.01144514 -0.0113582  -0.01116667 -0.01141777 -0.01134336 -0.01155819
 -0.01135107 -0.01151683 -0.01152029 -0.01133548 -0.01135857 -0.01140352
 -0.0112519  -0.0114052  -0.01130451 -0.01144496 -0.01144083 -0.01141427
 -0.01148142 -0.01145531 -0.01143622 -0.01136391 -0.01134995 -0.0114075
 -0.01141566 -0.01131017 -0.01138037 -0.01139473 -0.01135314 -0.01135052
 -0.0114001  -0.01133213 -0.01144815 -0.01144684 -0.01147699 -0.01137624
 -0.01135561 -0.01126843 -0.01156262 -0.01131742 -0.0113326  -0.01150998
 -0.01142678 -0.0114488  -0.01131004 -0.01145006 -0.01136067 -0.01132241
 -0.0113845  -0.01142238 -0.01142825 -0.01150328 -0.01123691 -0.0113401
 -0.0114404  -0.01130466 -0.01147426 -0.01149231 -0.01151442 -0.01123149
 -0.01158106 -0.01143808 -0.01131093 -0.01133396 -0.01141793 -0.01154247
 -0.01156671 -0.01134338 -0.01132405 -0.01127101 -0.01146312 -0.01137297
 -0.01142235 -0.01127297 -0.01153997 -0.01148207 -0.01153197 -0.01142221
 -0.01127611 -0.01142408 -0.01138436 -0.01143561 -0.01126755 -0.01130914
 -0.01157922 -0.0112193  -0.01135833 -0.01135447 -0.01148516 -0.01145324
 -0.01143365 -0.01137892 -0.01139763 -0.0112325  -0.01133859 -0.01143718
 -0.01150493 -0.01140542 -0.01137586 -0.01154226 -0.01139668 -0.01135671
 -0.01145549 -0.01150753 -0.01148998 -0.01132493 -0.01137778 -0.01137414
 -0.01133823 -0.01148838 -0.01152671 -0.01119355 -0.01136482 -0.01141303
 -0.0113024  -0.0114414  -0.01145279 -0.01132983 -0.0114399  -0.01135945
 -0.01134902 -0.01115674 -0.01161425 -0.01146778 -0.01141161 -0.01134316
 -0.0114248  -0.01139666 -0.01144624 -0.01144102 -0.01127546 -0.01145261
 -0.01139168 -0.01142737 -0.01143262 -0.01131791 -0.01146318 -0.01120769
 -0.01151525 -0.01118445 -0.01144762 -0.011321   -0.01106494 -0.01149455
 -0.01142287 -0.01141561 -0.0114252  -0.01134493 -0.01135491 -0.01131211
 -0.01159595 -0.01157079 -0.01129072 -0.01162231 -0.01137293 -0.01139888
 -0.01129235 -0.01144753 -0.01117752 -0.01122799 -0.01141399 -0.01139547
 -0.0114165  -0.01141655 -0.01132517 -0.01144968 -0.01147115 -0.01135741
 -0.01129713 -0.01159916 -0.01137083 -0.01135026 -0.01129716 -0.01130844
 -0.0115467  -0.01136617 -0.01135921 -0.01155345 -0.0113987  -0.01143828
 -0.01147486 -0.01132082 -0.01117448 -0.01148234 -0.01140747 -0.01143447
 -0.01141325 -0.01138104 -0.01148719 -0.01143549 -0.01140149 -0.01133071
 -0.01158115 -0.01130049 -0.01139576 -0.01119887 -0.01142366 -0.01136512
 -0.01139045 -0.01127728 -0.01148929 -0.01144032 -0.01138924 -0.01130276
 -0.01156457 -0.01133309 -0.01133216 -0.01144694 -0.01127004 -0.0115493
 -0.01146945 -0.01142956 -0.01135135 -0.01146809 -0.01140687 -0.01146734
 -0.01140633 -0.01137875 -0.01133206 -0.01153582 -0.01130706 -0.01140494
 -0.01130829 -0.01147497 -0.01130381 -0.01141961 -0.01141929 -0.01146481
 -0.01141073 -0.01118564 -0.01137396 -0.01134626 -0.01115843 -0.01146982
 -0.01140825 -0.01130344 -0.01154785 -0.01150522 -0.01129224 -0.01143406
 -0.01144198 -0.0113448  -0.01149873 -0.01141294 -0.01145726 -0.01162329
 -0.01146143 -0.01146212 -0.01137632 -0.01151599 -0.01145237 -0.01124717
 -0.01156163 -0.01134651 -0.01149763 -0.01157699 -0.01142749 -0.01145296
 -0.01157529 -0.01132356 -0.01129018 -0.01110812 -0.01152916 -0.01159149
 -0.01132995 -0.01137875 -0.01141994 -0.01130306 -0.01140167 -0.01145283
 -0.01127847 -0.01125571 -0.01155926 -0.01127219 -0.01137162 -0.01121514
 -0.01143859 -0.011495   -0.01370075 -0.01156746 -0.01155374 -0.01146221
 -0.01131702 -0.01140711 -0.01161656 -0.01162835 -0.01148639 -0.01141399
 -0.01143526 -0.01138899 -0.01131549 -0.01139179 -0.01137778 -0.01148535
 -0.01143063 -0.01150901 -0.01144025 -0.01128637 -0.01137567 -0.01146873
 -0.01134425 -0.0114227  -0.01150915 -0.01120357 -0.01141757 -0.01135172
 -0.01159634 -0.01138871 -0.01153908 -0.01141631 -0.01145641 -0.01151141
 -0.01144091 -0.01145654 -0.01153613 -0.01150953 -0.01124155 -0.0113161
 -0.01132344 -0.01144752 -0.01144403 -0.01141159 -0.01126384 -0.01146325
 -0.0112207  -0.0115467  -0.01145835 -0.01130689 -0.01122196 -0.01131708
 -0.01130105 -0.01143626 -0.01140001 -0.01123553 -0.01121454 -0.01129251
 -0.01143155 -0.01161769 -0.01129335 -0.01136724 -0.01149559 -0.01137099
 -0.01151903 -0.01146429 -0.01150948 -0.01145953 -0.01141775 -0.01134079
 -0.01151402 -0.01156922 -0.01142872 -0.01172539 -0.01139739 -0.01141103
 -0.01155808 -0.01143611 -0.01134186 -0.01140014 -0.01149494 -0.01144598
 -0.01132901 -0.01135463 -0.01147267 -0.01146036 -0.01156438 -0.01154753
 -0.01170523 -0.01140354 -0.01139635 -0.01140914 -0.01131716 -0.01135885
 -0.01129804 -0.01118332 -0.0113943  -0.0114298  -0.01144771 -0.01149331
 -0.01154664 -0.01139159 -0.0112103  -0.01139336 -0.01136765 -0.01141826
 -0.01141064 -0.01141136 -0.01131812 -0.01150619 -0.01135466 -0.01151105
 -0.01135293 -0.01153007 -0.01155276 -0.01148685 -0.01122574 -0.01131145
 -0.01135241 -0.01142016 -0.01145425 -0.01134087 -0.01135861 -0.01146734
 -0.01147242 -0.01144403 -0.01141638 -0.01156663 -0.01138502 -0.01123106
 -0.01144997 -0.01147534 -0.01144968 -0.01138923 -0.0113476  -0.01145978
 -0.01161051 -0.01155487 -0.01155536 -0.01137328 -0.01143012 -0.01141284
 -0.01144831 -0.011337   -0.0114643  -0.01125278 -0.01142726 -0.01143732
 -0.01133467 -0.01125712 -0.01137537 -0.01140795 -0.01125284 -0.01142374
 -0.01144198 -0.01163057 -0.01135868 -0.01141686 -0.011403   -0.01149755
 -0.01131405 -0.01157754 -0.01135093 -0.01126364 -0.01144055 -0.01126985
 -0.01141553 -0.01133883 -0.01150904 -0.0113318  -0.0114694  -0.01139629
 -0.01141827 -0.01121813 -0.01149934 -0.0113056  -0.01131839 -0.01147924
 -0.01149739 -0.01138799 -0.01128295 -0.01150289 -0.01131987 -0.01131721
 -0.011458   -0.01140275 -0.01137114 -0.01147114 -0.01129647 -0.01143969
 -0.01147998 -0.01136165 -0.01130272 -0.0114633  -0.01151936 -0.01148973
 -0.01140268 -0.0112713  -0.01129278 -0.0114364  -0.01141449 -0.01149055
 -0.01152091 -0.01134012 -0.01127126 -0.01142713 -0.01128848 -0.01144499
 -0.01146132 -0.01139596 -0.0113426  -0.01165793 -0.01122825 -0.01156057
 -0.0114595  -0.01120867 -0.01138606 -0.01129589 -0.01143214 -0.01128799
 -0.01151983 -0.01143195 -0.01140304 -0.0114857  -0.01152775 -0.01132149
 -0.01134416 -0.01143885 -0.01142457 -0.01142709 -0.01137161 -0.01138217
 -0.01143918 -0.01131755 -0.01124638 -0.01114757 -0.01162218 -0.01150956
 -0.01132518 -0.0112656  -0.01135854 -0.01150386 -0.01136432 -0.01140724
 -0.01149965 -0.01149926 -0.01137214 -0.01134039 -0.01138484 -0.01136585
 -0.01141169 -0.01131902 -0.01131483 -0.01163533 -0.01133313 -0.01152784
 -0.01147316 -0.0114412  -0.01152058 -0.01147677 -0.01156544 -0.01132893
 -0.01134217 -0.01119232 -0.01140229 -0.01152666 -0.01144656 -0.01146213
 -0.01136412 -0.01125496 -0.01134035 -0.0112773  -0.01125144 -0.01129857
 -0.01135435 -0.01141962 -0.01149584 -0.01159285 -0.011365   -0.0114344
 -0.01145235 -0.01127132 -0.01158548 -0.01140555 -0.01140133 -0.01157217
 -0.0115903  -0.01131558 -0.01145835 -0.01137209 -0.01124213 -0.01134266
 -0.01141937 -0.01135532 -0.01136517 -0.01127194 -0.01130132 -0.0113036
 -0.01155862 -0.0113755  -0.01158364 -0.01128865 -0.01130802 -0.01155529
 -0.01150539 -0.01124463 -0.01152751 -0.01156147 -0.01156823 -0.01137
 -0.01142743 -0.01155618 -0.01131868 -0.01120563 -0.01131094 -0.01142446
 -0.01145328 -0.01154258 -0.01139943 -0.01117397 -0.01126728 -0.01149946
 -0.0113636  -0.01141635 -0.01137156 -0.01132084 -0.01157724 -0.0114892
 -0.01139454 -0.01136746 -0.01144416 -0.01134319 -0.01143288 -0.01145907
 -0.01130053 -0.01145497 -0.01140555 -0.01148242 -0.01143495 -0.01144937
 -0.01136877 -0.01136866 -0.01158958 -0.01137499 -0.0112589  -0.01147018
 -0.01139542 -0.01147954 -0.01142704 -0.01143825 -0.01141439 -0.01138824
 -0.01143289 -0.01149919 -0.01127239 -0.01141352 -0.01140842 -0.01144607
 -0.01135957 -0.01134818 -0.01149311 -0.01146851 -0.01143916 -0.01150623
 -0.0113629  -0.01118851 -0.01154718 -0.01138141 -0.01149515 -0.01131945
 -0.01133965 -0.01163113 -0.01153138 -0.01124855 -0.01149154 -0.01136448
 -0.01159146 -0.01122346 -0.01141375 -0.01119756 -0.01160488 -0.01145355
 -0.01158761 -0.01140444 -0.01130305 -0.01138267 -0.01145562 -0.01141521
 -0.0116354  -0.01147713 -0.0114345  -0.01142933 -0.01145377 -0.01140503
 -0.01126387 -0.01144672 -0.01138978 -0.01135776 -0.01139796 -0.01142033
 -0.01136374 -0.01141881 -0.01149657 -0.01133257 -0.01153276 -0.01143634
 -0.01147657 -0.01136111 -0.01158232 -0.01142231 -0.01142502 -0.01129919
 -0.01159123 -0.01143332 -0.0114879  -0.01146236 -0.01128877 -0.01129
 -0.01146615 -0.0114634  -0.01141801 -0.01145131 -0.01128117 -0.01131345
 -0.01152019 -0.01138194 -0.01148261 -0.0113338  -0.01151676 -0.01145757
 -0.0114905  -0.01110842 -0.01140752 -0.0115247  -0.01148934 -0.01143985
 -0.01133658 -0.01142668 -0.01145313 -0.01142404 -0.01135017 -0.01145853
 -0.01134768 -0.01129876 -0.01160958 -0.01149672 -0.01124012 -0.0113322
 -0.01161937 -0.01153099 -0.01146412 -0.01139461 -0.01141515 -0.0113511
 -0.01130395 -0.01143971 -0.01129515 -0.01142528 -0.01144777 -0.01146539]"
Chicken Casserole,"[""1 pkg. (7 oz.) spaghetti"", ""2 (8 oz.) cans drained mushrooms"", ""1/2 c. margarine"", ""2 1/2 c. diced, cooked chicken"", ""2 cans cream of chicken soup"", ""1 c. sour cream"", ""1/4 c. chopped onion""]","[""Break spaghetti; cook and drain well."", ""Combine with rest of ingredients."", ""Bake at 300\u00b0"", ""for 40 minutes in a 9 x 13-inch pan. Top with Parmesan cheese and parsley flakes and serve."", ""This is fattening, wonderful and a Warkins family favorite.""]","[""cream of chicken soup"", ""sour cream"", ""mushrooms"", ""onion"", ""margarine"", ""chicken""]","[-0.00993074 -0.01009661 -0.0100738  -0.00988188 -0.00990205 -0.00997382
 -0.01009698 -0.00978421 -0.01020868 -0.01017338 -0.00994974 -0.00997649
 -0.00999643 -0.00995923 -0.01004572 -0.01016995 -0.00988866 -0.009945
 -0.00993428 -0.00989878 -0.00988189 -0.01027136 -0.01017627 -0.01006712
 -0.00995236 -0.01002935 -0.0101616  -0.01005652 -0.00985845 -0.01003344
 -0.01002584 -0.01002682 -0.0097479  -0.01001116 -0.00991796 -0.01012375
 -0.00980458 -0.00999163 -0.0101468  -0.00981469 -0.01004908 -0.01001493
 -0.00977494 -0.01011459 -0.00995068 -0.01003872 -0.00999168 -0.01005141
 -0.01011062 -0.01007939 -0.00992649 -0.01005503 -0.0101113  -0.0100827
 -0.00999888 -0.00982353 -0.0099632  -0.00990401 -0.01009571 -0.00987308
 -0.00993637 -0.00990824 -0.01004805 -0.0100936  -0.01002344 -0.01001536
 -0.00998194 -0.01000237 -0.01015729 -0.00988169 -0.01009204 -0.01000556
 -0.01014259 -0.00998459 -0.00993281 -0.01008525 -0.00994129 -0.0099288
 -0.01000204 -0.00996362 -0.01012748 -0.01008158 -0.00990747 -0.01000653
 -0.01004416 -0.00983008 -0.01015933 -0.01008132 -0.01017328 -0.00982289
 -0.01015617 -0.00991222 -0.00995317 -0.00996607 -0.01006007 -0.01003807
 -0.01007031 -0.00992969 -0.00982642 -0.00994097 -0.01018027 -0.0099163
 -0.00994669 -0.00987376 -0.01020159 -0.01005392 -0.01020245 -0.01011133
 -0.00997941 -0.01004025 -0.00988248 -0.00995771 -0.00981317 -0.0099822
 -0.01029666 -0.00986618 -0.0100951  -0.01009295 -0.01002719 -0.01008573
 -0.01009288 -0.00988334 -0.010117   -0.00974676 -0.00998836 -0.01013054
 -0.00998741 -0.00996644 -0.00992296 -0.01017888 -0.00993035 -0.00987082
 -0.00997101 -0.01002729 -0.01011124 -0.00986631 -0.00987481 -0.0100635
 -0.01001773 -0.01026052 -0.01010032 -0.00990605 -0.00996259 -0.01006542
 -0.01002495 -0.01001516 -0.01004902 -0.00986536 -0.01002079 -0.01000059
 -0.00990892 -0.00988802 -0.01024226 -0.01017373 -0.0100553  -0.00997944
 -0.01014031 -0.01006794 -0.01003689 -0.01006241 -0.00981314 -0.01012542
 -0.00994161 -0.01012257 -0.0100175  -0.00999448 -0.00991055 -0.00980811
 -0.01006691 -0.00971432 -0.01011918 -0.0099209  -0.00968276 -0.010129
 -0.01010247 -0.01005074 -0.01006391 -0.00998269 -0.00990045 -0.00991005
 -0.01031157 -0.01004467 -0.00987669 -0.01021216 -0.00993844 -0.01004728
 -0.01003427 -0.0102394  -0.00984913 -0.0097588  -0.01014591 -0.01003077
 -0.01010802 -0.01006947 -0.00990573 -0.01010877 -0.01012587 -0.00993044
 -0.0098146  -0.01014557 -0.00999966 -0.00994505 -0.00989369 -0.009986
 -0.01024493 -0.0099591  -0.00992554 -0.01011603 -0.00992816 -0.01002978
 -0.01014949 -0.00988917 -0.00977713 -0.01009142 -0.01000809 -0.00999953
 -0.0098726  -0.00998303 -0.01012695 -0.01005243 -0.00996386 -0.01001678
 -0.01027868 -0.00985993 -0.01005369 -0.01003853 -0.01009721 -0.00994896
 -0.01003045 -0.00974212 -0.01011695 -0.01007401 -0.00992834 -0.0099017
 -0.01024277 -0.00991647 -0.00999749 -0.00992374 -0.00994112 -0.01013583
 -0.01002662 -0.01003005 -0.00996943 -0.01013878 -0.01004125 -0.00998401
 -0.01003961 -0.00996521 -0.0099909  -0.01013409 -0.00987263 -0.01007198
 -0.00982626 -0.01026619 -0.01001723 -0.01007884 -0.00999321 -0.01010408
 -0.00992857 -0.00982124 -0.00985104 -0.00999058 -0.00977889 -0.01012621
 -0.00994962 -0.00982712 -0.01016048 -0.01008329 -0.00997881 -0.01000349
 -0.01006663 -0.01002983 -0.01014562 -0.01004415 -0.01012805 -0.01027251
 -0.01001541 -0.01004009 -0.01012518 -0.0102177  -0.00993612 -0.00996512
 -0.01022921 -0.00985888 -0.01006576 -0.01037626 -0.0100774  -0.01019121
 -0.0102761  -0.01001396 -0.00988967 -0.00975974 -0.01017255 -0.01013665
 -0.00982234 -0.01002736 -0.00989368 -0.00986262 -0.00996652 -0.01013378
 -0.00975977 -0.01010081 -0.01001764 -0.00988403 -0.01004948 -0.0100663
 -0.01006158 -0.01009649 -0.01199137 -0.01017158 -0.01015768 -0.01001233
 -0.01004025 -0.01004372 -0.01017627 -0.01035624 -0.00995065 -0.0099335
 -0.01018236 -0.01011342 -0.0098228  -0.01004733 -0.01005227 -0.01009326
 -0.01003062 -0.0100459  -0.01008336 -0.00987373 -0.00990866 -0.01015973
 -0.0099858  -0.00992981 -0.01004093 -0.00996748 -0.01011023 -0.01000306
 -0.01031197 -0.01001693 -0.00999175 -0.01001072 -0.00999523 -0.01015328
 -0.01000467 -0.01011094 -0.01017985 -0.01014126 -0.00981321 -0.00987435
 -0.00995081 -0.0100941  -0.01012666 -0.01017272 -0.00979277 -0.01009107
 -0.0099022  -0.01024925 -0.01002488 -0.00986021 -0.00987377 -0.01001846
 -0.00999811 -0.01007336 -0.01001744 -0.00985856 -0.00976326 -0.00992525
 -0.00996615 -0.01025334 -0.00996542 -0.01005519 -0.01013773 -0.01007572
 -0.01018559 -0.01012306 -0.01010641 -0.01017007 -0.01002484 -0.00994011
 -0.01008969 -0.01013076 -0.00994249 -0.01033054 -0.01002178 -0.01015843
 -0.01026015 -0.01007387 -0.01007267 -0.00994092 -0.01000196 -0.01018105
 -0.00997643 -0.0100636  -0.01011378 -0.01000204 -0.01014272 -0.01027542
 -0.01034782 -0.01011744 -0.00978753 -0.01007844 -0.00991563 -0.00988685
 -0.00995721 -0.00974253 -0.01002142 -0.01010951 -0.01013539 -0.01015036
 -0.01020524 -0.0101174  -0.00983987 -0.01013332 -0.0100254  -0.01007574
 -0.01009754 -0.01008474 -0.00989771 -0.01008021 -0.00996541 -0.01015972
 -0.00992949 -0.01018882 -0.0101437  -0.01005243 -0.00990836 -0.00993351
 -0.01007842 -0.00993686 -0.00989489 -0.01005883 -0.0100492  -0.01006635
 -0.01013692 -0.01010737 -0.0100174  -0.01004866 -0.01001012 -0.00979846
 -0.0101421  -0.01006533 -0.01003103 -0.00997291 -0.01005965 -0.0101792
 -0.01015281 -0.01023916 -0.010095   -0.00996039 -0.0100368  -0.00995588
 -0.01012509 -0.00999531 -0.01028174 -0.00969757 -0.00992739 -0.01006109
 -0.01000808 -0.00983317 -0.0100754  -0.01000179 -0.00999521 -0.01001685
 -0.01021965 -0.01033384 -0.00983885 -0.01004984 -0.01002831 -0.01021005
 -0.00992169 -0.01014095 -0.00988634 -0.00986567 -0.0100648  -0.00971636
 -0.01002719 -0.01001709 -0.01019171 -0.00993719 -0.01012696 -0.01005733
 -0.01003261 -0.00997491 -0.01012187 -0.00998162 -0.00995794 -0.01001813
 -0.01021001 -0.00998122 -0.00998526 -0.01013958 -0.00996266 -0.00976624
 -0.01009646 -0.01015194 -0.00995523 -0.01012861 -0.00992082 -0.00996393
 -0.0100449  -0.00998225 -0.00991726 -0.01008057 -0.01000018 -0.01012229
 -0.01008518 -0.00993432 -0.00980428 -0.01011786 -0.01008868 -0.01001472
 -0.01013312 -0.00984821 -0.00988343 -0.00995488 -0.00984291 -0.01012969
 -0.01013407 -0.0101003  -0.01004528 -0.01026303 -0.0098534  -0.01024522
 -0.01003499 -0.00983899 -0.00999937 -0.01001781 -0.01000514 -0.00991987
 -0.01014578 -0.01008595 -0.00995052 -0.0100678  -0.01011735 -0.00991267
 -0.00993607 -0.01016818 -0.01006392 -0.01003824 -0.01000354 -0.00992246
 -0.01002509 -0.00988656 -0.00984427 -0.00977719 -0.0102633  -0.01014576
 -0.00994414 -0.00993731 -0.00997128 -0.01018577 -0.00998806 -0.00994058
 -0.01020006 -0.01028673 -0.01001885 -0.0099206  -0.00989769 -0.00997202
 -0.00999548 -0.01003021 -0.01003787 -0.01033572 -0.01003628 -0.01032499
 -0.01007426 -0.01000079 -0.01027095 -0.01002498 -0.01007172 -0.00988692
 -0.00994608 -0.00978339 -0.01010814 -0.01013395 -0.01003023 -0.01004731
 -0.00988473 -0.00985414 -0.00993209 -0.01005363 -0.00989892 -0.01000827
 -0.00992573 -0.0100395  -0.01014056 -0.01029731 -0.01001506 -0.01001329
 -0.01002351 -0.00997235 -0.01014689 -0.01004151 -0.00998835 -0.01018948
 -0.01015379 -0.00984257 -0.01017668 -0.00999286 -0.00984136 -0.01006707
 -0.00988895 -0.00996773 -0.01007148 -0.0099449  -0.01000634 -0.00994788
 -0.010227   -0.00999863 -0.01034478 -0.00999332 -0.01009435 -0.01011674
 -0.01021796 -0.0099852  -0.01015676 -0.01017533 -0.01023558 -0.00993954
 -0.00995327 -0.01023575 -0.00992356 -0.00974167 -0.01003632 -0.01003811
 -0.01018928 -0.010065   -0.01001801 -0.00969499 -0.00989253 -0.01016328
 -0.00999202 -0.01000067 -0.00999005 -0.00990819 -0.01031588 -0.01005617
 -0.01013025 -0.01001646 -0.01033919 -0.00991758 -0.01010294 -0.01012323
 -0.00994663 -0.0100803  -0.01004343 -0.0100885  -0.01012969 -0.01001016
 -0.00996289 -0.00989464 -0.01031107 -0.01001988 -0.00983489 -0.00996757
 -0.01018571 -0.01015387 -0.00993699 -0.01012581 -0.01007149 -0.01003534
 -0.01001101 -0.01022035 -0.00979534 -0.01006238 -0.01013862 -0.00999273
 -0.00997547 -0.00992603 -0.01009711 -0.01003196 -0.01010601 -0.01023366
 -0.00988455 -0.0098508  -0.01017868 -0.01019061 -0.01002772 -0.00976388
 -0.01005561 -0.01025197 -0.01007157 -0.00987755 -0.01007703 -0.00993332
 -0.0102678  -0.00984005 -0.01017762 -0.0097913  -0.01020615 -0.01005028
 -0.01024582 -0.01008503 -0.01003268 -0.00988602 -0.01022434 -0.01001814
 -0.01025335 -0.01010941 -0.01017117 -0.01018733 -0.01005657 -0.01011681
 -0.00986648 -0.01008099 -0.01005642 -0.01012499 -0.00995407 -0.01009023
 -0.00998003 -0.00999207 -0.01002511 -0.01006925 -0.01013454 -0.0100974
 -0.01011486 -0.00991137 -0.01032831 -0.01005219 -0.01024543 -0.00989626
 -0.01009986 -0.00991254 -0.01017445 -0.01010207 -0.00981896 -0.0101119
 -0.00999577 -0.01008079 -0.0100577  -0.01011032 -0.00991217 -0.01000607
 -0.01002994 -0.01008868 -0.01012946 -0.00985362 -0.01010708 -0.00995787
 -0.01005873 -0.00978325 -0.01009514 -0.0102358  -0.01018986 -0.00997141
 -0.00984186 -0.01004388 -0.0100294  -0.01010408 -0.00991704 -0.01001468
 -0.01004983 -0.00982585 -0.01029496 -0.01007029 -0.00988832 -0.00992946
 -0.01018361 -0.00998109 -0.01002987 -0.01004889 -0.01001489 -0.00994112
 -0.00997769 -0.00989198 -0.00996877 -0.01004799 -0.01004655 -0.01007767]"
Green Rice,"[""1 bag frozen broccoli"", ""1/2 c. diced celery"", ""1 medium diced onion"", ""1 c. Minute rice"", ""3/4 c. margarine, melted"", ""1 can cream of mushroom soup"", ""1 (8 oz.) jar Cheez Whiz""]","[""In large mixing bowl, combine broccoli, celery, onion and rice."", ""In small mixing bowl, combine soup, margarine and Cheez Whiz."", ""Mix until smooth and add broccoli mixture."", ""Bake at 350\u00b0 for 45 to 60 minutes.""]","[""cream of mushroom soup"", ""onion"", ""celery"", ""margarine"", ""rice"", ""frozen broccoli""]","[-0.01014272 -0.00995334 -0.0101043  -0.00985929 -0.00994609 -0.00990995
 -0.00995719 -0.00975971 -0.01011139 -0.01007197 -0.01001249 -0.00995883
 -0.00999539 -0.00997899 -0.00997209 -0.00997717 -0.00986835 -0.00987831
 -0.00990532 -0.00981495 -0.00995565 -0.01015724 -0.01008155 -0.01004478
 -0.0098695  -0.00989475 -0.00999701 -0.00980398 -0.01004513 -0.00999191
 -0.01010666 -0.01009215 -0.0096852  -0.00983207 -0.00988875 -0.01015914
 -0.0100026  -0.00995559 -0.0102348  -0.00991833 -0.00996322 -0.00996018
 -0.00984441 -0.01003881 -0.00988287 -0.01008267 -0.00996777 -0.00992585
 -0.01019342 -0.0099207  -0.01016626 -0.00988599 -0.00997629 -0.00993088
 -0.0098785  -0.00984709 -0.0100058  -0.00991035 -0.00999027 -0.01003092
 -0.00998421 -0.01015069 -0.01006599 -0.00990709 -0.0100282  -0.00997027
 -0.01001197 -0.00992905 -0.01007432 -0.0098827  -0.00993885 -0.00994139
 -0.0100491  -0.00993373 -0.00997237 -0.01004102 -0.01007271 -0.01008099
 -0.01001548 -0.01015837 -0.00990327 -0.01007547 -0.01002189 -0.00990207
 -0.01013682 -0.00982233 -0.01005844 -0.00997358 -0.01010872 -0.00995551
 -0.01010725 -0.0098891  -0.00999326 -0.00994039 -0.01001107 -0.00996694
 -0.01018513 -0.00993335 -0.00979145 -0.01003678 -0.01006859 -0.01006866
 -0.00996975 -0.00974143 -0.01019989 -0.01012077 -0.01014362 -0.01003448
 -0.0100381  -0.0099477  -0.00989091 -0.00987802 -0.00991882 -0.00994209
 -0.01020746 -0.00961465 -0.01002286 -0.00995179 -0.01010721 -0.00996688
 -0.00993638 -0.01003214 -0.01007305 -0.00978042 -0.01009973 -0.01003348
 -0.01009756 -0.00994105 -0.00991571 -0.00999595 -0.00986118 -0.00984955
 -0.0100301  -0.01001005 -0.01004181 -0.01008995 -0.0098183  -0.01000505
 -0.00980308 -0.01018827 -0.01014987 -0.00982581 -0.00990844 -0.01015187
 -0.0100022  -0.00998211 -0.00997805 -0.00992642 -0.00994417 -0.01003191
 -0.0099767  -0.00972897 -0.01011016 -0.01011564 -0.01005614 -0.00985163
 -0.01003049 -0.00991301 -0.01007598 -0.00992786 -0.0098311  -0.00997523
 -0.01005663 -0.01007193 -0.01012069 -0.01001772 -0.01001471 -0.00977952
 -0.01005381 -0.00989893 -0.01009337 -0.01000373 -0.00977933 -0.0100529
 -0.01011146 -0.01004523 -0.01005698 -0.0098545  -0.010031   -0.00982045
 -0.01022391 -0.00986911 -0.00986629 -0.01010102 -0.01000088 -0.01011739
 -0.00983827 -0.01012487 -0.00965752 -0.00992727 -0.01003604 -0.00999512
 -0.01011433 -0.01001623 -0.01004678 -0.00998215 -0.00995339 -0.01017635
 -0.00997124 -0.01011735 -0.00978654 -0.00994578 -0.00997107 -0.00986753
 -0.01031672 -0.00992897 -0.00997937 -0.01014461 -0.00991868 -0.0099734
 -0.01013122 -0.00987991 -0.00981323 -0.01015135 -0.00979515 -0.01002306
 -0.01000379 -0.00991215 -0.01003975 -0.01006342 -0.0098162  -0.01008632
 -0.01009327 -0.0097857  -0.01018175 -0.00994713 -0.00978546 -0.01001188
 -0.00988932 -0.00980434 -0.01004104 -0.01008192 -0.01003877 -0.01002342
 -0.01018385 -0.00976609 -0.00993336 -0.01003488 -0.00986723 -0.01001446
 -0.01012754 -0.0100617  -0.01003397 -0.01012044 -0.01008311 -0.01004079
 -0.01001301 -0.01010406 -0.01002295 -0.01011822 -0.00976731 -0.00995854
 -0.0098683  -0.01009185 -0.01008008 -0.01006369 -0.01002523 -0.01010834
 -0.00985603 -0.00989545 -0.01007458 -0.01001012 -0.0097342  -0.01021559
 -0.01001594 -0.00988535 -0.00991205 -0.01007514 -0.01002437 -0.01001242
 -0.0101001  -0.0099689  -0.01004372 -0.01005367 -0.01012423 -0.01019112
 -0.00994094 -0.01001692 -0.01012528 -0.01015387 -0.01005873 -0.00997504
 -0.01011563 -0.01000762 -0.0098954  -0.01006783 -0.01021357 -0.01001433
 -0.01009489 -0.00996997 -0.01001512 -0.00974591 -0.01008287 -0.01015002
 -0.00979185 -0.01003902 -0.01003746 -0.00998157 -0.00993416 -0.01018636
 -0.00991998 -0.01000499 -0.01012612 -0.00996791 -0.00997339 -0.00983948
 -0.01002397 -0.01007568 -0.01244351 -0.00999376 -0.01001112 -0.01004083
 -0.00993859 -0.01000826 -0.0101875  -0.00998962 -0.01004366 -0.01013034
 -0.00998736 -0.01012161 -0.00993161 -0.00997953 -0.00988066 -0.01000278
 -0.00980864 -0.01013232 -0.01014284 -0.00991563 -0.00991769 -0.01017248
 -0.00991927 -0.00994839 -0.01022481 -0.00991838 -0.00991593 -0.0100965
 -0.0102422  -0.0099958  -0.0100888  -0.0099643  -0.0100221  -0.00992742
 -0.00990539 -0.01002501 -0.0101084  -0.01013041 -0.00975218 -0.00985023
 -0.00984068 -0.01001467 -0.01000603 -0.00991513 -0.0099544  -0.01018627
 -0.00982923 -0.00998588 -0.01004264 -0.00985076 -0.00982555 -0.00994168
 -0.00990263 -0.01016507 -0.01015251 -0.00981884 -0.00966038 -0.01001755
 -0.01004076 -0.01011587 -0.00989869 -0.00998855 -0.01011408 -0.00987211
 -0.01001668 -0.01003025 -0.01007661 -0.01018375 -0.01000849 -0.01002044
 -0.01006745 -0.01014473 -0.01000724 -0.01033923 -0.01011952 -0.01002459
 -0.01021006 -0.01007127 -0.00986056 -0.01005591 -0.00983169 -0.01009293
 -0.00977012 -0.00984009 -0.00997669 -0.01005014 -0.00997801 -0.01016027
 -0.0101935  -0.00989895 -0.00998495 -0.01010686 -0.00983975 -0.00994361
 -0.00982815 -0.00987078 -0.00981301 -0.01020811 -0.00999746 -0.01000372
 -0.00988509 -0.0099847  -0.00994538 -0.00998241 -0.00991962 -0.01007767
 -0.01005545 -0.00981649 -0.00985672 -0.01011967 -0.00985367 -0.01003506
 -0.00988234 -0.00998008 -0.01002174 -0.00998304 -0.0099006  -0.00984749
 -0.00990388 -0.00999284 -0.01002983 -0.00981233 -0.00991648 -0.00999695
 -0.0098511  -0.01003525 -0.01000056 -0.01004919 -0.01014534 -0.01001868
 -0.00996159 -0.01006367 -0.0101996  -0.0100765  -0.01006968 -0.00996666
 -0.01009092 -0.0100175  -0.01007982 -0.00994258 -0.00993935 -0.01007584
 -0.01007674 -0.00997998 -0.01004418 -0.00984564 -0.00997714 -0.00999161
 -0.0098333  -0.00983681 -0.0099343  -0.01006922 -0.00991893 -0.0099469
 -0.01023254 -0.01030874 -0.0099386  -0.01011855 -0.00997972 -0.01020756
 -0.00988342 -0.01011114 -0.01009557 -0.00999715 -0.01006491 -0.00980802
 -0.00979726 -0.01001017 -0.01021125 -0.00988131 -0.00979034 -0.01012828
 -0.01002106 -0.00994225 -0.01003586 -0.01001789 -0.00991648 -0.01006208
 -0.01006739 -0.00994451 -0.00993178 -0.01015467 -0.0100541  -0.00987762
 -0.01000773 -0.01003239 -0.01005995 -0.01016169 -0.00998995 -0.00987192
 -0.00992661 -0.01013727 -0.00985677 -0.01014473 -0.00998273 -0.01004805
 -0.0100228  -0.00979015 -0.0099209  -0.00997285 -0.01010292 -0.0101369
 -0.0100851  -0.00986643 -0.00999539 -0.01001546 -0.00986479 -0.01007366
 -0.01027757 -0.01019365 -0.00990965 -0.01014233 -0.00996838 -0.01017519
 -0.01008813 -0.00984083 -0.01007738 -0.00984057 -0.01007308 -0.009998
 -0.01016241 -0.01008389 -0.00984402 -0.01005549 -0.00999053 -0.0100649
 -0.00994933 -0.01008492 -0.01009549 -0.00992526 -0.00994247 -0.00986803
 -0.00995348 -0.00976475 -0.00998985 -0.00977507 -0.01021132 -0.0100409
 -0.00994337 -0.00997946 -0.00994118 -0.0101251  -0.01015683 -0.0099628
 -0.01009115 -0.01008241 -0.0100925  -0.00983793 -0.00990345 -0.0098748
 -0.00997321 -0.00995988 -0.01001923 -0.01011601 -0.01005946 -0.01033405
 -0.01007818 -0.00997401 -0.00999803 -0.01007653 -0.00995905 -0.00984732
 -0.00986682 -0.0098746  -0.00995152 -0.01017532 -0.01003851 -0.01013877
 -0.00978878 -0.00995657 -0.0099127  -0.01001375 -0.00990723 -0.01005978
 -0.0099872  -0.00990354 -0.01012986 -0.01017262 -0.01004138 -0.0099612
 -0.0099858  -0.00990263 -0.01007875 -0.01002959 -0.00992901 -0.01007992
 -0.01024012 -0.01007375 -0.01018129 -0.0100716  -0.00983325 -0.0099093
 -0.00999953 -0.00998911 -0.01000561 -0.00991699 -0.01013587 -0.00993516
 -0.01021199 -0.01013388 -0.01004875 -0.00974438 -0.00988617 -0.01012738
 -0.01005096 -0.00991338 -0.00989279 -0.01004974 -0.01017091 -0.00994767
 -0.01000692 -0.00997624 -0.00996359 -0.00987258 -0.00996924 -0.0099285
 -0.01006146 -0.0100162  -0.00981433 -0.00985675 -0.00989551 -0.0100431
 -0.00984255 -0.00992149 -0.00992396 -0.00983326 -0.01018563 -0.01002146
 -0.00982943 -0.00991822 -0.01008707 -0.0100831  -0.01001609 -0.00992578
 -0.00986832 -0.00987779 -0.00986241 -0.01010757 -0.01007434 -0.01007629
 -0.00979569 -0.01001512 -0.01007479 -0.01011803 -0.0099027  -0.0099986
 -0.01007761 -0.01007875 -0.01012133 -0.01001853 -0.00990361 -0.01009
 -0.01003957 -0.01002214 -0.00993549 -0.01006994 -0.00998643 -0.00990596
 -0.00998075 -0.01001796 -0.01002458 -0.00985989 -0.0101562  -0.01002791
 -0.00998354 -0.00991798 -0.01010735 -0.01012502 -0.01022552 -0.00994898
 -0.00996034 -0.01014216 -0.01013201 -0.00984972 -0.01000081 -0.00985306
 -0.01019841 -0.00985853 -0.01003893 -0.00984398 -0.00998638 -0.01006173
 -0.01013413 -0.01009047 -0.00992704 -0.0100615  -0.00997476 -0.01001781
 -0.01005528 -0.0100499  -0.01014511 -0.01001905 -0.01008338 -0.00995924
 -0.00995549 -0.00992751 -0.01008522 -0.00993746 -0.0099652  -0.01009938
 -0.00985982 -0.01001611 -0.01000993 -0.00990832 -0.01010289 -0.01010036
 -0.00989679 -0.00999142 -0.01014474 -0.01004312 -0.00989158 -0.00977607
 -0.01015059 -0.0098705  -0.01008503 -0.01001753 -0.00989925 -0.0099899
 -0.00993658 -0.01018202 -0.00995439 -0.01008959 -0.00997051 -0.0098056
 -0.01002821 -0.00998388 -0.01010394 -0.0097765  -0.01007171 -0.00995072
 -0.01010244 -0.00999381 -0.01010734 -0.01009235 -0.01015376 -0.00994916
 -0.01003931 -0.00996331 -0.01012342 -0.01016641 -0.00991306 -0.01003401
 -0.00994146 -0.01005583 -0.01017102 -0.01012036 -0.00994914 -0.0098505
 -0.01003187 -0.00999242 -0.00999922 -0.01011641 -0.00995293 -0.00983299
 -0.00996439 -0.01004526 -0.01001741 -0.0099212  -0.00995457 -0.01002835]"
Hamburger-Country Style Steak,"[""1 lb. hamburger"", ""salt to taste"", ""1/4 c. flour"", ""3 to 4 Tbsp. plain flour"", ""3 to 4 Tbsp. melted shortening"", ""2 c. water""]","[""Mix meat, 3 to 4 tablespoons flour and salt; shape into patties."", ""Roll each patty with rolling pin on floured board (about 1/4-inch thick)."", ""Brown on both sides in shortening."", ""Remove meat and pour off all but 2 to 3 tablespoons fat in pan."", ""Add 1/4 cup flour and allow to brown."", ""Stir occasionally."", ""Add water and cook until thickened."", ""Layer meat and gravy in casserole dish."", ""Cover and bake at 350\u00b0 for 30 to 45 minutes."", ""Serves 5 or 6.""]","[""shortening"", ""water"", ""flour"", ""hamburger"", ""salt""]","[-0.00994985 -0.01020171 -0.01012023 -0.01004834 -0.00998712 -0.01012226
 -0.01008674 -0.00998633 -0.01002931 -0.01019976 -0.01006313 -0.01005432
 -0.01007699 -0.00997475 -0.01008089 -0.01006187 -0.01011691 -0.01008153
 -0.01001195 -0.00998116 -0.0100541  -0.01037807 -0.01019602 -0.01011597
 -0.01002048 -0.00997852 -0.01015633 -0.01015569 -0.01014529 -0.01006554
 -0.0100606  -0.01008797 -0.00998363 -0.01013286 -0.01008021 -0.01023963
 -0.00997142 -0.01005913 -0.01020754 -0.01003413 -0.01012154 -0.01008768
 -0.00980059 -0.01019274 -0.01007603 -0.01024575 -0.01008934 -0.01004114
 -0.01020674 -0.01030171 -0.0101122  -0.01004803 -0.01029862 -0.01006092
 -0.01016844 -0.00994855 -0.01005275 -0.01018369 -0.01010153 -0.0101347
 -0.01010268 -0.01004312 -0.01009522 -0.01015387 -0.01019057 -0.00995591
 -0.01016541 -0.00991553 -0.01024766 -0.00999714 -0.01016316 -0.01015295
 -0.01008142 -0.01006635 -0.00984257 -0.01006221 -0.01007993 -0.01006289
 -0.01010716 -0.01004619 -0.01012611 -0.01011917 -0.01002604 -0.00999591
 -0.01005415 -0.00998725 -0.01014815 -0.01013755 -0.01016119 -0.00988392
 -0.01010431 -0.00994779 -0.01004894 -0.01001345 -0.01016589 -0.01021782
 -0.0100783  -0.01006002 -0.00994102 -0.01012882 -0.01020387 -0.01018112
 -0.01000917 -0.01004106 -0.01027266 -0.01005231 -0.01022608 -0.01007105
 -0.01000605 -0.01006616 -0.01013679 -0.01002161 -0.00991556 -0.01001765
 -0.01026393 -0.00998234 -0.01015116 -0.01010655 -0.01005352 -0.01021735
 -0.01025337 -0.00995218 -0.01018759 -0.00979543 -0.01009406 -0.01009296
 -0.01009986 -0.01013844 -0.01009726 -0.0102786  -0.00999885 -0.01000292
 -0.01005647 -0.0099906  -0.01025622 -0.01009415 -0.01005646 -0.0101399
 -0.01003661 -0.01022606 -0.01024789 -0.01007941 -0.01001303 -0.01022679
 -0.01002128 -0.01024022 -0.00998951 -0.01007612 -0.01005083 -0.01004984
 -0.01000517 -0.0097945  -0.01025192 -0.01028135 -0.01020772 -0.00994637
 -0.01019617 -0.01014812 -0.01001158 -0.01009546 -0.00986379 -0.01008688
 -0.01013088 -0.01012288 -0.00998564 -0.01016437 -0.01020408 -0.01004611
 -0.0102781  -0.00994728 -0.01025301 -0.01003095 -0.00968938 -0.01007863
 -0.010173   -0.01004343 -0.01010129 -0.01015011 -0.01002534 -0.00996987
 -0.01038059 -0.01013448 -0.00987379 -0.01028587 -0.01013904 -0.01025071
 -0.01007603 -0.01028469 -0.00998746 -0.0099576  -0.01035819 -0.01036279
 -0.01010572 -0.01015737 -0.00991117 -0.01020916 -0.01014349 -0.01010905
 -0.01009886 -0.0101271  -0.01011743 -0.01017254 -0.01003419 -0.01002588
 -0.01029612 -0.01001423 -0.00997283 -0.01013702 -0.00992771 -0.01004935
 -0.00999817 -0.01000598 -0.00987435 -0.01010584 -0.0100964  -0.01002621
 -0.01002488 -0.01017969 -0.01016297 -0.0101972  -0.0098981  -0.01004381
 -0.01029292 -0.01004642 -0.01026617 -0.01005693 -0.01008297 -0.01001626
 -0.01014816 -0.00991095 -0.0100034  -0.01016646 -0.01019416 -0.01013418
 -0.01014141 -0.01000017 -0.00984879 -0.01014521 -0.01009883 -0.01026318
 -0.01014092 -0.01003342 -0.01002206 -0.01023156 -0.01010153 -0.01014112
 -0.01007767 -0.01008626 -0.01000057 -0.01015619 -0.01001243 -0.01003411
 -0.00987391 -0.01020569 -0.00999892 -0.01007065 -0.01003705 -0.01015454
 -0.01011905 -0.01001055 -0.01011543 -0.0100518  -0.00996543 -0.01030604
 -0.01005143 -0.01002932 -0.01019204 -0.01013842 -0.0100174  -0.01001715
 -0.01023658 -0.01004994 -0.0102097  -0.01008763 -0.0102275  -0.01031188
 -0.01016007 -0.01011625 -0.01010201 -0.01025029 -0.01017952 -0.0100089
 -0.0101742  -0.01015719 -0.01012467 -0.01027231 -0.01001956 -0.01023757
 -0.01033878 -0.00999724 -0.01001863 -0.0098873  -0.01030179 -0.01015884
 -0.00989532 -0.01016337 -0.01000092 -0.00996849 -0.00993281 -0.01025443
 -0.00994827 -0.01024054 -0.0100053  -0.01013316 -0.00995683 -0.01002884
 -0.01015801 -0.01022106 -0.01241216 -0.01012738 -0.01033809 -0.0102694
 -0.00997539 -0.0101392  -0.01023704 -0.01031712 -0.01017622 -0.01006726
 -0.01015015 -0.01011076 -0.00994383 -0.01018774 -0.01003095 -0.01017872
 -0.01006579 -0.01014051 -0.01023569 -0.0099447  -0.00992964 -0.0102333
 -0.00995028 -0.01003117 -0.01013292 -0.01004631 -0.01014462 -0.01004908
 -0.0102395  -0.01015368 -0.01014106 -0.00996166 -0.01013286 -0.01007741
 -0.01013823 -0.01020331 -0.01012809 -0.01011618 -0.00996728 -0.0099339
 -0.01005469 -0.0099046  -0.01015545 -0.0101759  -0.00987786 -0.01025666
 -0.0098456  -0.01021969 -0.01009922 -0.01003039 -0.00988432 -0.01011208
 -0.01005694 -0.01008739 -0.01004538 -0.01010132 -0.00992788 -0.00995903
 -0.01013846 -0.01028589 -0.01000862 -0.01015734 -0.01014111 -0.01008066
 -0.01024988 -0.01008462 -0.01023385 -0.01033323 -0.01012221 -0.01002759
 -0.01011752 -0.01015037 -0.00997495 -0.0104271  -0.01005606 -0.01016969
 -0.01030933 -0.01018092 -0.01011904 -0.01016106 -0.01004602 -0.01016002
 -0.01001574 -0.00999108 -0.01015853 -0.01014695 -0.01022168 -0.01020044
 -0.01023853 -0.01019128 -0.00994919 -0.01021466 -0.00989131 -0.01014737
 -0.01010909 -0.00984942 -0.01011632 -0.0101638  -0.01014449 -0.01007307
 -0.01008229 -0.01010654 -0.00999756 -0.01013705 -0.01003577 -0.01020316
 -0.01016624 -0.01009525 -0.00996171 -0.01003257 -0.01010447 -0.01021111
 -0.01001515 -0.01007986 -0.01019805 -0.01007492 -0.01016883 -0.01013129
 -0.01001824 -0.00999467 -0.01014775 -0.01008268 -0.01016758 -0.01013354
 -0.0101103  -0.01025209 -0.01001872 -0.01019144 -0.01004913 -0.00984632
 -0.01017012 -0.01010634 -0.01013682 -0.01015926 -0.01009093 -0.01006435
 -0.01012103 -0.01018607 -0.01012933 -0.01005416 -0.01002684 -0.01011173
 -0.01003001 -0.00986953 -0.01012611 -0.0098618  -0.01010704 -0.00990385
 -0.01014601 -0.00993596 -0.01017914 -0.00999077 -0.01010482 -0.01009788
 -0.01019517 -0.01032736 -0.0099912  -0.01010115 -0.01018328 -0.01025538
 -0.00992743 -0.01026953 -0.01002542 -0.00992863 -0.01023011 -0.0098722
 -0.01015703 -0.01009569 -0.01040246 -0.00999744 -0.01013447 -0.0101608
 -0.01009399 -0.01001711 -0.01016832 -0.01003871 -0.00995122 -0.0101771
 -0.01012901 -0.01000919 -0.0101105  -0.01026786 -0.00998088 -0.00987265
 -0.01008875 -0.01022717 -0.01031624 -0.01011575 -0.00999888 -0.00995961
 -0.00998521 -0.01009486 -0.0100312  -0.00999216 -0.01015337 -0.01018245
 -0.01000023 -0.00995629 -0.0099314  -0.01024017 -0.01012133 -0.01011836
 -0.01005074 -0.01001301 -0.00997243 -0.00994437 -0.00983155 -0.01013634
 -0.01023623 -0.0101252  -0.0102195  -0.01039393 -0.00994416 -0.01023851
 -0.01016811 -0.00994142 -0.0100131  -0.01010888 -0.01003525 -0.01006931
 -0.01025474 -0.01025721 -0.01015937 -0.01007591 -0.01028103 -0.00988164
 -0.01020877 -0.01020926 -0.01011115 -0.01017202 -0.00997905 -0.01000429
 -0.01011911 -0.0099973  -0.00990913 -0.00993283 -0.01027685 -0.01010656
 -0.00990952 -0.01008743 -0.00996938 -0.01014281 -0.0101137  -0.01000952
 -0.01031433 -0.01017545 -0.01001779 -0.01000665 -0.01002721 -0.00991516
 -0.01012213 -0.01022213 -0.01003459 -0.01031263 -0.01013345 -0.01047791
 -0.01011979 -0.010015   -0.01016103 -0.01001355 -0.01022619 -0.00985849
 -0.01007503 -0.00990994 -0.01013285 -0.01009049 -0.01013753 -0.01015591
 -0.0100509  -0.00995864 -0.01011728 -0.0101346  -0.0098054  -0.01011235
 -0.01015683 -0.01009424 -0.01013727 -0.01042594 -0.01017598 -0.01009506
 -0.01009841 -0.01006178 -0.01017328 -0.01007489 -0.01012785 -0.01018167
 -0.01020929 -0.01019551 -0.0103575  -0.01009638 -0.00996751 -0.01008631
 -0.00998886 -0.00999495 -0.01029662 -0.01009712 -0.01009336 -0.01007302
 -0.01023954 -0.00993533 -0.01021435 -0.00991646 -0.01017635 -0.01009278
 -0.01017421 -0.01002082 -0.01008879 -0.01020548 -0.00999089 -0.00996351
 -0.01008289 -0.0102268  -0.00999343 -0.00978133 -0.01013545 -0.01007165
 -0.0100975  -0.01018812 -0.01024001 -0.00984794 -0.01010222 -0.01016997
 -0.01001782 -0.01008925 -0.01004643 -0.00997732 -0.01034979 -0.01011979
 -0.01012982 -0.01004931 -0.01017152 -0.01008049 -0.01010858 -0.01006307
 -0.01007284 -0.0100416  -0.01007724 -0.0100673  -0.01015847 -0.01015723
 -0.01025381 -0.01006076 -0.01030969 -0.00998151 -0.00994145 -0.01005842
 -0.0101559  -0.01022841 -0.00999893 -0.01016635 -0.01011455 -0.01021443
 -0.01009371 -0.01024527 -0.01005757 -0.01013808 -0.010207   -0.0101088
 -0.01009452 -0.01007716 -0.01001809 -0.01015595 -0.01004556 -0.01031917
 -0.01007875 -0.00993999 -0.01034838 -0.01032153 -0.01018465 -0.0099051
 -0.01012634 -0.01009728 -0.01015946 -0.00999172 -0.01017227 -0.0100602
 -0.01015066 -0.00982543 -0.01016721 -0.00992495 -0.01025927 -0.01023909
 -0.0104224  -0.01017188 -0.00998369 -0.01018493 -0.01029211 -0.01010165
 -0.01019345 -0.01025287 -0.01016683 -0.01021516 -0.0101229  -0.01020648
 -0.00988072 -0.01027543 -0.01007769 -0.01017053 -0.00991267 -0.01005815
 -0.00996218 -0.01007729 -0.01007348 -0.01006186 -0.01016236 -0.01011286
 -0.01002091 -0.00992063 -0.01019136 -0.01007723 -0.01015476 -0.01004988
 -0.01022327 -0.0100389  -0.01011957 -0.01012264 -0.01003063 -0.01021377
 -0.01008395 -0.01026234 -0.01015379 -0.0101769  -0.01002232 -0.01001414
 -0.01018787 -0.01012292 -0.01015857 -0.01012407 -0.01020442 -0.01000136
 -0.01013675 -0.00996582 -0.01025239 -0.01032418 -0.01009883 -0.01026397
 -0.01005341 -0.01001907 -0.01016885 -0.01009037 -0.01008864 -0.01012459
 -0.01025554 -0.01007388 -0.01022548 -0.00993907 -0.01002215 -0.01006849
 -0.01036064 -0.00989119 -0.00997984 -0.01009975 -0.01009614 -0.0100637
 -0.01011331 -0.01018539 -0.01010421 -0.0100932  -0.00998871 -0.01013973]"
Sugarless Cookies,"[""1 c. raisins"", ""1/2 c. chopped dates"", ""1/2 c. chopped apples"", ""1 c. water"", ""1/2 c. shortening"", ""2 well beaten eggs"", ""3/4 c. chopped nuts"", ""3 tsp. liquid sweetener"", ""1 tsp. vanilla"", ""1 tsp. soda"", ""1/2 tsp. salt"", ""1-1 1/4 c. flour""]","[""Boil raisins, dates and apples in water 3 minutes."", ""Add shortening to melt, then cool."", ""Add rest of ingredients, adding nuts last."", ""Drop on ungreased sheet."", ""Bake at 375\u00b0 for 12-15 minutes.""]","[""vanilla"", ""shortening"", ""eggs"", ""soda"", ""water"", ""raisins"", ""dates"", ""nuts"", ""flour"", ""apples"", ""liquid sweetener"", ""salt""]","[-0.01098989 -0.0108662  -0.0108366  -0.01079429 -0.0108573  -0.01078589
 -0.01084215 -0.01074384 -0.01076992 -0.01093045 -0.01085817 -0.0107853
 -0.01074908 -0.01081371 -0.01094852 -0.01087177 -0.01079081 -0.01061689
 -0.01072013 -0.01086947 -0.01079843 -0.01097615 -0.01095602 -0.01097025
 -0.01080552 -0.01073457 -0.01094852 -0.01091684 -0.01092518 -0.0108301
 -0.01087591 -0.01094312 -0.01065635 -0.01074777 -0.01081696 -0.01094381
 -0.01094234 -0.01087707 -0.01101258 -0.0108595  -0.01083851 -0.0109578
 -0.01090671 -0.01097875 -0.01092023 -0.01083933 -0.01096125 -0.01089935
 -0.01100783 -0.01096194 -0.01088729 -0.0108937  -0.01089097 -0.01085441
 -0.01086491 -0.01086248 -0.01079001 -0.01082542 -0.01083858 -0.0108771
 -0.010798   -0.01090254 -0.01076837 -0.01091261 -0.01097546 -0.01078443
 -0.01068285 -0.01089634 -0.01100863 -0.01082248 -0.01081257 -0.01099367
 -0.01089113 -0.01096483 -0.0107953  -0.01095137 -0.01077411 -0.01086258
 -0.01073033 -0.01082658 -0.01097956 -0.01075707 -0.01075036 -0.0107972
 -0.011019   -0.01078247 -0.0108313  -0.01084931 -0.01096408 -0.01083113
 -0.0109683  -0.01087144 -0.01082728 -0.01086962 -0.01087463 -0.01105107
 -0.01109296 -0.01083668 -0.01089284 -0.01087373 -0.01097997 -0.01089439
 -0.01095361 -0.01073597 -0.01108243 -0.01093255 -0.0110054  -0.01090702
 -0.01084643 -0.01091398 -0.01078588 -0.01091846 -0.01085657 -0.01075679
 -0.0110096  -0.01075378 -0.01089801 -0.01077933 -0.0108502  -0.01094906
 -0.01090184 -0.01089986 -0.01074915 -0.01070308 -0.01069608 -0.01091283
 -0.01096546 -0.01089543 -0.01085039 -0.01089257 -0.01085915 -0.01082737
 -0.01088474 -0.0109418  -0.01087072 -0.01077317 -0.01087476 -0.01086919
 -0.01063054 -0.01104476 -0.01088633 -0.01057471 -0.01088349 -0.0110089
 -0.01080944 -0.01095346 -0.01093031 -0.01076734 -0.01091391 -0.01083494
 -0.01091408 -0.0106331  -0.01096377 -0.01115449 -0.01081277 -0.01079153
 -0.01103111 -0.01088196 -0.01088695 -0.0108014  -0.01087904 -0.01075406
 -0.01091706 -0.01093007 -0.01087766 -0.01078693 -0.01083257 -0.01066038
 -0.01087934 -0.01081225 -0.0107997  -0.01092857 -0.01065952 -0.01074629
 -0.01088031 -0.01079108 -0.01065713 -0.01081576 -0.01090204 -0.01079635
 -0.01111248 -0.01076331 -0.01089094 -0.01102735 -0.01095291 -0.01083034
 -0.01069124 -0.01089786 -0.01081192 -0.01074094 -0.01098259 -0.01084214
 -0.01075918 -0.01082975 -0.01085122 -0.01089623 -0.01086348 -0.01092583
 -0.0107551  -0.01092924 -0.01073208 -0.01087678 -0.01083642 -0.0107435
 -0.01091439 -0.01073208 -0.01080561 -0.0109813  -0.01094184 -0.01086779
 -0.01102476 -0.01070821 -0.01071771 -0.01085327 -0.01085499 -0.01090498
 -0.01078097 -0.01083289 -0.01094267 -0.01079549 -0.01083318 -0.01083704
 -0.01090389 -0.01085785 -0.01096922 -0.01084568 -0.01074339 -0.01095879
 -0.01072927 -0.01084251 -0.01100856 -0.01098042 -0.01091503 -0.0107899
 -0.01086428 -0.01078189 -0.01083753 -0.01084276 -0.01077404 -0.01089046
 -0.01102411 -0.0108795  -0.01078121 -0.01084898 -0.01106252 -0.01078488
 -0.01083128 -0.01086473 -0.01102465 -0.01099653 -0.0109369  -0.01093719
 -0.01095488 -0.01089914 -0.01086376 -0.01087564 -0.01104522 -0.01091673
 -0.01082215 -0.01074951 -0.01086814 -0.01090896 -0.01057653 -0.01107012
 -0.01079753 -0.01074568 -0.01107007 -0.0108519  -0.01081531 -0.0108774
 -0.01096282 -0.01082713 -0.01084717 -0.01081428 -0.01091344 -0.01104692
 -0.0107987  -0.010756   -0.01088806 -0.01096135 -0.01088131 -0.01078259
 -0.01106228 -0.01097486 -0.01071759 -0.01104289 -0.01096457 -0.01098413
 -0.01098348 -0.01094484 -0.01088989 -0.01066348 -0.01083957 -0.01102569
 -0.01073383 -0.01084869 -0.01084183 -0.01078088 -0.01089091 -0.0108509
 -0.01087839 -0.01069435 -0.0109392  -0.01085521 -0.01082435 -0.01066104
 -0.01089139 -0.01089061 -0.01326275 -0.01094858 -0.01079697 -0.01095321
 -0.01083997 -0.01094453 -0.01092303 -0.0108787  -0.01099764 -0.01078383
 -0.01068672 -0.01087878 -0.01083974 -0.0109218  -0.01088456 -0.01102214
 -0.01081799 -0.01103402 -0.01097277 -0.01071204 -0.01096289 -0.01089258
 -0.01070543 -0.01091644 -0.01104155 -0.01070329 -0.01074431 -0.01079527
 -0.01116899 -0.010905   -0.01097115 -0.01087339 -0.01082751 -0.01091912
 -0.01075437 -0.01089516 -0.01083889 -0.01099277 -0.0107135  -0.01069329
 -0.01070379 -0.01092336 -0.01092341 -0.01080046 -0.01081373 -0.01097209
 -0.01074481 -0.01101646 -0.01080262 -0.0107787  -0.01065504 -0.01084851
 -0.01084121 -0.01095539 -0.01091947 -0.01076772 -0.01077774 -0.01076159
 -0.01097214 -0.01103662 -0.01085812 -0.01085143 -0.0109148  -0.0107524
 -0.01088404 -0.01078298 -0.01095907 -0.0110388  -0.01085946 -0.01078968
 -0.01091853 -0.01103747 -0.0108508  -0.0112149  -0.01101078 -0.01077145
 -0.01100757 -0.01100495 -0.01079918 -0.01079895 -0.01083351 -0.01085551
 -0.01077101 -0.01064937 -0.01083638 -0.01085834 -0.01088074 -0.01094806
 -0.01092638 -0.01084554 -0.01085054 -0.01079245 -0.01076379 -0.01084341
 -0.01057073 -0.01075602 -0.01078933 -0.01086804 -0.01094271 -0.01085984
 -0.01100587 -0.01080332 -0.0107922  -0.01095554 -0.0107151  -0.01087536
 -0.01109258 -0.01090002 -0.01093184 -0.01106744 -0.01084571 -0.01091804
 -0.01070423 -0.01084674 -0.01099014 -0.0109416  -0.01083455 -0.01075563
 -0.01089129 -0.01076428 -0.01097684 -0.01074002 -0.0108311  -0.01088202
 -0.01094591 -0.01085967 -0.010955   -0.01112386 -0.01075214 -0.01078632
 -0.01085919 -0.01091263 -0.01095421 -0.01088661 -0.0108976  -0.01092974
 -0.01103302 -0.01104872 -0.01098554 -0.01079454 -0.01085865 -0.01089474
 -0.01096689 -0.01087955 -0.01074724 -0.0107207  -0.01088534 -0.01096103
 -0.01084073 -0.01077146 -0.01079253 -0.01090312 -0.01068076 -0.01078748
 -0.01096762 -0.01091279 -0.01080577 -0.01095502 -0.0108937  -0.01079754
 -0.01085603 -0.01098064 -0.0107802  -0.01072807 -0.01073169 -0.01078475
 -0.01081608 -0.01079562 -0.01105753 -0.01080944 -0.01073746 -0.0109519
 -0.01091636 -0.01074556 -0.01096703 -0.01077759 -0.01088096 -0.01101211
 -0.01094056 -0.01087839 -0.01084082 -0.01096852 -0.01073098 -0.01095506
 -0.01066094 -0.01079279 -0.01104106 -0.01089483 -0.0107582  -0.0107406
 -0.01082553 -0.01084826 -0.01080918 -0.01101446 -0.01098871 -0.01104137
 -0.01079919 -0.0106618  -0.01069966 -0.01085017 -0.01096885 -0.01102454
 -0.01099919 -0.01073143 -0.01073608 -0.01095948 -0.0107188  -0.01085303
 -0.01096988 -0.01081339 -0.01083269 -0.01102777 -0.01089327 -0.01098077
 -0.01083871 -0.01071795 -0.01077874 -0.01080666 -0.0109266  -0.01092623
 -0.01098661 -0.01094466 -0.01087255 -0.01092394 -0.01083944 -0.01090259
 -0.01101637 -0.01087051 -0.01084846 -0.01082372 -0.01077282 -0.01075645
 -0.0108286  -0.01077706 -0.01084195 -0.0107616  -0.01105903 -0.01081383
 -0.01096571 -0.01080928 -0.01089449 -0.01109731 -0.01106025 -0.01094051
 -0.01087044 -0.01094139 -0.01092072 -0.01080219 -0.01072235 -0.01079851
 -0.01102019 -0.01083453 -0.01077826 -0.01105946 -0.01074003 -0.01103964
 -0.01095419 -0.01099702 -0.01104094 -0.01085203 -0.01100116 -0.01073513
 -0.01077246 -0.01069841 -0.01097342 -0.01086275 -0.01079427 -0.01086522
 -0.01073717 -0.01077326 -0.01082782 -0.01077261 -0.0108353  -0.01081352
 -0.0109912  -0.01083614 -0.01092709 -0.01105824 -0.0109168  -0.010832
 -0.01085235 -0.01073264 -0.01104012 -0.01089236 -0.01082351 -0.01096283
 -0.01100652 -0.01098348 -0.01102306 -0.01083274 -0.01063843 -0.01077126
 -0.01088465 -0.01085902 -0.0107982  -0.01074096 -0.01095735 -0.01077173
 -0.01096922 -0.01088626 -0.01086777 -0.01080127 -0.01076006 -0.01094114
 -0.0110065  -0.01079632 -0.01078216 -0.01092046 -0.01096452 -0.01087491
 -0.01098878 -0.01090708 -0.01090471 -0.0107166  -0.01093825 -0.0108404
 -0.01072391 -0.01090003 -0.01091312 -0.01060661 -0.01075976 -0.01095646
 -0.0108262  -0.01077264 -0.01082846 -0.01073177 -0.01110238 -0.01084043
 -0.01077695 -0.01071814 -0.01092798 -0.01089628 -0.01077845 -0.01084183
 -0.01067323 -0.01091676 -0.01078769 -0.01089677 -0.01101365 -0.01080451
 -0.01091338 -0.0108293  -0.01094153 -0.01079355 -0.01091341 -0.01072581
 -0.01081881 -0.01102633 -0.01084408 -0.01086388 -0.0109627  -0.01077451
 -0.01104383 -0.0108947  -0.01088103 -0.01081776 -0.01077584 -0.0108362
 -0.01104407 -0.0109402  -0.01112337 -0.01084894 -0.01091372 -0.01075704
 -0.01084436 -0.01079168 -0.01098359 -0.01080659 -0.01103792 -0.01091076
 -0.01093301 -0.01092026 -0.0109054  -0.0106434  -0.01098771 -0.01070415
 -0.01099402 -0.01071021 -0.01108359 -0.01086854 -0.01096938 -0.0108232
 -0.0109663  -0.01085463 -0.01070393 -0.01101052 -0.01083667 -0.01087833
 -0.01089992 -0.01094611 -0.01080863 -0.0109816  -0.01099979 -0.01091864
 -0.0106974  -0.01090641 -0.01094778 -0.01099262 -0.01080576 -0.01089634
 -0.01084808 -0.01090077 -0.01093656 -0.0108135  -0.01103381 -0.0108347
 -0.0108483  -0.01095624 -0.01094702 -0.01081641 -0.01081011 -0.01076299
 -0.01100454 -0.01076934 -0.01085914 -0.01093092 -0.01078086 -0.01082736
 -0.01088005 -0.01096677 -0.01073631 -0.01073976 -0.01080452 -0.01075073
 -0.01086962 -0.01083015 -0.01103436 -0.0107603  -0.01096022 -0.01082456
 -0.01100298 -0.01081824 -0.01090157 -0.0109869  -0.01094403 -0.0108189
 -0.01097962 -0.01086234 -0.01093051 -0.01088373 -0.01081217 -0.01094367
 -0.0110022  -0.0108846  -0.01112246 -0.01091956 -0.01084972 -0.01089748
 -0.01094999 -0.0108783  -0.01082576 -0.01098334 -0.01089064 -0.01091216
 -0.01080941 -0.01103983 -0.01079048 -0.0108517  -0.01084248 -0.0108742 ]"
Pawleys Pearls Salad,"[""1 can Shoepeg corn, drained"", ""1 can French-style green beans, drained"", ""1 can LeSueur peas, drained"", ""1 jar diced pimiento, drained"", ""1 onion, chopped"", ""1 green pepper, chopped"", ""4 ribs celery, chopped"", ""1/2 c. sugar"", ""1/2 c. white vinegar"", ""1/2 c. salad oil""]","[""Combine sugar, vinegar and oil and heat. Pour over vegetables. Add salt and pepper to taste. Will keep several days in the refrigerator.""]","[""pimiento"", ""corn"", ""sugar"", ""salad oil"", ""onion"", ""white vinegar"", ""celery"", ""green beans"", ""lesueur peas"", ""green pepper""]","[-0.01046204 -0.0104733  -0.01041788 -0.01037739 -0.01030872 -0.01030445
 -0.01034956 -0.01026118 -0.01047587 -0.01048307 -0.01031217 -0.01041949
 -0.0102342  -0.01026647 -0.0104077  -0.01042707 -0.01038948 -0.01026828
 -0.01030338 -0.01032952 -0.01035954 -0.01064157 -0.0105082  -0.01035285
 -0.01028574 -0.01033368 -0.01051607 -0.01053379 -0.0104492  -0.0103065
 -0.01034852 -0.01035501 -0.01023559 -0.01051708 -0.01039354 -0.01051124
 -0.01032893 -0.01039636 -0.01052906 -0.01029454 -0.0105079  -0.01046555
 -0.0102075  -0.0104383  -0.01035879 -0.0103762  -0.01059192 -0.01042271
 -0.0106073  -0.01048559 -0.01041523 -0.01038909 -0.01044579 -0.01051741
 -0.01043808 -0.01029472 -0.01046006 -0.01035112 -0.01043299 -0.0104486
 -0.01041931 -0.01032819 -0.01043267 -0.01052537 -0.01037421 -0.01036544
 -0.01033194 -0.01030405 -0.01052329 -0.01031074 -0.0103076  -0.0104254
 -0.01036161 -0.01043062 -0.01030569 -0.0104903  -0.01045699 -0.01033093
 -0.0102668  -0.01033262 -0.01041138 -0.01041105 -0.01029296 -0.01028843
 -0.01050591 -0.01021996 -0.01039884 -0.01049588 -0.01058215 -0.01026544
 -0.01057668 -0.01029981 -0.01032426 -0.01040315 -0.01048687 -0.01047698
 -0.0106342  -0.01036658 -0.01028388 -0.01029681 -0.01061877 -0.01042112
 -0.01040265 -0.01029992 -0.01062455 -0.01036554 -0.01053306 -0.01046021
 -0.01028634 -0.01046418 -0.01037223 -0.01038053 -0.01032149 -0.01039076
 -0.01061967 -0.0102445  -0.01038344 -0.01033224 -0.01054981 -0.01045299
 -0.01038022 -0.01034984 -0.01039179 -0.01018752 -0.01036101 -0.01038468
 -0.01046512 -0.01046133 -0.01024779 -0.01051426 -0.01038719 -0.01043455
 -0.01041674 -0.01046166 -0.01042817 -0.01030881 -0.01047013 -0.01043787
 -0.01031177 -0.01045225 -0.01051061 -0.01026849 -0.01046621 -0.01052867
 -0.01030916 -0.01047332 -0.01034799 -0.01038335 -0.01033399 -0.01038846
 -0.01033646 -0.01012848 -0.01058076 -0.01052897 -0.01041127 -0.01033888
 -0.01040538 -0.0103867  -0.0104469  -0.01042916 -0.01028732 -0.01030416
 -0.01028654 -0.01035468 -0.01039396 -0.01044505 -0.01040117 -0.0102894
 -0.01047259 -0.01033696 -0.0104778  -0.01037619 -0.01003088 -0.01032375
 -0.01030441 -0.01037921 -0.01039014 -0.01036331 -0.01046178 -0.01026205
 -0.01062313 -0.01047118 -0.01032893 -0.01058906 -0.01024493 -0.01041966
 -0.01020791 -0.01046915 -0.01014144 -0.0102779  -0.01048304 -0.01042736
 -0.01035449 -0.01031403 -0.01040101 -0.01039711 -0.0105889  -0.01025102
 -0.01037146 -0.01043256 -0.01035003 -0.01035442 -0.01032137 -0.01023919
 -0.01062282 -0.01034033 -0.0102906  -0.01054741 -0.01033804 -0.01036831
 -0.01050791 -0.01035239 -0.01019266 -0.01053103 -0.01031758 -0.01036188
 -0.0103965  -0.01039478 -0.01049299 -0.01047213 -0.0102197  -0.01029251
 -0.0104632  -0.01042176 -0.01055343 -0.01027541 -0.01040156 -0.01050746
 -0.01029    -0.01023078 -0.01049573 -0.01044895 -0.01042184 -0.01046282
 -0.0104971  -0.01025881 -0.0103724  -0.01046109 -0.01028385 -0.01050366
 -0.01046062 -0.01044229 -0.01038067 -0.01037957 -0.01039866 -0.01039413
 -0.01032377 -0.01044814 -0.01031618 -0.01051141 -0.01031968 -0.01032592
 -0.01033358 -0.01036104 -0.01028552 -0.01037009 -0.01031498 -0.01039989
 -0.01028263 -0.01016125 -0.01027981 -0.01035284 -0.01022483 -0.01044646
 -0.01043235 -0.01029017 -0.01058717 -0.01051645 -0.01026266 -0.01049198
 -0.01052592 -0.01038015 -0.01049492 -0.01036661 -0.0104483  -0.010469
 -0.01048511 -0.01042112 -0.01043766 -0.0105247  -0.01034886 -0.01040865
 -0.01046689 -0.01039694 -0.01051321 -0.01059462 -0.0104601  -0.01047403
 -0.01053857 -0.01041663 -0.01032586 -0.01021189 -0.01056966 -0.01058323
 -0.01034894 -0.0104595  -0.01038925 -0.01034841 -0.01046783 -0.01052945
 -0.01034111 -0.0103055  -0.01049634 -0.01034381 -0.01037998 -0.01030413
 -0.01036081 -0.01049538 -0.0127455  -0.01051422 -0.01049532 -0.01041715
 -0.01034122 -0.01055181 -0.01049025 -0.01052447 -0.01045069 -0.01038376
 -0.01035439 -0.01049961 -0.01032995 -0.01044527 -0.01039294 -0.01041672
 -0.01042024 -0.01049238 -0.01041499 -0.01017549 -0.01035548 -0.01050638
 -0.01031727 -0.01042114 -0.01046669 -0.01033073 -0.01041678 -0.01033089
 -0.0107307  -0.01045329 -0.01058819 -0.01036589 -0.01039085 -0.01041701
 -0.01044871 -0.01047435 -0.010545   -0.0105286  -0.01027278 -0.0103886
 -0.01040116 -0.0103928  -0.01049701 -0.01046752 -0.01022625 -0.01040326
 -0.01025156 -0.0104734  -0.01033979 -0.01030893 -0.01021446 -0.01037924
 -0.01025684 -0.0104405  -0.01044123 -0.01037692 -0.01026537 -0.01033469
 -0.01032953 -0.01055885 -0.01026918 -0.0104624  -0.01035674 -0.01031202
 -0.01048145 -0.01045071 -0.01040406 -0.01044314 -0.01041499 -0.01039205
 -0.01040599 -0.01055434 -0.01035648 -0.01070781 -0.01047853 -0.01044561
 -0.01054161 -0.01055469 -0.01040863 -0.0104623  -0.0104157  -0.01044734
 -0.01029926 -0.0102912  -0.010458   -0.01048947 -0.01048314 -0.01052968
 -0.01059964 -0.01040121 -0.01039307 -0.01042202 -0.0102913  -0.01040065
 -0.01036024 -0.01016863 -0.01032183 -0.01042859 -0.01053239 -0.01044914
 -0.01054586 -0.01042097 -0.01020363 -0.01044678 -0.0103036  -0.01044147
 -0.01047307 -0.01037629 -0.01032228 -0.01049729 -0.01038355 -0.01044902
 -0.01038046 -0.01052675 -0.01053796 -0.01046578 -0.01035313 -0.01036544
 -0.01045491 -0.01037445 -0.01046294 -0.01035436 -0.01038567 -0.01039797
 -0.01050149 -0.01045614 -0.01043798 -0.0104817  -0.01039247 -0.01027809
 -0.0104381  -0.01042188 -0.01040602 -0.0103415  -0.01041431 -0.01040834
 -0.01057473 -0.01047886 -0.01051879 -0.01031857 -0.01042939 -0.01032862
 -0.01043697 -0.01028597 -0.01049976 -0.01021829 -0.01038755 -0.01043943
 -0.01035642 -0.01030056 -0.01041556 -0.010369   -0.01023695 -0.01047607
 -0.01042059 -0.0106292  -0.01032449 -0.01041586 -0.01044273 -0.01049849
 -0.01032571 -0.01060384 -0.01040462 -0.01027303 -0.01051397 -0.01026218
 -0.01039079 -0.01039825 -0.01051319 -0.01033967 -0.01038743 -0.01038485
 -0.01042322 -0.01034674 -0.01047699 -0.01030141 -0.0103714  -0.01049825
 -0.01053487 -0.01032375 -0.01031673 -0.01051233 -0.01031116 -0.01028284
 -0.01036023 -0.01040653 -0.01050797 -0.01053577 -0.01027331 -0.01032758
 -0.01044708 -0.01045016 -0.01033855 -0.01046961 -0.01050964 -0.01042331
 -0.01031127 -0.01028148 -0.0102855  -0.01040511 -0.01051156 -0.0104061
 -0.01050549 -0.01026929 -0.01025402 -0.01041464 -0.01030972 -0.01033249
 -0.01046763 -0.01041056 -0.01046508 -0.01064245 -0.0101439  -0.01059124
 -0.01038569 -0.01026758 -0.01037021 -0.01039358 -0.01044276 -0.01038669
 -0.01049125 -0.01047957 -0.01036147 -0.01040366 -0.01041893 -0.01017052
 -0.0104061  -0.01043802 -0.01039947 -0.01031712 -0.01036929 -0.0104292
 -0.01044138 -0.01026578 -0.0103414  -0.01014271 -0.01063036 -0.01039537
 -0.01037417 -0.01043639 -0.0104154  -0.01055597 -0.01046689 -0.01049826
 -0.01051572 -0.01053309 -0.01040815 -0.01029565 -0.01036972 -0.01025552
 -0.01042287 -0.01035866 -0.01033453 -0.01061058 -0.01039093 -0.01054186
 -0.01035672 -0.01051101 -0.01064603 -0.01044797 -0.01054775 -0.01018054
 -0.01036977 -0.01025033 -0.01043114 -0.01044473 -0.01033652 -0.01066626
 -0.01035905 -0.01030634 -0.01038173 -0.01027271 -0.01036619 -0.01032114
 -0.01036271 -0.0104014  -0.010409   -0.01063133 -0.01041065 -0.01041127
 -0.01033261 -0.01031373 -0.010669   -0.01039141 -0.0103548  -0.01054247
 -0.01053739 -0.01032447 -0.01046772 -0.01026829 -0.01013523 -0.01035554
 -0.01030434 -0.01041545 -0.01045734 -0.01039394 -0.01041433 -0.01040853
 -0.01061511 -0.01042798 -0.01048197 -0.0103273  -0.01037348 -0.01034984
 -0.01050672 -0.01030204 -0.01053233 -0.01058013 -0.01056676 -0.01047592
 -0.01045234 -0.01055313 -0.01024959 -0.01023992 -0.01052802 -0.01032363
 -0.01045572 -0.01045198 -0.01043845 -0.01029012 -0.01038596 -0.01039509
 -0.01040577 -0.01034539 -0.01035301 -0.01022352 -0.01061561 -0.01049065
 -0.0104248  -0.01033279 -0.01046578 -0.01038389 -0.01040822 -0.0104137
 -0.01030576 -0.01044913 -0.01036195 -0.01053795 -0.0104708  -0.01039929
 -0.01040003 -0.01028081 -0.01039656 -0.01037386 -0.01037497 -0.01040089
 -0.01044043 -0.01047036 -0.01037265 -0.01048593 -0.01040734 -0.0104265
 -0.01041273 -0.01051248 -0.01025271 -0.01033305 -0.01042994 -0.01051578
 -0.01044219 -0.01032717 -0.01042584 -0.01049627 -0.01046087 -0.0104787
 -0.01054394 -0.01029103 -0.01044784 -0.01048124 -0.01041652 -0.01024163
 -0.01035323 -0.0105395  -0.01050042 -0.01028453 -0.01034034 -0.01034457
 -0.01059621 -0.01020669 -0.01041427 -0.010273   -0.0105158  -0.01035669
 -0.0105932  -0.01031281 -0.01039527 -0.01039364 -0.01049748 -0.01034565
 -0.0105626  -0.010474   -0.01045645 -0.01041169 -0.0104797  -0.01038856
 -0.01022658 -0.01038358 -0.01042729 -0.01030792 -0.01039975 -0.01041132
 -0.01030312 -0.01042871 -0.01043437 -0.01036841 -0.01051758 -0.01038042
 -0.01040741 -0.01033455 -0.01043747 -0.01041021 -0.01043702 -0.01028637
 -0.0106289  -0.01037718 -0.01047408 -0.01043082 -0.01032395 -0.01024924
 -0.01042432 -0.01048233 -0.01051214 -0.01051356 -0.01036238 -0.0102792
 -0.010502   -0.01029531 -0.01056186 -0.01032717 -0.01047201 -0.01035763
 -0.01046606 -0.01024715 -0.01040485 -0.01045106 -0.01051692 -0.01051356
 -0.01042503 -0.01039104 -0.010432   -0.01037665 -0.01040025 -0.01045702
 -0.010352   -0.01038914 -0.01069866 -0.01044381 -0.01037905 -0.01045484
 -0.01053875 -0.01041204 -0.01041882 -0.01046706 -0.0104416  -0.0103968
 -0.01031409 -0.01036864 -0.01030087 -0.01030385 -0.01044507 -0.01046533]"
Cornbread,"[""1 egg"", ""1 heaping Tbsp. Miracle Whip salad dressing"", ""1 1/2 c. self-rising corn meal"", ""1/2 c. self-rising flour"", ""3/4 c. buttermilk"", ""scant 1/4 c. oil""]","[""Heat oven to 450\u00b0."", ""Heat oil in cast-iron skillet."", ""Beat egg and Miracle Whip together in mixing bowl."", ""Add all other ingredients, plus hot oil."", ""Pour into hot skillet."", ""Bake until golden brown""]","[""buttermilk"", ""oil"", ""egg"", ""miracle"", ""flour"", ""meal""]","[-0.00972992 -0.00973328 -0.00976652 -0.0096514  -0.00969276 -0.00961902
 -0.00970707 -0.0095153  -0.00975256 -0.00981227 -0.00969956 -0.00967714
 -0.00954262 -0.0096354  -0.00982838 -0.00978901 -0.00963096 -0.00956196
 -0.00956446 -0.00963497 -0.00967739 -0.00983474 -0.00980415 -0.00978457
 -0.00962699 -0.00959761 -0.00974108 -0.00973306 -0.00973652 -0.00965381
 -0.00985903 -0.00976072 -0.0094496  -0.00964037 -0.00962267 -0.00984658
 -0.00969049 -0.00979659 -0.00985274 -0.0096405  -0.00976645 -0.0097334
 -0.00948726 -0.00985263 -0.00963778 -0.00970131 -0.00975974 -0.00967291
 -0.00985142 -0.00975389 -0.00980371 -0.00973129 -0.00969087 -0.00971214
 -0.00967967 -0.00962163 -0.00970367 -0.00959964 -0.00967947 -0.00969215
 -0.00969277 -0.00974263 -0.00966306 -0.00973826 -0.00976842 -0.00963968
 -0.00958456 -0.00959665 -0.00983758 -0.00965922 -0.00969923 -0.00976235
 -0.00979343 -0.00975425 -0.00956583 -0.00977896 -0.00962796 -0.00973613
 -0.00968402 -0.00967325 -0.00973274 -0.00977057 -0.00958852 -0.00964015
 -0.00978518 -0.00955362 -0.00979041 -0.00969995 -0.00976493 -0.00953142
 -0.00980711 -0.00963868 -0.0097358  -0.00962044 -0.00978687 -0.00978449
 -0.00984053 -0.00961122 -0.00966441 -0.00971755 -0.00981938 -0.00975051
 -0.00970836 -0.00948886 -0.00990865 -0.00972082 -0.00979995 -0.00978557
 -0.00957368 -0.00974532 -0.00960099 -0.00966459 -0.00952079 -0.00958333
 -0.00986578 -0.00947581 -0.00969903 -0.00965421 -0.00983801 -0.00976953
 -0.00971562 -0.00967049 -0.00967538 -0.00959559 -0.00963667 -0.00976453
 -0.00989076 -0.0096661  -0.00969636 -0.00977828 -0.00964996 -0.00968912
 -0.00965107 -0.0098039  -0.00974106 -0.00960072 -0.0096911  -0.00967545
 -0.00953435 -0.00983753 -0.00977566 -0.00949064 -0.00966235 -0.00985281
 -0.00975709 -0.00975878 -0.00978835 -0.00960228 -0.00975706 -0.00966629
 -0.00967865 -0.00943648 -0.00982811 -0.00988725 -0.00969993 -0.0096731
 -0.00985086 -0.00970784 -0.00971497 -0.00965418 -0.00963602 -0.00965781
 -0.00967007 -0.00977607 -0.00977213 -0.00969843 -0.00970624 -0.00954771
 -0.0097557  -0.00958616 -0.00968754 -0.00962721 -0.00933648 -0.00976845
 -0.00987362 -0.00963286 -0.00969809 -0.00972104 -0.00973606 -0.009531
 -0.00994722 -0.00966534 -0.00962896 -0.0098584  -0.00976112 -0.00969736
 -0.00962292 -0.00989638 -0.00948213 -0.00962678 -0.00987623 -0.00968595
 -0.00971487 -0.00976495 -0.00971461 -0.00974602 -0.00969507 -0.0097321
 -0.00959717 -0.00985591 -0.00957751 -0.00967854 -0.00957449 -0.00962004
 -0.0098109  -0.0096329  -0.0096267  -0.0098512  -0.00967229 -0.00975858
 -0.00980668 -0.00954589 -0.00947503 -0.00975454 -0.00965409 -0.00975232
 -0.00951471 -0.0097081  -0.00978918 -0.00972909 -0.00958386 -0.00975295
 -0.00983443 -0.00962708 -0.00982744 -0.00969324 -0.0096587  -0.00966948
 -0.00965574 -0.00962321 -0.00976877 -0.00984338 -0.00972769 -0.00968929
 -0.00992535 -0.00956463 -0.00965409 -0.00967979 -0.00967864 -0.00981643
 -0.00979796 -0.00968976 -0.00962138 -0.00964524 -0.00975593 -0.0096741
 -0.00971351 -0.00971295 -0.0096961  -0.00985454 -0.00955697 -0.00983992
 -0.00956827 -0.00974647 -0.00974833 -0.00976441 -0.00976444 -0.00977607
 -0.00959776 -0.00952788 -0.00969052 -0.0096718  -0.0093813  -0.00989346
 -0.0096645  -0.0095818  -0.00987976 -0.00980867 -0.00974231 -0.00976035
 -0.00977975 -0.00959063 -0.00966855 -0.00972925 -0.00977627 -0.00990795
 -0.00970135 -0.00965757 -0.00968151 -0.0098232  -0.00972249 -0.00967904
 -0.00994361 -0.00973015 -0.00969011 -0.009916   -0.00982868 -0.00987555
 -0.00983321 -0.00966078 -0.00966033 -0.00943588 -0.00970888 -0.00984474
 -0.00949194 -0.0096938  -0.00971059 -0.00954051 -0.00974046 -0.00980808
 -0.00961088 -0.00969446 -0.00984841 -0.00967384 -0.00961104 -0.00958339
 -0.00979781 -0.00981083 -0.01213773 -0.0098352  -0.00976892 -0.00979971
 -0.00966609 -0.00980078 -0.00981535 -0.00983351 -0.0096605  -0.00961381
 -0.00970899 -0.00974885 -0.0096602  -0.00971096 -0.00966718 -0.00984372
 -0.00977084 -0.00986203 -0.00985056 -0.00958373 -0.00971354 -0.00981882
 -0.0096136  -0.00968928 -0.00985088 -0.00968418 -0.0096574  -0.00969313
 -0.00994149 -0.00974875 -0.00975098 -0.00975573 -0.00966458 -0.00971572
 -0.00964858 -0.00980533 -0.00976615 -0.00983709 -0.00943428 -0.00950161
 -0.00952942 -0.00963918 -0.00968171 -0.00963647 -0.00959246 -0.00979143
 -0.00958143 -0.00987822 -0.00976793 -0.00956471 -0.00949924 -0.00966768
 -0.00972481 -0.00980873 -0.00974178 -0.00961366 -0.0094848  -0.00970191
 -0.00975825 -0.00993897 -0.00964372 -0.00976545 -0.00976728 -0.00960665
 -0.0099699  -0.00969886 -0.00983205 -0.00985082 -0.0096786  -0.00969071
 -0.0097776  -0.0099461  -0.00969068 -0.01004731 -0.00970838 -0.00968545
 -0.00985413 -0.00984647 -0.00968653 -0.00971106 -0.0096311  -0.00983113
 -0.00958942 -0.00959709 -0.00978636 -0.00969472 -0.00978068 -0.00992953
 -0.00992939 -0.00978089 -0.00956359 -0.00975393 -0.00965374 -0.00974947
 -0.00946375 -0.00958202 -0.00964633 -0.00972648 -0.00978324 -0.0097585
 -0.0098615  -0.00968687 -0.00964541 -0.00980598 -0.00955843 -0.00968942
 -0.00987433 -0.00971207 -0.00953272 -0.00975561 -0.00965429 -0.00973514
 -0.00963072 -0.00981493 -0.00988217 -0.00979789 -0.00960633 -0.00963747
 -0.00975488 -0.00959079 -0.00972382 -0.00969474 -0.00968078 -0.00976307
 -0.00971579 -0.00978733 -0.00966312 -0.00986152 -0.00967544 -0.00957251
 -0.00978283 -0.00978209 -0.00976299 -0.00971917 -0.0098014  -0.00973699
 -0.00988022 -0.00985806 -0.00981603 -0.00960781 -0.00962529 -0.00971396
 -0.00977212 -0.00967357 -0.00967546 -0.00949793 -0.00976167 -0.00974291
 -0.00973459 -0.0095738  -0.00964144 -0.00961106 -0.00963187 -0.00961969
 -0.00986579 -0.00997424 -0.00956807 -0.00974394 -0.00971434 -0.00971044
 -0.00970017 -0.00984264 -0.00967668 -0.00948275 -0.00966866 -0.00951472
 -0.00966443 -0.0096709  -0.00990477 -0.00958573 -0.00964185 -0.00980454
 -0.00980673 -0.0096272  -0.00979948 -0.00963056 -0.00968891 -0.00979778
 -0.00982366 -0.00976959 -0.00969441 -0.00974718 -0.00971888 -0.00968759
 -0.00958047 -0.00970571 -0.00979551 -0.0098036  -0.00955395 -0.00960216
 -0.00971633 -0.00973341 -0.00967567 -0.00980011 -0.00974278 -0.00982453
 -0.00965978 -0.0095683  -0.009587   -0.00971357 -0.00982711 -0.00991089
 -0.00978153 -0.00963242 -0.0096429  -0.00975822 -0.00960224 -0.00974375
 -0.00980908 -0.00983824 -0.00965095 -0.00991069 -0.00962706 -0.00981003
 -0.00975855 -0.00955978 -0.00963018 -0.00963651 -0.0096379  -0.00968701
 -0.00980845 -0.009838   -0.00969352 -0.0097684  -0.00966116 -0.00960348
 -0.00978832 -0.00979651 -0.00969749 -0.00971515 -0.00957796 -0.00960025
 -0.00973136 -0.00952309 -0.00968052 -0.00952134 -0.00995726 -0.00976604
 -0.00965049 -0.00960414 -0.00960611 -0.00987948 -0.00982002 -0.00967515
 -0.0098564  -0.0098186  -0.00978579 -0.00954769 -0.00951727 -0.00955932
 -0.00977265 -0.00970047 -0.00962331 -0.00984582 -0.00968129 -0.00998407
 -0.00981438 -0.00968798 -0.00988786 -0.00964487 -0.00979232 -0.00953127
 -0.00955988 -0.00954746 -0.00980875 -0.00977011 -0.00969113 -0.00976532
 -0.00956751 -0.00955222 -0.0097472  -0.00965171 -0.00953215 -0.00964186
 -0.00978728 -0.00970719 -0.00979014 -0.00994108 -0.00975925 -0.00970188
 -0.00968038 -0.00957171 -0.00990603 -0.0096894  -0.00972044 -0.0097691
 -0.00985094 -0.0097775  -0.00982903 -0.00976145 -0.0094684  -0.00964734
 -0.00969479 -0.00959023 -0.00975591 -0.00961717 -0.00974745 -0.00958077
 -0.00984087 -0.00969415 -0.00979791 -0.00969316 -0.00962433 -0.00988721
 -0.00978538 -0.00964263 -0.00971974 -0.00977787 -0.00986737 -0.00964643
 -0.00977538 -0.00981281 -0.00973646 -0.00951107 -0.00968872 -0.00967655
 -0.00966542 -0.00991314 -0.00977064 -0.00942944 -0.00961144 -0.00974794
 -0.00959694 -0.0096387  -0.00958015 -0.00957492 -0.00998601 -0.00970894
 -0.00963539 -0.00970445 -0.00981957 -0.00972223 -0.00977306 -0.00973365
 -0.00958248 -0.00974812 -0.00956921 -0.00980503 -0.00986208 -0.00970302
 -0.00962572 -0.00971091 -0.00985627 -0.00978162 -0.00959227 -0.00968148
 -0.00978398 -0.00983082 -0.00968009 -0.0097204  -0.00972267 -0.00977581
 -0.00976655 -0.00985219 -0.0095984  -0.00979914 -0.00972202 -0.00967534
 -0.00976315 -0.00969784 -0.0098216  -0.00962756 -0.00976071 -0.00983281
 -0.00963196 -0.00963134 -0.00981252 -0.00982521 -0.00985978 -0.00967289
 -0.00974337 -0.00986053 -0.00974664 -0.00945817 -0.00980693 -0.00957615
 -0.00983675 -0.00955513 -0.00982585 -0.00957482 -0.00986831 -0.00975725
 -0.0098204  -0.00971394 -0.00956198 -0.00977253 -0.00969222 -0.00975844
 -0.00988615 -0.00983615 -0.00973933 -0.00982594 -0.00983953 -0.00977352
 -0.00954389 -0.00977221 -0.00974707 -0.00974964 -0.00974441 -0.00961808
 -0.00961767 -0.00974299 -0.00967942 -0.00966138 -0.00981476 -0.00977118
 -0.00964129 -0.00969768 -0.00984456 -0.00965606 -0.00975633 -0.00961498
 -0.00983833 -0.00970919 -0.00987248 -0.00978762 -0.00964386 -0.00966917
 -0.00965484 -0.00989351 -0.00964721 -0.00968063 -0.00966422 -0.00963136
 -0.00973081 -0.00973636 -0.00983725 -0.00954677 -0.00982546 -0.00958996
 -0.00977388 -0.00958219 -0.0098286  -0.00978903 -0.00975969 -0.00972984
 -0.00971534 -0.0097897  -0.00971136 -0.00979365 -0.00955213 -0.00977733
 -0.00970131 -0.00968555 -0.00993816 -0.00974584 -0.00960633 -0.00954126
 -0.00986353 -0.00969688 -0.00960064 -0.00982926 -0.00975678 -0.00964642
 -0.00961529 -0.00974335 -0.0096916  -0.00967576 -0.00970296 -0.009762  ]"
Zucchini And Cheese Vegetable Dish,"[""1 very large onion (or more or less)"", ""1 can stewed tomatoes"", ""2 medium zucchini (about 2 x 9-inches long)"", ""salt"", ""garlic salt or powder"", ""Muenster cheese (small pack)""]","[""Cut up and dice onion."", ""Using some butter or margarine or water using a large frying pan, fry onions until soft."", ""Add stewed tomatoes and bring to a boil."", ""Peel zucchini and slice."", ""Add cut up zucchini to stewed tomato mixture."", ""Add to taste salt, garlic salt and/or garlic powder."", ""Bring to boil, then turn down to low and cover with lid until zucchini has cooked and has turned yellowish in color."", ""Add Muenster completely over the top of mixture and cover until melted.""]","[""tomatoes"", ""onion"", ""muenster"", ""garlic"", ""zucchini"", ""salt""]","[-0.01036628 -0.01045752 -0.01028123 -0.01029418 -0.01012551 -0.01031158
 -0.0103978  -0.01011411 -0.01046738 -0.01049232 -0.01033122 -0.01043352
 -0.01023349 -0.01012621 -0.0104916  -0.01034198 -0.01019278 -0.01035134
 -0.01032681 -0.01015658 -0.01013476 -0.01058545 -0.01054804 -0.01024878
 -0.01029908 -0.01035967 -0.0104364  -0.01028309 -0.01020226 -0.01038735
 -0.01039016 -0.01022133 -0.01010011 -0.01032545 -0.01020024 -0.01048936
 -0.01004351 -0.01025081 -0.01054144 -0.01019077 -0.01035526 -0.01044537
 -0.00997474 -0.01038746 -0.01016572 -0.01043359 -0.01030318 -0.01039667
 -0.01041186 -0.01030316 -0.01018661 -0.01033213 -0.01037071 -0.01036838
 -0.01032857 -0.01011999 -0.01032822 -0.01026285 -0.01031226 -0.01030496
 -0.01026429 -0.01017717 -0.01035775 -0.01056703 -0.01033277 -0.010309
 -0.0102433  -0.01015153 -0.01047623 -0.0101713  -0.0104504  -0.01026898
 -0.01046572 -0.0102482  -0.01027846 -0.01035384 -0.01035349 -0.01034174
 -0.01034977 -0.01050222 -0.01045223 -0.01040215 -0.01019722 -0.010215
 -0.01028293 -0.01014737 -0.01044248 -0.0103647  -0.01052027 -0.01010487
 -0.01038119 -0.01034594 -0.01015037 -0.01027531 -0.01041703 -0.01027774
 -0.01041737 -0.01024216 -0.01024466 -0.01024115 -0.01043602 -0.01023857
 -0.01028364 -0.0101195  -0.01044183 -0.01042349 -0.01046724 -0.0103179
 -0.01022093 -0.01021308 -0.01034899 -0.01041278 -0.01013307 -0.01033233
 -0.01069815 -0.01022901 -0.01040599 -0.01032671 -0.0105218  -0.010361
 -0.01022787 -0.01035731 -0.01036694 -0.01000255 -0.01030903 -0.01040381
 -0.01029962 -0.01025532 -0.01018796 -0.01045941 -0.01020533 -0.01021581
 -0.01040995 -0.01035077 -0.01041697 -0.01016836 -0.01024122 -0.01046709
 -0.01030355 -0.01043581 -0.01050527 -0.01028664 -0.0101877  -0.01037413
 -0.01031046 -0.01043211 -0.01045725 -0.01025027 -0.0103462  -0.01036058
 -0.01027447 -0.01021384 -0.01056706 -0.01050163 -0.0104181  -0.01024481
 -0.01042198 -0.01031353 -0.01040319 -0.01032173 -0.0101147  -0.01042597
 -0.01036466 -0.01031606 -0.01033901 -0.0102868  -0.01020015 -0.01008592
 -0.01043445 -0.01009431 -0.01043799 -0.01012998 -0.01003369 -0.01044672
 -0.01043602 -0.01030985 -0.0103786  -0.01027503 -0.01026925 -0.01024511
 -0.01064965 -0.01040117 -0.01024398 -0.01049239 -0.010253   -0.01049422
 -0.01024814 -0.01038765 -0.01026318 -0.010239   -0.01041694 -0.0103392
 -0.01047269 -0.01032337 -0.01014295 -0.0103287  -0.01035521 -0.01040824
 -0.01023333 -0.01045305 -0.01025435 -0.01027117 -0.01031262 -0.01022951
 -0.01045555 -0.01042832 -0.01028749 -0.01042293 -0.01028192 -0.01028252
 -0.01041446 -0.01018156 -0.01007512 -0.01040139 -0.01023512 -0.01034659
 -0.01040064 -0.01024502 -0.0105499  -0.01041339 -0.01032422 -0.0103075
 -0.01069142 -0.01010383 -0.01040696 -0.01019016 -0.0103947  -0.01032013
 -0.01032375 -0.01002774 -0.0103892  -0.0104936  -0.01016373 -0.01027275
 -0.01058327 -0.01027774 -0.01027955 -0.01026954 -0.01027995 -0.01065222
 -0.0104074  -0.0102895  -0.01026713 -0.01057239 -0.01034573 -0.01035475
 -0.01038006 -0.01028714 -0.01033    -0.01050295 -0.01019388 -0.01045436
 -0.01009625 -0.01051613 -0.01023022 -0.01040911 -0.01022156 -0.01043589
 -0.01028502 -0.01010022 -0.01025992 -0.01035381 -0.00998769 -0.01054705
 -0.01045624 -0.01024482 -0.01043723 -0.01031349 -0.01035856 -0.01037184
 -0.01027406 -0.01036096 -0.010594   -0.01013751 -0.01037584 -0.01058629
 -0.01029573 -0.01032131 -0.01039349 -0.01047545 -0.01021636 -0.01026722
 -0.01048499 -0.01015676 -0.0105508  -0.01049793 -0.01048136 -0.01042143
 -0.01055469 -0.01036686 -0.01020959 -0.01006789 -0.01054265 -0.01061658
 -0.01020556 -0.01032705 -0.01035041 -0.01029801 -0.0102148  -0.01060947
 -0.01017242 -0.01036671 -0.01019586 -0.01016461 -0.01059634 -0.01036542
 -0.01037863 -0.01047909 -0.01223302 -0.01044413 -0.01058628 -0.01029493
 -0.0102532  -0.01043517 -0.01038615 -0.01058452 -0.01036709 -0.0101963
 -0.01042097 -0.01050017 -0.01005913 -0.01019931 -0.01025881 -0.01043841
 -0.01030957 -0.01036805 -0.01035776 -0.01010582 -0.01016734 -0.01054734
 -0.01016988 -0.01028921 -0.01022908 -0.01026459 -0.01049445 -0.01023054
 -0.01055859 -0.01036536 -0.01037687 -0.01039444 -0.01044238 -0.01034196
 -0.01028876 -0.01037895 -0.0104282  -0.01048143 -0.01008847 -0.01021539
 -0.01023829 -0.01038823 -0.01038557 -0.01049112 -0.00994966 -0.01043339
 -0.01026993 -0.01055515 -0.01041476 -0.01015861 -0.01015246 -0.01029148
 -0.01031891 -0.01041292 -0.0102517  -0.01020994 -0.01017316 -0.01020386
 -0.01034912 -0.0105903  -0.01028171 -0.01036689 -0.01058958 -0.01039486
 -0.01039296 -0.01036189 -0.01044304 -0.01049202 -0.01033775 -0.01028401
 -0.01042131 -0.0104423  -0.01022203 -0.01066995 -0.01025502 -0.01037911
 -0.01053891 -0.01040131 -0.01030848 -0.01039768 -0.01034101 -0.01053285
 -0.01019299 -0.01027978 -0.01034488 -0.01033698 -0.01041549 -0.01064339
 -0.01067321 -0.01044279 -0.01012063 -0.01041062 -0.01020402 -0.01027303
 -0.01039956 -0.01016193 -0.01032296 -0.01043048 -0.01042099 -0.01052793
 -0.01045967 -0.01044167 -0.01009171 -0.01027839 -0.01028061 -0.01040247
 -0.01042259 -0.01044584 -0.01016324 -0.01032927 -0.01033138 -0.01050054
 -0.01018337 -0.01050302 -0.01050849 -0.01031008 -0.01020959 -0.01010904
 -0.01028443 -0.01031725 -0.01016699 -0.01028975 -0.0103977  -0.01053795
 -0.01044193 -0.01034093 -0.01036766 -0.01039202 -0.010239   -0.01025834
 -0.01041389 -0.01035384 -0.01038967 -0.01027227 -0.01030176 -0.01030889
 -0.0104339  -0.01059569 -0.01046241 -0.01024933 -0.01020148 -0.01033467
 -0.0104319  -0.01025484 -0.0105482  -0.01004968 -0.01029622 -0.01033616
 -0.01029362 -0.01031315 -0.01050815 -0.01026397 -0.01035516 -0.01032868
 -0.01045616 -0.01060737 -0.01023786 -0.01036048 -0.01039559 -0.01058787
 -0.01032578 -0.01042771 -0.01027161 -0.01014208 -0.0105984  -0.00992865
 -0.01041429 -0.01032582 -0.01040052 -0.01008167 -0.01046169 -0.01027711
 -0.01032624 -0.0101715  -0.01040759 -0.01037404 -0.01029467 -0.01037762
 -0.01058036 -0.01017896 -0.01022936 -0.01046697 -0.01031934 -0.01021302
 -0.01027718 -0.01031882 -0.01039421 -0.01044926 -0.01019194 -0.01033524
 -0.01043846 -0.01023328 -0.01026855 -0.01043156 -0.01025797 -0.01043241
 -0.0104009  -0.01027927 -0.01012612 -0.01043176 -0.01025234 -0.01044335
 -0.01039663 -0.01018481 -0.01020444 -0.01028041 -0.01017824 -0.01034275
 -0.01038781 -0.01034851 -0.01028698 -0.01061719 -0.01028836 -0.01055355
 -0.01026555 -0.01023137 -0.01018788 -0.01033728 -0.01033189 -0.01026179
 -0.01056203 -0.01040656 -0.01033308 -0.01027392 -0.0104908  -0.01026758
 -0.01021517 -0.01040432 -0.01042783 -0.01033623 -0.01023859 -0.01033924
 -0.01029526 -0.01026518 -0.01005393 -0.01008193 -0.01046698 -0.01057734
 -0.01019979 -0.0102161  -0.01029566 -0.01051466 -0.01036992 -0.01040578
 -0.0104499  -0.01031759 -0.01021859 -0.01015405 -0.01024724 -0.01023772
 -0.01038771 -0.01027203 -0.01034098 -0.01073695 -0.01034502 -0.01069527
 -0.01049637 -0.01025984 -0.01051289 -0.01032319 -0.01047128 -0.01023182
 -0.01029517 -0.01016424 -0.01028985 -0.01041264 -0.01031572 -0.01035623
 -0.01020887 -0.01016515 -0.01025082 -0.01040474 -0.01010046 -0.01036472
 -0.01026278 -0.01032389 -0.01043893 -0.01073577 -0.0101239  -0.01035858
 -0.01040902 -0.01028391 -0.0104737  -0.01034944 -0.01034284 -0.0105228
 -0.0104406  -0.01007139 -0.01050741 -0.01030564 -0.01017468 -0.01035083
 -0.01024774 -0.01031094 -0.01040727 -0.01015676 -0.01027343 -0.01026032
 -0.01044701 -0.01025166 -0.01053818 -0.01030939 -0.0103357  -0.01041756
 -0.01039956 -0.01009003 -0.01043789 -0.01048776 -0.01046516 -0.01034167
 -0.01028839 -0.01053506 -0.01013272 -0.01003646 -0.01039184 -0.01030169
 -0.01043671 -0.01038876 -0.01041015 -0.01010908 -0.01019153 -0.0104439
 -0.01026346 -0.01030968 -0.01022394 -0.01018951 -0.01066101 -0.01039063
 -0.01053706 -0.01029971 -0.01059312 -0.01032508 -0.0104768  -0.01040046
 -0.01023493 -0.01044887 -0.01041641 -0.01042013 -0.01040151 -0.01032359
 -0.01028915 -0.01031283 -0.01053058 -0.01033664 -0.01016337 -0.01024967
 -0.01044397 -0.01046697 -0.01023006 -0.01037494 -0.01039059 -0.01035432
 -0.01025545 -0.01035962 -0.01012587 -0.01043789 -0.01039486 -0.01038123
 -0.01030879 -0.01016935 -0.01026774 -0.01033081 -0.01034608 -0.01067957
 -0.01029455 -0.01007669 -0.01060866 -0.01064469 -0.01042696 -0.0101141
 -0.0102524  -0.01059063 -0.0104375  -0.01015474 -0.01036535 -0.01030219
 -0.01055322 -0.01005683 -0.01053352 -0.0102006  -0.01046316 -0.0103388
 -0.01059914 -0.01045578 -0.01029432 -0.01025096 -0.01052693 -0.01035231
 -0.01041764 -0.01029838 -0.01054841 -0.01027953 -0.01036288 -0.0104347
 -0.01027823 -0.01034652 -0.0103212  -0.01030242 -0.01020052 -0.01040385
 -0.0102327  -0.01034798 -0.01042378 -0.01034818 -0.01046495 -0.01033037
 -0.01031818 -0.01014486 -0.01062007 -0.01046552 -0.01044406 -0.01020021
 -0.01050476 -0.0103078  -0.01047822 -0.01038132 -0.01021233 -0.01033582
 -0.01037516 -0.01052343 -0.01022901 -0.01046584 -0.01021494 -0.01029514
 -0.0104756  -0.01051874 -0.01043419 -0.01022503 -0.01034136 -0.01027019
 -0.01046149 -0.01005547 -0.01042618 -0.01047325 -0.0104555  -0.01029431
 -0.01030556 -0.01034213 -0.01035406 -0.01049709 -0.01029685 -0.01030228
 -0.01027419 -0.01020702 -0.01032629 -0.01034524 -0.01021678 -0.01015199
 -0.01034183 -0.01041217 -0.01040329 -0.01029429 -0.01024753 -0.01021379
 -0.01025808 -0.01034268 -0.01027459 -0.01038696 -0.01034778 -0.01041175]"
Chinese Fried Rice,"[""1/2 c. diced chicken or ham"", ""1 c. mushrooms, drained"", ""4 c. cooked rice"", ""2 Tbsp. soy sauce"", ""2 Tbsp. cooking oil"", ""1 egg, beaten"", ""1 green onion, chopped""]","[""Brown meat in hot oil; add mushrooms, rice, onion and soy sauce."", ""Fry over low heat 10 minutes."", ""Stir-fry 5 minutes."", ""Add more soy sauce if desired.""]","[""egg"", ""soy sauce"", ""cooking oil"", ""mushrooms"", ""green onion"", ""rice"", ""chicken""]","[-0.00966593 -0.00958106 -0.00966784 -0.00950979 -0.00953764 -0.00960528
 -0.00958466 -0.00939604 -0.00966625 -0.00963066 -0.00957404 -0.00963421
 -0.00950944 -0.00962375 -0.00965839 -0.00966048 -0.00946761 -0.00963524
 -0.00952324 -0.00938794 -0.00956781 -0.00983404 -0.00966782 -0.00964092
 -0.00956723 -0.00959206 -0.00967032 -0.00951727 -0.00960835 -0.00969073
 -0.00971612 -0.00961379 -0.0092246  -0.00949304 -0.00941598 -0.00968246
 -0.00943434 -0.00959262 -0.00977042 -0.00951423 -0.00957728 -0.00958289
 -0.0094069  -0.00966433 -0.00947039 -0.00971916 -0.00957877 -0.00952335
 -0.00980733 -0.00958854 -0.00962807 -0.00954803 -0.00948836 -0.00959356
 -0.00944058 -0.00932187 -0.00968311 -0.00946295 -0.00963462 -0.00956347
 -0.00952796 -0.00951625 -0.00965568 -0.00962169 -0.0095277  -0.00952062
 -0.00952557 -0.00943358 -0.00972858 -0.00952993 -0.00961822 -0.00957617
 -0.00974716 -0.00952929 -0.00961301 -0.00962219 -0.00959099 -0.00954475
 -0.00963643 -0.00965423 -0.00966776 -0.00971233 -0.00950336 -0.00953461
 -0.00967265 -0.00942519 -0.00966809 -0.0095703  -0.00965441 -0.00951455
 -0.00966718 -0.00950459 -0.00950628 -0.00947063 -0.00966809 -0.00961194
 -0.00968765 -0.00945496 -0.00939048 -0.00951035 -0.00968617 -0.00962397
 -0.00950239 -0.00940773 -0.00973438 -0.00963827 -0.00967805 -0.00961039
 -0.00949423 -0.00949304 -0.00952851 -0.00958036 -0.00934011 -0.00960492
 -0.00982512 -0.00944484 -0.00966384 -0.00959252 -0.00975881 -0.00963
 -0.00960082 -0.00967668 -0.00960077 -0.00946534 -0.00958411 -0.0096282
 -0.00964333 -0.00951198 -0.00954458 -0.009543   -0.00948747 -0.00951602
 -0.00956147 -0.00951131 -0.00968716 -0.00956105 -0.00948605 -0.009543
 -0.00937895 -0.00975554 -0.00975144 -0.00942869 -0.0095353  -0.00972592
 -0.00964917 -0.00954483 -0.00968657 -0.00952945 -0.0095836  -0.00962699
 -0.00953133 -0.00935491 -0.00981016 -0.00959811 -0.00958948 -0.00958818
 -0.00963448 -0.00961944 -0.00965593 -0.00964812 -0.00947577 -0.00960098
 -0.00964155 -0.00966925 -0.00962499 -0.00947641 -0.00957247 -0.00928516
 -0.00969989 -0.00940655 -0.00963685 -0.00948289 -0.00924656 -0.00964785
 -0.00966688 -0.00958868 -0.00972918 -0.00948261 -0.00952154 -0.00940746
 -0.00983725 -0.0095995  -0.00945018 -0.00966419 -0.00955936 -0.00961459
 -0.00960421 -0.00970262 -0.00940544 -0.00943203 -0.00971838 -0.00957863
 -0.00976322 -0.00969256 -0.00950995 -0.00967869 -0.00958359 -0.00955785
 -0.00951785 -0.00966843 -0.00951763 -0.00952101 -0.00954932 -0.00945977
 -0.00984852 -0.00969906 -0.00954341 -0.00967262 -0.00936417 -0.00967301
 -0.00969292 -0.00958386 -0.00940454 -0.00970516 -0.00946956 -0.00952262
 -0.00951824 -0.00962769 -0.009614   -0.00964517 -0.00948617 -0.00963974
 -0.00984577 -0.00941022 -0.00966905 -0.00950188 -0.00956827 -0.00946576
 -0.00951637 -0.00937428 -0.0096411  -0.00967745 -0.00948675 -0.00957519
 -0.00975772 -0.00944602 -0.0095059  -0.00958126 -0.00945537 -0.00973264
 -0.00965862 -0.0096527  -0.00956507 -0.00979512 -0.0095587  -0.00966283
 -0.00972717 -0.00968174 -0.00952739 -0.00972808 -0.00941868 -0.00955576
 -0.00939847 -0.00971454 -0.00950101 -0.00967217 -0.00963254 -0.00962218
 -0.00948354 -0.00949343 -0.0096555  -0.00960765 -0.00935766 -0.00979879
 -0.00968302 -0.0094552  -0.00956612 -0.00957087 -0.00960576 -0.00958242
 -0.009616   -0.00960371 -0.00971501 -0.00950936 -0.00965674 -0.00980561
 -0.00959859 -0.00958256 -0.00964674 -0.00969119 -0.0095008  -0.00952661
 -0.00971544 -0.00956036 -0.00962287 -0.00982133 -0.00978308 -0.00965496
 -0.00961816 -0.00957433 -0.00954461 -0.00933536 -0.00979699 -0.00974242
 -0.00942092 -0.0096431  -0.00957926 -0.00943081 -0.00943477 -0.00983949
 -0.00943048 -0.00962756 -0.00963153 -0.00943299 -0.00961602 -0.00955663
 -0.00965501 -0.00969475 -0.01196365 -0.00970952 -0.00968214 -0.0095869
 -0.00946966 -0.00952448 -0.00977966 -0.00978988 -0.00958235 -0.0096331
 -0.00967722 -0.00963115 -0.00948417 -0.0096658  -0.00960313 -0.00961277
 -0.00946018 -0.00961741 -0.00964678 -0.009483   -0.00954557 -0.00965389
 -0.00952783 -0.00953117 -0.00963768 -0.00958297 -0.00958235 -0.00958792
 -0.00977068 -0.00955315 -0.00963223 -0.00963271 -0.00957168 -0.00952294
 -0.00951615 -0.00969084 -0.00973869 -0.00970823 -0.00935161 -0.0094509
 -0.00953207 -0.00968529 -0.0096353  -0.00970563 -0.00948459 -0.00976765
 -0.00939927 -0.00966821 -0.00965245 -0.00945369 -0.00939179 -0.00947471
 -0.00956601 -0.00967836 -0.00967147 -0.009445   -0.00936403 -0.00951903
 -0.0095941  -0.00974473 -0.00943542 -0.00949966 -0.00979855 -0.00957837
 -0.009732   -0.00959794 -0.00971041 -0.00970227 -0.0096168  -0.0094282
 -0.00977196 -0.00966063 -0.00955305 -0.00983534 -0.00953658 -0.00961146
 -0.00973781 -0.00964395 -0.00949749 -0.00950609 -0.00958235 -0.00966317
 -0.00940563 -0.00963072 -0.00957854 -0.00969077 -0.00977523 -0.00965396
 -0.00980816 -0.00963246 -0.00930178 -0.0096906  -0.00947372 -0.0094947
 -0.00945165 -0.00938851 -0.00951302 -0.00971665 -0.00963411 -0.00969668
 -0.00950568 -0.0096555  -0.00942906 -0.00967743 -0.00945558 -0.00960626
 -0.00962095 -0.00945429 -0.00934952 -0.00969271 -0.00966026 -0.00962581
 -0.00949458 -0.00962593 -0.00968622 -0.00959194 -0.00944408 -0.0095299
 -0.00954196 -0.00955715 -0.00948502 -0.00947016 -0.00960207 -0.00968196
 -0.00950094 -0.00963836 -0.00953744 -0.00958325 -0.00968707 -0.00950209
 -0.00953136 -0.0096512  -0.00971964 -0.00945349 -0.00959039 -0.00959131
 -0.00976264 -0.00975754 -0.0097605  -0.00962672 -0.00946511 -0.009619
 -0.00959959 -0.00952578 -0.00976356 -0.00933825 -0.0095621  -0.00962102
 -0.00950716 -0.00951116 -0.00951773 -0.00963397 -0.00956628 -0.00956658
 -0.00979614 -0.00985167 -0.00954911 -0.0096019  -0.00960017 -0.00974147
 -0.00956447 -0.00978144 -0.00957297 -0.00955569 -0.009767   -0.00943695
 -0.00947073 -0.00947965 -0.00969018 -0.00948755 -0.00957888 -0.00963969
 -0.00952581 -0.00953459 -0.00955272 -0.00953414 -0.00950238 -0.00962363
 -0.00979031 -0.00948214 -0.00956755 -0.00972149 -0.00966356 -0.00941097
 -0.00973511 -0.00959555 -0.00946922 -0.00971786 -0.00950962 -0.00953556
 -0.00968934 -0.00955177 -0.00945983 -0.00963085 -0.00951497 -0.00964837
 -0.00961933 -0.00942068 -0.00949175 -0.00951411 -0.00961168 -0.00962977
 -0.00966581 -0.00952151 -0.00950043 -0.00956236 -0.00944889 -0.00968426
 -0.0096392  -0.00984613 -0.00956652 -0.0097983  -0.00954691 -0.00977965
 -0.00962375 -0.00951541 -0.00955899 -0.00950413 -0.00957138 -0.00948298
 -0.00983958 -0.00963936 -0.00952181 -0.00967037 -0.00961897 -0.00958938
 -0.00954909 -0.00967276 -0.00969901 -0.00964635 -0.00952978 -0.00949413
 -0.0096213  -0.00946541 -0.00952488 -0.00936207 -0.00978589 -0.00971107
 -0.00942059 -0.00945775 -0.00949024 -0.00958383 -0.00966116 -0.00949954
 -0.00975273 -0.00975225 -0.00958474 -0.00950537 -0.00955083 -0.0094925
 -0.00957326 -0.00964725 -0.00949259 -0.00978816 -0.00971018 -0.00988263
 -0.00966652 -0.00953191 -0.00965158 -0.00967236 -0.00959519 -0.00945154
 -0.0094957  -0.00953833 -0.00953572 -0.00965434 -0.00963463 -0.00962774
 -0.00954598 -0.00942695 -0.00946062 -0.00957536 -0.00941931 -0.00965066
 -0.00955562 -0.00944792 -0.00971632 -0.00976873 -0.00955634 -0.00950119
 -0.00968873 -0.00960517 -0.00969103 -0.00965098 -0.0094808  -0.00964061
 -0.0097589  -0.00951667 -0.00972097 -0.00958412 -0.00939267 -0.00954324
 -0.00957529 -0.00947142 -0.00965117 -0.00951562 -0.00955366 -0.00946195
 -0.0098197  -0.00954721 -0.00968389 -0.00939756 -0.00952953 -0.00971742
 -0.00964404 -0.00945767 -0.00961068 -0.00969053 -0.00973136 -0.00947383
 -0.00951159 -0.00971952 -0.00952421 -0.00937839 -0.00941798 -0.00964824
 -0.00962925 -0.00953011 -0.00961422 -0.00926042 -0.00946121 -0.00970886
 -0.00941079 -0.00963369 -0.00954399 -0.00954118 -0.00980645 -0.00970756
 -0.00959477 -0.0095569  -0.00971487 -0.00958167 -0.00961732 -0.00967771
 -0.00938111 -0.00958752 -0.00960888 -0.00957453 -0.0097256  -0.00962132
 -0.00943511 -0.00968986 -0.00976776 -0.00964782 -0.00935962 -0.00953095
 -0.00968876 -0.00964266 -0.0095612  -0.00966181 -0.0094723  -0.00963495
 -0.00964238 -0.0096182  -0.00941667 -0.00963081 -0.0095983  -0.0095424
 -0.0095248  -0.00948897 -0.00961544 -0.00951858 -0.00971934 -0.00968554
 -0.00951717 -0.0094307  -0.0097186  -0.00979281 -0.00973949 -0.00942628
 -0.00959067 -0.00988903 -0.00972133 -0.00946745 -0.00957996 -0.00947376
 -0.00975086 -0.0093171  -0.00969134 -0.00942895 -0.00962176 -0.00967039
 -0.00969181 -0.00965832 -0.00961617 -0.00949824 -0.0097573  -0.00953161
 -0.00969156 -0.00969184 -0.00972955 -0.00959087 -0.00960712 -0.00972437
 -0.00948125 -0.00960566 -0.0096533  -0.00957421 -0.00956907 -0.00965044
 -0.0094778  -0.00959874 -0.00962059 -0.00945311 -0.00977996 -0.00967654
 -0.00957813 -0.00944306 -0.00981622 -0.00962219 -0.00960171 -0.00950187
 -0.00969745 -0.0095395  -0.00971662 -0.00966098 -0.00941173 -0.00962528
 -0.00950991 -0.00974109 -0.00962614 -0.00965233 -0.00951521 -0.00941886
 -0.00958979 -0.00969454 -0.00955152 -0.0094801  -0.00971907 -0.00962291
 -0.00983164 -0.00938191 -0.00967854 -0.00955335 -0.00964968 -0.00956848
 -0.00946482 -0.00948603 -0.00968784 -0.00977289 -0.00947924 -0.0095396
 -0.00965833 -0.00955472 -0.00964505 -0.00975946 -0.00944286 -0.00933062
 -0.00976142 -0.00960245 -0.00960219 -0.00966873 -0.00960884 -0.00954719
 -0.00956175 -0.00949339 -0.00965921 -0.00959274 -0.0096161  -0.00958818]"
Maye'S Venison And Gravy,"[""venison ham"", ""small pork roast"", ""cooking oil"", ""flour"", ""salt"", ""pepper"", ""1 jar brown gravy (optional)"", ""onion, chopped""]","[""Slice venison and"", ""pork into pieces about the size of the palm of your hand."", ""Remove all fat and sinew."", ""Wash meat well. Salt and pepper each slice and roll in flour. Fry in skillet in very hot oil until golden brown. Remove from skillet and put in large roasting pan with lid. Spread chopped onion on top of meat."", ""Pour excess oil out of skillet and use remaining drippings to make brown gravy."", ""Add a jar of gravy, if needed. Bake in a 300\u00b0 oven for 6 to 8 hours. Serve with rice.""]","[""pepper"", ""pork roast"", ""brown gravy"", ""cooking oil"", ""onion"", ""ham"", ""flour"", ""salt""]","[-0.01060646 -0.01053869 -0.01065042 -0.01048738 -0.01032507 -0.01042207
 -0.01052708 -0.01020196 -0.0107091  -0.01067981 -0.01048109 -0.01067908
 -0.01045051 -0.01035361 -0.01063772 -0.01041283 -0.01058982 -0.01052667
 -0.01051899 -0.01050397 -0.0103095  -0.01084982 -0.01067192 -0.01041376
 -0.01031551 -0.01046734 -0.01059113 -0.01063504 -0.01044742 -0.01063889
 -0.01048798 -0.01038726 -0.01032377 -0.01060913 -0.01058745 -0.01064633
 -0.01039141 -0.01056072 -0.01073804 -0.01031561 -0.01069885 -0.01070652
 -0.01028659 -0.01056913 -0.01047657 -0.01058168 -0.01043086 -0.01064318
 -0.01065415 -0.01070234 -0.01041957 -0.0106059  -0.01052698 -0.01066821
 -0.01056538 -0.01023083 -0.01056554 -0.01056523 -0.01059299 -0.01046228
 -0.01048007 -0.0105704  -0.01049414 -0.01073624 -0.01057493 -0.01052147
 -0.01048687 -0.01036652 -0.01075058 -0.01031329 -0.01067247 -0.0105012
 -0.01059994 -0.01052144 -0.01041272 -0.01059413 -0.01050235 -0.01049165
 -0.01059662 -0.01054698 -0.01067789 -0.01053403 -0.01047737 -0.01028144
 -0.01047909 -0.0104827  -0.0107752  -0.01059364 -0.01066107 -0.01019724
 -0.01066162 -0.01051642 -0.01042344 -0.01059621 -0.01063527 -0.01054847
 -0.01053079 -0.01044267 -0.01030857 -0.01035926 -0.0105741  -0.01039769
 -0.01037503 -0.01037746 -0.01095917 -0.01058807 -0.010532   -0.01061873
 -0.01054417 -0.01050511 -0.01048685 -0.01061344 -0.0104341  -0.01055708
 -0.01068613 -0.01042286 -0.01054004 -0.01067095 -0.0107155  -0.0105863
 -0.01049877 -0.0104848  -0.01055368 -0.0102516  -0.01056973 -0.0106967
 -0.01064566 -0.01037929 -0.01027952 -0.0107724  -0.01044126 -0.01044932
 -0.010429   -0.01072818 -0.01058394 -0.01033    -0.01046302 -0.01068586
 -0.01067632 -0.01064457 -0.01062844 -0.0106106  -0.01039757 -0.0104918
 -0.01050073 -0.01050119 -0.01055899 -0.01058796 -0.01051323 -0.01046705
 -0.01044586 -0.01033586 -0.0106429  -0.01060069 -0.01064421 -0.01059362
 -0.01071266 -0.01046271 -0.01050725 -0.0105004  -0.01031377 -0.0105398
 -0.01042481 -0.0104475  -0.01058809 -0.01062823 -0.01047113 -0.01038293
 -0.01065568 -0.0103582  -0.01063202 -0.01044564 -0.01011902 -0.0107128
 -0.01056158 -0.01046401 -0.01045592 -0.01045066 -0.01054336 -0.01047424
 -0.01085889 -0.01056415 -0.01035661 -0.01080817 -0.01049742 -0.01053576
 -0.01030749 -0.0108303  -0.01053694 -0.01041376 -0.01060574 -0.01061678
 -0.01070999 -0.01056109 -0.01038546 -0.01069142 -0.01060429 -0.01041008
 -0.01057434 -0.01073099 -0.01051306 -0.01047926 -0.01050496 -0.01050319
 -0.01056848 -0.01055897 -0.01046299 -0.01058462 -0.010577   -0.01048901
 -0.01068302 -0.01031878 -0.01022132 -0.01059129 -0.010603   -0.01051425
 -0.01046628 -0.01048764 -0.01074211 -0.01059292 -0.01056239 -0.01037346
 -0.01092935 -0.01034126 -0.01060679 -0.01036046 -0.01038319 -0.01064419
 -0.01058261 -0.01030968 -0.01053526 -0.01056    -0.01026336 -0.01049858
 -0.01064058 -0.0105207  -0.01053374 -0.01052272 -0.01048329 -0.01077894
 -0.01061844 -0.01046574 -0.01031074 -0.01061926 -0.01049819 -0.01044716
 -0.01043263 -0.0103753  -0.01056432 -0.01068612 -0.01040972 -0.01064726
 -0.01045144 -0.01073716 -0.0105816  -0.01060633 -0.01044293 -0.01064686
 -0.01047559 -0.01031578 -0.01032567 -0.01054358 -0.01032891 -0.01058788
 -0.01068258 -0.01059228 -0.01077441 -0.01062168 -0.01049788 -0.01058505
 -0.01040648 -0.01043552 -0.01065999 -0.0103326  -0.01069572 -0.01071081
 -0.01044191 -0.01061654 -0.01060811 -0.01074168 -0.01047858 -0.01043721
 -0.01081691 -0.0104905  -0.01079323 -0.01072888 -0.01050677 -0.01056597
 -0.01076334 -0.01058071 -0.0102268  -0.01024212 -0.0107257  -0.01080384
 -0.0104044  -0.01043999 -0.01049922 -0.01036916 -0.01040378 -0.01081213
 -0.01027832 -0.01061326 -0.01051989 -0.01041404 -0.01066611 -0.01055025
 -0.01049445 -0.01069539 -0.01201783 -0.01064531 -0.010694   -0.01057516
 -0.01035537 -0.01068653 -0.01068748 -0.01069025 -0.01061351 -0.01036918
 -0.01076911 -0.01079492 -0.0103219  -0.01050744 -0.01047159 -0.01074461
 -0.01050194 -0.01077246 -0.0104583  -0.01032935 -0.01047356 -0.01076878
 -0.01044008 -0.01055616 -0.01039942 -0.01043756 -0.01051483 -0.01041184
 -0.01078473 -0.01046767 -0.01062815 -0.01061184 -0.01060247 -0.01068118
 -0.0104386  -0.01060321 -0.01078724 -0.01069786 -0.01040391 -0.01053113
 -0.01056337 -0.01064204 -0.01071762 -0.0106799  -0.0101489  -0.01053923
 -0.01047044 -0.01083743 -0.01044442 -0.010418   -0.0104503  -0.01047469
 -0.01067139 -0.01062008 -0.01046459 -0.01044981 -0.01039626 -0.01050009
 -0.01059451 -0.01079398 -0.01032402 -0.01063086 -0.01067783 -0.0104041
 -0.01075394 -0.01065373 -0.01077739 -0.01063765 -0.01054725 -0.01059798
 -0.01051241 -0.0105035  -0.01051529 -0.01100267 -0.01060983 -0.01055651
 -0.01065373 -0.01058846 -0.01046616 -0.0105846  -0.01060891 -0.01077323
 -0.01047954 -0.0104858  -0.01063484 -0.01059954 -0.01068748 -0.01084603
 -0.01092985 -0.01071496 -0.01038215 -0.01055582 -0.01044428 -0.01045744
 -0.01047166 -0.01012142 -0.01050068 -0.01067691 -0.01059208 -0.01064599
 -0.01061308 -0.01068149 -0.01023729 -0.01057063 -0.01045245 -0.01053791
 -0.01065375 -0.01059989 -0.0104035  -0.01052754 -0.01046424 -0.01078551
 -0.01034358 -0.01069011 -0.01080265 -0.01047064 -0.01033749 -0.01033754
 -0.01057772 -0.01040711 -0.01047885 -0.01034153 -0.01055618 -0.01068474
 -0.01061026 -0.01052966 -0.01053208 -0.01059954 -0.01044962 -0.01045436
 -0.01070994 -0.01061092 -0.01051257 -0.01051845 -0.01049874 -0.01065473
 -0.01080776 -0.01070272 -0.01089606 -0.01035835 -0.01062881 -0.01039999
 -0.0105356  -0.01041114 -0.01073931 -0.01034821 -0.01035027 -0.01064136
 -0.01057171 -0.01044787 -0.0107543  -0.01060623 -0.01051492 -0.01061981
 -0.01057078 -0.01084837 -0.01035124 -0.01053682 -0.01055161 -0.01068997
 -0.01054662 -0.0105992  -0.01039254 -0.01032549 -0.01079006 -0.0102148
 -0.01068244 -0.01050516 -0.01069603 -0.01038613 -0.01072455 -0.01054928
 -0.01053583 -0.01035083 -0.01068364 -0.01042917 -0.01046939 -0.01058297
 -0.01078919 -0.01045095 -0.01051144 -0.01058961 -0.01070122 -0.01051849
 -0.01050688 -0.0106503  -0.01044939 -0.01065441 -0.01036268 -0.01063981
 -0.01068103 -0.01047749 -0.01044739 -0.01054206 -0.01062107 -0.01051561
 -0.01053184 -0.01065725 -0.0103187  -0.01058484 -0.01038118 -0.01068842
 -0.01066184 -0.01044264 -0.01036961 -0.01072071 -0.01035334 -0.01052607
 -0.01066    -0.01038953 -0.01062271 -0.01079464 -0.01050039 -0.0108143
 -0.01055259 -0.0104827  -0.0103686  -0.01050784 -0.01058629 -0.0104593
 -0.0106326  -0.0105494  -0.01054781 -0.01049096 -0.01075953 -0.01033579
 -0.01050185 -0.01046871 -0.01064691 -0.0104923  -0.01047582 -0.0107114
 -0.01051712 -0.01043963 -0.01044434 -0.01023971 -0.01061347 -0.01068077
 -0.01052365 -0.01045289 -0.01041634 -0.01070319 -0.01046031 -0.01062747
 -0.01057162 -0.01069609 -0.01050026 -0.01049557 -0.01039065 -0.01057253
 -0.0106676  -0.01038498 -0.01058628 -0.01073883 -0.01047949 -0.01072628
 -0.0107967  -0.01052825 -0.01080318 -0.01049963 -0.01069383 -0.01048009
 -0.01058556 -0.01025065 -0.01048217 -0.01060093 -0.0105153  -0.01053093
 -0.01049048 -0.01047176 -0.01071316 -0.01068172 -0.01037664 -0.01057036
 -0.0104972  -0.01056496 -0.01065621 -0.01084982 -0.01041848 -0.01079618
 -0.01052137 -0.01043043 -0.01062386 -0.01052605 -0.01056522 -0.01079262
 -0.01067841 -0.01034426 -0.01056767 -0.01049177 -0.0101217  -0.01054639
 -0.0104803  -0.01050683 -0.01070995 -0.01044537 -0.01036938 -0.01050573
 -0.01064837 -0.01054688 -0.01082426 -0.01055481 -0.01072579 -0.01051743
 -0.01066875 -0.01048984 -0.01066346 -0.0108916  -0.01064081 -0.01044869
 -0.01036685 -0.0108102  -0.01026878 -0.01015982 -0.01055212 -0.01064056
 -0.0105653  -0.01073271 -0.01070332 -0.01025253 -0.01055428 -0.01060149
 -0.0104228  -0.01062421 -0.01045261 -0.01039656 -0.01084391 -0.01060038
 -0.01071732 -0.01049373 -0.01091622 -0.01043449 -0.01055508 -0.01040926
 -0.01061124 -0.01069927 -0.01057069 -0.01066534 -0.01052735 -0.01056711
 -0.01058193 -0.01046865 -0.01052761 -0.01051985 -0.01024474 -0.01040889
 -0.01055966 -0.01067862 -0.01028512 -0.01073267 -0.01060901 -0.01056938
 -0.01050585 -0.01053703 -0.01028655 -0.0106414  -0.01068518 -0.01064477
 -0.01065994 -0.01027691 -0.01048325 -0.01070904 -0.01053083 -0.01096549
 -0.01060643 -0.01035176 -0.01060454 -0.01073978 -0.01063177 -0.01033673
 -0.01048923 -0.01074966 -0.01060185 -0.01043878 -0.01077428 -0.01044852
 -0.01075863 -0.01043164 -0.01062902 -0.01042507 -0.01064147 -0.01041737
 -0.01088193 -0.0105746  -0.01055264 -0.01062916 -0.0105149  -0.01045701
 -0.01069822 -0.01063556 -0.01058521 -0.01063246 -0.01055305 -0.01067636
 -0.01031596 -0.01056128 -0.01044163 -0.01048024 -0.0103439  -0.01061299
 -0.01052637 -0.01062503 -0.01060156 -0.01055932 -0.0106139  -0.01050849
 -0.01057359 -0.01041879 -0.01064393 -0.01057227 -0.01067886 -0.01033748
 -0.01090032 -0.01048171 -0.0106176  -0.01065278 -0.01043822 -0.01052429
 -0.0107061  -0.01056436 -0.01055207 -0.01062773 -0.01043736 -0.01036173
 -0.01068833 -0.01051202 -0.01073514 -0.01041809 -0.01045107 -0.01043356
 -0.01052672 -0.01028163 -0.01059661 -0.01079541 -0.0106056  -0.01039217
 -0.01077462 -0.01057428 -0.01067375 -0.01069721 -0.01054603 -0.01056435
 -0.01043237 -0.01032096 -0.01049811 -0.01054697 -0.01042158 -0.01048043
 -0.01066282 -0.0104724  -0.01061109 -0.01047362 -0.01051395 -0.01050105
 -0.01048525 -0.01060916 -0.01053142 -0.01042528 -0.01044731 -0.01062069]"
Banana Split Dessert,"[""2 eggs"", ""3/4 c. margarine"", ""2 c. powdered sugar"", ""9-inch graham cracker pie crust"", ""20 oz. can crushed pineapple, drained"", ""3 bananas, sliced"", ""4 1/2 oz. carton Cool Whip, thawed"", ""1/4 c. chopped nuts"", ""1/4 c. maraschino cherries, chopped""]","[""Combine eggs, butter and powdered sugar; beat with mixer on high for 10 minutes."", ""Pour mixture into crust."", ""Place bananas over top of mixture and top with pineapple, Cool Whip, nuts and cherries."", ""Chill before serving.""]","[""eggs"", ""powdered sugar"", ""bananas"", ""maraschino cherries"", ""nuts"", ""margarine"", ""graham cracker pie crust"", ""pineapple""]","[-0.01025988 -0.01028815 -0.01023481 -0.01008451 -0.01020491 -0.01003862
 -0.01013386 -0.01001683 -0.01026414 -0.01016152 -0.01013576 -0.0101372
 -0.01002367 -0.01016737 -0.01020332 -0.01023139 -0.01015638 -0.01002191
 -0.0101031  -0.01014997 -0.01015609 -0.01036147 -0.01029409 -0.01023953
 -0.01006299 -0.0100926  -0.01026075 -0.01017886 -0.01017622 -0.01013093
 -0.01025106 -0.01019219 -0.00985476 -0.01018053 -0.0100474  -0.01030244
 -0.01014166 -0.01019959 -0.01029715 -0.01010061 -0.01011748 -0.01021672
 -0.01000916 -0.01026249 -0.01016615 -0.01016993 -0.01027199 -0.01008707
 -0.01034867 -0.01020958 -0.01014932 -0.01018947 -0.01022889 -0.01017743
 -0.01022362 -0.01013258 -0.01005277 -0.01009109 -0.01010618 -0.01024357
 -0.0101278  -0.01021573 -0.01014327 -0.01020264 -0.0102411  -0.01019826
 -0.01003827 -0.01001964 -0.01030774 -0.01014274 -0.01017732 -0.01021518
 -0.01016133 -0.01027473 -0.01007788 -0.01025209 -0.01008876 -0.01013251
 -0.01010065 -0.01011652 -0.01021102 -0.01018675 -0.01000819 -0.01008714
 -0.01027198 -0.01012264 -0.01018797 -0.01023894 -0.01030618 -0.00997484
 -0.01034805 -0.0100899  -0.01008547 -0.01014333 -0.01017393 -0.01020902
 -0.01036247 -0.01003922 -0.01001536 -0.01013676 -0.01029178 -0.01025342
 -0.01019537 -0.00999331 -0.01032011 -0.01014814 -0.01027575 -0.01021954
 -0.0100115  -0.0102507  -0.01008149 -0.01021643 -0.00997616 -0.01005784
 -0.01037688 -0.009978   -0.01013236 -0.01011729 -0.0102096  -0.01019254
 -0.01028958 -0.01016732 -0.01015804 -0.01003639 -0.01000447 -0.01018589
 -0.01029956 -0.01024968 -0.01015248 -0.0102034  -0.01015841 -0.01022089
 -0.01014605 -0.01015528 -0.01020527 -0.01017143 -0.01012053 -0.01009454
 -0.010018   -0.01033178 -0.01031925 -0.0099836  -0.01017598 -0.01032115
 -0.01012507 -0.0101305  -0.01021769 -0.01003095 -0.01013942 -0.01014761
 -0.01017687 -0.00993713 -0.01034336 -0.01036452 -0.01009993 -0.00995609
 -0.01024932 -0.01018166 -0.01029786 -0.01014446 -0.01003113 -0.01004264
 -0.01021452 -0.01013279 -0.01022098 -0.01011465 -0.01021845 -0.01004373
 -0.0101547  -0.01009771 -0.01022011 -0.01013503 -0.00991577 -0.01007767
 -0.01022259 -0.01008529 -0.01010306 -0.01008114 -0.01013422 -0.01011355
 -0.01037908 -0.01015689 -0.01010555 -0.01027595 -0.01021218 -0.0101476
 -0.01006807 -0.01024301 -0.0100021  -0.00997143 -0.01025276 -0.01019492
 -0.01017277 -0.01020018 -0.01017185 -0.01023185 -0.01029225 -0.01024837
 -0.00999469 -0.01023349 -0.01010328 -0.01003779 -0.00994712 -0.0101055
 -0.01030562 -0.0101637  -0.01011087 -0.010244   -0.01020941 -0.01023374
 -0.0102726  -0.01007804 -0.00990427 -0.0102701  -0.01003743 -0.01008291
 -0.01006696 -0.0101443  -0.01021211 -0.01028804 -0.0101163  -0.01012199
 -0.01025695 -0.01018785 -0.01021018 -0.01004054 -0.01011764 -0.01006846
 -0.01005707 -0.01007317 -0.0103008  -0.01021317 -0.0101874  -0.01008223
 -0.01024477 -0.01001089 -0.01008116 -0.01018826 -0.01010598 -0.01029062
 -0.01028527 -0.01013482 -0.01016415 -0.01018951 -0.01021434 -0.01024458
 -0.01012328 -0.01018821 -0.01006717 -0.01022004 -0.01014917 -0.01017556
 -0.01011041 -0.01018733 -0.0101692  -0.01018522 -0.01018972 -0.01020701
 -0.01003091 -0.0101237  -0.01017289 -0.01015271 -0.00994375 -0.01028993
 -0.01015536 -0.01008208 -0.01042873 -0.01020697 -0.01010373 -0.01023112
 -0.01022976 -0.01016716 -0.01016704 -0.0102051  -0.01018021 -0.01035414
 -0.01018709 -0.01008371 -0.01014384 -0.01026117 -0.01020689 -0.01017784
 -0.01033391 -0.01018975 -0.01011722 -0.01037511 -0.01026472 -0.01026952
 -0.0103138  -0.01022093 -0.01009472 -0.00993034 -0.01021144 -0.01027075
 -0.01002372 -0.01021295 -0.01016382 -0.01000536 -0.01018592 -0.01014368
 -0.00999097 -0.01008207 -0.01024017 -0.01020461 -0.0100193  -0.01009008
 -0.01017963 -0.01021355 -0.01271776 -0.01027424 -0.01020599 -0.01019653
 -0.01017918 -0.0102591  -0.01022666 -0.01035847 -0.01021366 -0.01017142
 -0.01022168 -0.01015132 -0.01016159 -0.01016491 -0.0101771  -0.01027726
 -0.01018761 -0.0102951  -0.01019977 -0.01003753 -0.01026535 -0.01027777
 -0.01013093 -0.01019717 -0.01034296 -0.01007989 -0.01015205 -0.01015052
 -0.01033616 -0.01017065 -0.01023227 -0.01021311 -0.01020083 -0.01017207
 -0.01017296 -0.01026011 -0.01018305 -0.01029441 -0.01000394 -0.00992076
 -0.01002666 -0.01014156 -0.01013283 -0.01014927 -0.01005921 -0.0102781
 -0.01004386 -0.01035514 -0.01022567 -0.01002073 -0.00989007 -0.01012652
 -0.01009634 -0.01024701 -0.01010463 -0.009973   -0.0100286  -0.01005675
 -0.01015137 -0.01040039 -0.01007871 -0.01020439 -0.01020189 -0.01015621
 -0.0102161  -0.01015332 -0.0101991  -0.01022912 -0.0101428  -0.01015121
 -0.01024026 -0.01039111 -0.01016768 -0.01046864 -0.01027967 -0.01015141
 -0.01029782 -0.01026249 -0.01012347 -0.01017499 -0.01018202 -0.01019558
 -0.01006459 -0.01010029 -0.01018678 -0.0102158  -0.0101825  -0.0102511
 -0.0103697  -0.01009164 -0.01013043 -0.01013651 -0.01015795 -0.0101507
 -0.01004942 -0.00994275 -0.01017153 -0.01018768 -0.01029135 -0.01023426
 -0.01026692 -0.01029311 -0.01015497 -0.01024264 -0.01012689 -0.01014938
 -0.01027491 -0.01015486 -0.01010825 -0.01027383 -0.01012923 -0.01017414
 -0.01009533 -0.01021075 -0.01025184 -0.0101643  -0.01019974 -0.01018222
 -0.0101247  -0.01010918 -0.01021284 -0.01012619 -0.01018069 -0.01023449
 -0.01019258 -0.01016831 -0.01022145 -0.01034517 -0.01008011 -0.00998439
 -0.01024674 -0.01022989 -0.0102378  -0.01011596 -0.01006439 -0.0101815
 -0.01034251 -0.01024797 -0.01023309 -0.01011258 -0.01013859 -0.01016059
 -0.01020915 -0.01012719 -0.01022295 -0.0099958  -0.01026472 -0.01026959
 -0.01013417 -0.01004562 -0.01008873 -0.0102047  -0.01006316 -0.01016075
 -0.0102651  -0.01026985 -0.010093   -0.01025415 -0.01020251 -0.01013895
 -0.01005384 -0.0104381  -0.01016755 -0.0100538  -0.01018979 -0.00994161
 -0.01016657 -0.01016338 -0.01034934 -0.01013217 -0.01024463 -0.01024872
 -0.01021712 -0.01003198 -0.01016985 -0.01012169 -0.01001892 -0.0103298
 -0.01018337 -0.01009932 -0.01017262 -0.01026799 -0.01003547 -0.01002351
 -0.0101224  -0.01025855 -0.01029876 -0.0101065  -0.01005212 -0.01007098
 -0.01019457 -0.01016913 -0.01005079 -0.01021672 -0.01027314 -0.01030451
 -0.01021258 -0.00997597 -0.01006045 -0.01015649 -0.01023841 -0.01028963
 -0.01024741 -0.01007507 -0.0099768  -0.01013954 -0.0100207  -0.01019454
 -0.01026383 -0.01030628 -0.01007012 -0.01036452 -0.01010845 -0.01031116
 -0.01016843 -0.01006711 -0.01021633 -0.01007497 -0.01017024 -0.01016078
 -0.01026181 -0.01024071 -0.01024396 -0.01025565 -0.01017087 -0.00999037
 -0.01018238 -0.01024327 -0.01009558 -0.01000934 -0.01001701 -0.01015129
 -0.01031006 -0.01002106 -0.01006531 -0.01001932 -0.01045019 -0.01020601
 -0.01011389 -0.01017314 -0.01015369 -0.01034486 -0.01030275 -0.01014613
 -0.01031329 -0.01022172 -0.01013161 -0.01008595 -0.01007971 -0.01006745
 -0.01029128 -0.01017318 -0.01014096 -0.01037476 -0.01012826 -0.01041114
 -0.01030466 -0.01024954 -0.01035118 -0.01014744 -0.01026286 -0.01001433
 -0.01014768 -0.01000172 -0.010237   -0.01021192 -0.01011562 -0.0102094
 -0.01013499 -0.00993403 -0.0100496  -0.01013241 -0.01002483 -0.01012183
 -0.01024292 -0.01012663 -0.01025556 -0.01037457 -0.01022342 -0.01011785
 -0.01016943 -0.01011776 -0.01039046 -0.01013057 -0.01011895 -0.01026122
 -0.01031843 -0.01015098 -0.01024114 -0.01008277 -0.01015124 -0.01011038
 -0.0101044  -0.01017222 -0.01025493 -0.01012839 -0.01017233 -0.01011076
 -0.01040277 -0.01014131 -0.01022977 -0.01006024 -0.01005314 -0.01021209
 -0.01029466 -0.01016565 -0.01032313 -0.0101782  -0.0103035  -0.01007115
 -0.01017246 -0.01020446 -0.01015195 -0.01003701 -0.01014698 -0.01011058
 -0.01008189 -0.01032457 -0.01019774 -0.0100289  -0.01016622 -0.01022639
 -0.01011938 -0.01016447 -0.01019502 -0.01016199 -0.01025001 -0.0101708
 -0.0102018  -0.01009483 -0.0101361  -0.01014085 -0.01018579 -0.01020818
 -0.01000683 -0.01014745 -0.01019968 -0.01028432 -0.01024608 -0.01014254
 -0.01010031 -0.01012227 -0.01034834 -0.0101684  -0.01008037 -0.01019842
 -0.01009864 -0.01030461 -0.0101456  -0.01014429 -0.01015003 -0.01019017
 -0.01023667 -0.01032955 -0.00995692 -0.01017549 -0.01019244 -0.01018396
 -0.0101844  -0.01020464 -0.01026574 -0.01011284 -0.01020252 -0.01017102
 -0.01020288 -0.0100823  -0.01030832 -0.01015391 -0.01019508 -0.01005171
 -0.01020251 -0.01040911 -0.01019931 -0.00996345 -0.01017702 -0.01011363
 -0.01035279 -0.00995788 -0.01024924 -0.01004191 -0.01029693 -0.01015657
 -0.01034998 -0.01011903 -0.01009529 -0.01013809 -0.01015434 -0.01013017
 -0.01031652 -0.01022905 -0.01021344 -0.01026037 -0.01020021 -0.01024715
 -0.01008206 -0.01018915 -0.01025503 -0.01019453 -0.01014945 -0.0101807
 -0.01006869 -0.01018373 -0.01024944 -0.0101613  -0.01029804 -0.01020137
 -0.01019052 -0.01019195 -0.01031474 -0.01023219 -0.01011799 -0.01011094
 -0.01034086 -0.01004788 -0.01027885 -0.01020852 -0.01004771 -0.01011743
 -0.01014263 -0.01043743 -0.01018621 -0.01018705 -0.01007713 -0.01014249
 -0.01018693 -0.01017672 -0.0103435  -0.01015946 -0.01023212 -0.01014638
 -0.01029226 -0.00999802 -0.01015804 -0.01028025 -0.01015422 -0.0102885
 -0.01012185 -0.01010779 -0.01023441 -0.01024257 -0.01010487 -0.010213
 -0.01018746 -0.01024497 -0.01039873 -0.01025301 -0.01009642 -0.01008591
 -0.01033018 -0.01032477 -0.01011893 -0.01022678 -0.01011851 -0.01010609
 -0.01012455 -0.01014561 -0.01009977 -0.01007998 -0.0101882  -0.01018575]"
Broccoli Casserole,"[""1 lb. Velveeta cheese, cubed in small pieces"", ""4 boxes frozen chopped broccoli"", ""2 sticks butter"", ""8 oz. Ritz crackers"", ""salt"", ""pepper""]","[""Add cheese and 1 stick butter to hot, cooked and well-drained broccoli."", ""Salt and pepper to taste."", ""Crush the Ritz crackers and mix with 1 stick melted butter."", ""Spread over top of broccoli and bake for 1 hour at 350\u00b0.""]","[""velveeta cheese"", ""pepper"", ""crackers"", ""broccoli"", ""butter"", ""salt""]","[-0.00957143 -0.0096531  -0.00947032 -0.00941133 -0.0093218  -0.00942293
 -0.0095831  -0.00923828 -0.00971864 -0.00965375 -0.00945544 -0.00952695
 -0.00947746 -0.00940548 -0.00948526 -0.00955835 -0.00946435 -0.00949753
 -0.00947211 -0.00945515 -0.00927141 -0.00972893 -0.0097592  -0.00946387
 -0.00936199 -0.00957599 -0.00961539 -0.00952322 -0.00934128 -0.00955994
 -0.0094094  -0.00946361 -0.00926759 -0.00945525 -0.00936723 -0.00948405
 -0.00925083 -0.00958364 -0.00971015 -0.00939726 -0.00957764 -0.00937823
 -0.00922443 -0.0095619  -0.00938145 -0.00951441 -0.00943196 -0.00950008
 -0.00961214 -0.00952942 -0.00948515 -0.00961145 -0.00961854 -0.00964676
 -0.00943387 -0.00935662 -0.00944758 -0.00942238 -0.00958995 -0.00945278
 -0.00957546 -0.00942033 -0.00955267 -0.00964502 -0.00944989 -0.00947211
 -0.00940829 -0.00940023 -0.00972315 -0.00927868 -0.00955946 -0.00949256
 -0.00958697 -0.00943686 -0.00939107 -0.00954132 -0.00952356 -0.0094789
 -0.00948159 -0.00946858 -0.00961495 -0.00962627 -0.00941265 -0.00952474
 -0.00957011 -0.00920797 -0.00970672 -0.0094868  -0.00965235 -0.0093559
 -0.0096544  -0.00941206 -0.00941987 -0.00951821 -0.00942338 -0.00945979
 -0.00955042 -0.00940549 -0.00932124 -0.00936117 -0.00977111 -0.00938864
 -0.00938158 -0.00934682 -0.00973576 -0.00949107 -0.0097371  -0.00955674
 -0.00944243 -0.00933848 -0.00936277 -0.00937635 -0.00931961 -0.00944712
 -0.00980686 -0.0093316  -0.00951545 -0.00954066 -0.00957178 -0.00958164
 -0.00947827 -0.00953245 -0.00965334 -0.00923728 -0.00957156 -0.00959443
 -0.00956816 -0.00947899 -0.00930604 -0.00971753 -0.00950664 -0.00937001
 -0.00962071 -0.00957044 -0.00963552 -0.00943029 -0.00942626 -0.00962298
 -0.00945422 -0.00983697 -0.00980261 -0.00943358 -0.00941913 -0.00948156
 -0.00959994 -0.0094692  -0.00951519 -0.00934168 -0.00929087 -0.00956958
 -0.00940152 -0.00926765 -0.00978593 -0.00967387 -0.00959299 -0.00950068
 -0.00960231 -0.00951533 -0.00943246 -0.00955127 -0.00921459 -0.0096037
 -0.0094042  -0.00956898 -0.00949325 -0.00946647 -0.00934515 -0.00931773
 -0.00955764 -0.00916981 -0.00958033 -0.00952066 -0.00913714 -0.00960134
 -0.0096158  -0.00946866 -0.00946981 -0.00946534 -0.00939002 -0.0094096
 -0.00978153 -0.00952495 -0.00927344 -0.00974208 -0.00938738 -0.00952772
 -0.00943807 -0.00971987 -0.00925659 -0.00928651 -0.00956396 -0.00950419
 -0.00961961 -0.00954577 -0.00936727 -0.00962633 -0.00952089 -0.00947168
 -0.00938175 -0.00970328 -0.00953037 -0.00937197 -0.00940864 -0.00953717
 -0.00968025 -0.00943866 -0.00952838 -0.00967287 -0.00934408 -0.00953903
 -0.00961116 -0.00942361 -0.00921113 -0.00964983 -0.00942247 -0.00953472
 -0.00943001 -0.00935377 -0.00953864 -0.00953677 -0.0093918  -0.00954269
 -0.00977704 -0.00928493 -0.00964489 -0.00948025 -0.00954669 -0.00949425
 -0.00955123 -0.00924537 -0.00947334 -0.00961103 -0.00935669 -0.00947125
 -0.00976648 -0.00937928 -0.00948316 -0.00944217 -0.00935714 -0.00974569
 -0.00942583 -0.00949341 -0.0094512  -0.0096539  -0.00955804 -0.00957695
 -0.00952261 -0.00940707 -0.00937252 -0.00962765 -0.00942884 -0.00948423
 -0.00931816 -0.00973097 -0.00948748 -0.00964949 -0.00943045 -0.00956253
 -0.00942843 -0.0092359  -0.00930504 -0.00947045 -0.00927267 -0.0096114
 -0.00950579 -0.00931839 -0.00966159 -0.00955593 -0.00952042 -0.00954264
 -0.00962079 -0.00950518 -0.00965499 -0.00952945 -0.00962194 -0.0097441
 -0.00955338 -0.00955242 -0.00956527 -0.00968213 -0.00950257 -0.0093582
 -0.00967881 -0.00934415 -0.00970124 -0.00976853 -0.00949701 -0.00972804
 -0.00973787 -0.00953209 -0.00944189 -0.0093665  -0.00974113 -0.00960565
 -0.00936066 -0.00966853 -0.0094038  -0.0093793  -0.00943934 -0.00975736
 -0.00921589 -0.00951943 -0.00942401 -0.00938699 -0.00954572 -0.00937217
 -0.00950624 -0.0095554  -0.01130944 -0.00967336 -0.00965013 -0.00943649
 -0.00944437 -0.00965829 -0.00967152 -0.00986396 -0.00949757 -0.0094807
 -0.00956117 -0.00967476 -0.00929452 -0.0094881  -0.00958427 -0.00957071
 -0.00951898 -0.00961137 -0.00960022 -0.00933371 -0.00932437 -0.00967706
 -0.00942506 -0.0093256  -0.00961921 -0.00950116 -0.00966638 -0.00946828
 -0.00985288 -0.00949757 -0.00961467 -0.00955686 -0.00953887 -0.00964417
 -0.0094317  -0.0095718  -0.00972533 -0.00961063 -0.00927026 -0.00943724
 -0.00951794 -0.00957153 -0.00958711 -0.00968063 -0.00925404 -0.00950927
 -0.00932392 -0.00967412 -0.00960393 -0.00934278 -0.00932679 -0.00945733
 -0.00949957 -0.00960021 -0.00944976 -0.00940716 -0.00924215 -0.00949535
 -0.00943193 -0.00969499 -0.00945372 -0.009403   -0.00957935 -0.00953839
 -0.00979088 -0.00954717 -0.00965569 -0.00952168 -0.00951984 -0.00947756
 -0.00958976 -0.00955151 -0.00938052 -0.00981118 -0.00945097 -0.00963284
 -0.00970916 -0.00952357 -0.00954595 -0.00944233 -0.00950137 -0.00963468
 -0.00930962 -0.00951845 -0.00952455 -0.00941825 -0.00951987 -0.00978882
 -0.00983234 -0.00969124 -0.00924181 -0.00967186 -0.00937339 -0.00944764
 -0.00942181 -0.00925664 -0.00941618 -0.00955901 -0.00959577 -0.00955343
 -0.00967285 -0.00961459 -0.00923319 -0.00965727 -0.00943239 -0.00958398
 -0.00962458 -0.00948786 -0.00935057 -0.00952173 -0.00932882 -0.00962349
 -0.00952544 -0.0096377  -0.00953289 -0.00951591 -0.00938682 -0.00936929
 -0.00937624 -0.00943008 -0.00940321 -0.00949842 -0.00949824 -0.00953993
 -0.00958427 -0.00961512 -0.00961859 -0.00951757 -0.00944923 -0.00926975
 -0.00967758 -0.0095165  -0.00957626 -0.00944321 -0.00956462 -0.00962043
 -0.0096483  -0.00961182 -0.00966347 -0.00944454 -0.00951807 -0.009398
 -0.00955162 -0.009499   -0.00973385 -0.00923289 -0.00943098 -0.00950266
 -0.00947153 -0.00933821 -0.00940272 -0.00948573 -0.00949649 -0.00953367
 -0.00970071 -0.00981771 -0.00934163 -0.00940673 -0.00953844 -0.00975241
 -0.00933911 -0.00957288 -0.00933735 -0.00937302 -0.00964026 -0.00921212
 -0.00951424 -0.0095518  -0.00963464 -0.00936136 -0.00963381 -0.0095994
 -0.00956106 -0.00947693 -0.00963201 -0.00944675 -0.00941784 -0.00957364
 -0.00974625 -0.00938175 -0.00947661 -0.00965494 -0.00942613 -0.00933845
 -0.00958423 -0.00974085 -0.00947473 -0.00970362 -0.00938384 -0.00944949
 -0.00961493 -0.00948559 -0.00937568 -0.00955884 -0.00952093 -0.00950351
 -0.0094351  -0.00947691 -0.00933934 -0.00964312 -0.0095615  -0.00954715
 -0.00959764 -0.00933608 -0.00931798 -0.00955354 -0.00930775 -0.00951248
 -0.00955298 -0.00951611 -0.0094725  -0.00977918 -0.00935131 -0.00976304
 -0.00949514 -0.00933689 -0.00950885 -0.00949301 -0.00961934 -0.00941887
 -0.00960074 -0.00960027 -0.00935561 -0.00950595 -0.00954113 -0.00931818
 -0.00939822 -0.00939405 -0.00959055 -0.00951684 -0.00942867 -0.00942976
 -0.00949357 -0.00935764 -0.00939143 -0.009306   -0.00967238 -0.00965566
 -0.00946113 -0.0094186  -0.00941047 -0.00968098 -0.00949178 -0.00945793
 -0.00958976 -0.00963317 -0.00935992 -0.00934128 -0.00940314 -0.00947083
 -0.00953793 -0.00947442 -0.00956083 -0.0098561  -0.00943214 -0.00982721
 -0.00951138 -0.00942994 -0.00978111 -0.00945983 -0.00961328 -0.00927938
 -0.00941582 -0.00925879 -0.00952435 -0.00972863 -0.0095253  -0.00963709
 -0.00937536 -0.00935657 -0.00934229 -0.00949011 -0.00935916 -0.00942585
 -0.00943165 -0.0094342  -0.00954361 -0.00982144 -0.0094352  -0.00962019
 -0.00967412 -0.00939988 -0.00955382 -0.00941885 -0.00947161 -0.00973159
 -0.00966402 -0.00929757 -0.00961556 -0.00955593 -0.00933797 -0.00952074
 -0.00942546 -0.00951354 -0.00958641 -0.00945358 -0.00957183 -0.00948965
 -0.00966402 -0.00939963 -0.00991529 -0.00935183 -0.00965733 -0.00951561
 -0.00963472 -0.00933684 -0.0096011  -0.00971214 -0.00975534 -0.00948379
 -0.00940821 -0.00973877 -0.00941058 -0.00916083 -0.00945539 -0.00933972
 -0.00972496 -0.00947937 -0.00945784 -0.00922377 -0.00933211 -0.0095828
 -0.00948995 -0.0094853  -0.00942009 -0.00941735 -0.0097813  -0.00957393
 -0.00963442 -0.00954682 -0.00971528 -0.00938059 -0.0095123  -0.00946325
 -0.00944509 -0.00955529 -0.00948452 -0.00956337 -0.00961538 -0.00945568
 -0.00933183 -0.00940978 -0.00969697 -0.00953937 -0.00931998 -0.00948755
 -0.00974389 -0.00961985 -0.00945254 -0.00953039 -0.00958787 -0.00958528
 -0.00941788 -0.00958534 -0.00938182 -0.00944544 -0.00963309 -0.00955312
 -0.00954461 -0.00929127 -0.00959622 -0.00970381 -0.00965284 -0.00964305
 -0.00951452 -0.00927855 -0.00963703 -0.00974108 -0.00959294 -0.00929857
 -0.00949116 -0.00971273 -0.00956715 -0.00930158 -0.00956685 -0.0094384
 -0.00976524 -0.00925637 -0.00966002 -0.00943309 -0.00978559 -0.0095228
 -0.00972666 -0.0095253  -0.0096009  -0.00955288 -0.00969708 -0.00954684
 -0.00972835 -0.00954971 -0.00967214 -0.00957098 -0.00956785 -0.00950926
 -0.00939145 -0.00950383 -0.00949954 -0.00956995 -0.00942426 -0.00950688
 -0.00947521 -0.00953212 -0.00958221 -0.00958659 -0.00965645 -0.00955365
 -0.00939916 -0.0093624  -0.00972039 -0.00945304 -0.00977384 -0.00937248
 -0.00968614 -0.00941784 -0.00958531 -0.00947868 -0.00939929 -0.00944118
 -0.00950352 -0.00953895 -0.00956918 -0.0096762  -0.00939004 -0.00948595
 -0.00955499 -0.00944407 -0.00964738 -0.00932966 -0.00964125 -0.00940049
 -0.00954165 -0.00923892 -0.00958267 -0.00963898 -0.00976259 -0.00959666
 -0.00931554 -0.0095099  -0.00969551 -0.00961954 -0.00952357 -0.00952867
 -0.00954281 -0.00943374 -0.00962133 -0.00933484 -0.0093337  -0.00936037
 -0.00961753 -0.00947141 -0.00954274 -0.00952594 -0.00948358 -0.00949092
 -0.00950109 -0.00938516 -0.0094729  -0.00957029 -0.00952491 -0.0095797 ]"
Codfish In Layers(Portuguese)  ,"[""2 onions"", ""2 cans chickpeas"", ""codfish"", ""potatoes"", ""olive oil"", ""2 cans tomatoes"", ""tomato sauce""]","[""In a pan, you put the oil."", ""Slice the onions."", ""You put a layer of sliced potatoes, 1 can chickpeas, then one layer of codfish (it should already be cooked), then the tomatoes and olive oil."", ""You repeat this."", ""You wait until everything is cooked and then you serve it.""]","[""potatoes"", ""codfish"", ""tomatoes"", ""onions"", ""chickpeas"", ""olive oil"", ""tomato sauce""]","[-0.00982835 -0.0098474  -0.00992264 -0.00987904 -0.00959613 -0.00980143
 -0.00989864 -0.0096572  -0.00992627 -0.00988527 -0.00970846 -0.00980247
 -0.0097701  -0.00984619 -0.00974298 -0.00972347 -0.00986479 -0.00981587
 -0.00969085 -0.00976814 -0.00990181 -0.00984016 -0.00985325 -0.00984927
 -0.00976944 -0.0098185  -0.00984575 -0.00966602 -0.00991711 -0.00989552
 -0.00975601 -0.0097365  -0.00966753 -0.00967937 -0.00973666 -0.00992065
 -0.00981993 -0.00993794 -0.00981502 -0.00964925 -0.00990731 -0.00981921
 -0.00980779 -0.00989526 -0.00975981 -0.00970499 -0.00970318 -0.00978668
 -0.00985433 -0.00967572 -0.00993426 -0.00969742 -0.00967107 -0.00979282
 -0.00989105 -0.00969641 -0.00983668 -0.00976717 -0.00988421 -0.00986263
 -0.00965478 -0.00975155 -0.00979763 -0.00992492 -0.00964641 -0.00967462
 -0.00982228 -0.009643   -0.0097897  -0.0097979  -0.00987761 -0.00972344
 -0.00988881 -0.00983208 -0.00971916 -0.00992042 -0.00979745 -0.00971106
 -0.00976704 -0.00976312 -0.00975839 -0.00975154 -0.00979833 -0.00979404
 -0.00984393 -0.0097382  -0.00982979 -0.00968544 -0.00993908 -0.00977363
 -0.00982782 -0.00990053 -0.00970388 -0.00971809 -0.00972257 -0.00983301
 -0.00996044 -0.00970307 -0.00969711 -0.00985407 -0.00980031 -0.00981012
 -0.00975204 -0.00964129 -0.01006723 -0.00987124 -0.00989288 -0.0097657
 -0.00978673 -0.00979735 -0.009725   -0.00981968 -0.00966644 -0.00984
 -0.00990359 -0.00965911 -0.00972462 -0.00981895 -0.00987567 -0.00982724
 -0.00983158 -0.00988675 -0.00976716 -0.00962591 -0.00980461 -0.00973236
 -0.00980509 -0.0097558  -0.0097799  -0.00971926 -0.0097566  -0.009795
 -0.00971471 -0.00980106 -0.00992099 -0.00972967 -0.00980169 -0.00994313
 -0.0098405  -0.00976312 -0.00991986 -0.00968628 -0.00989165 -0.0099019
 -0.00983527 -0.00990925 -0.00989182 -0.00970283 -0.00984147 -0.00976045
 -0.00979465 -0.00966021 -0.00997439 -0.00990653 -0.00990012 -0.00979735
 -0.0097404  -0.00983755 -0.00983634 -0.00979082 -0.00955266 -0.00971473
 -0.00989881 -0.00976687 -0.00991183 -0.00987369 -0.00990241 -0.00965822
 -0.00973429 -0.00969128 -0.00977712 -0.00990472 -0.00951983 -0.00981046
 -0.00989871 -0.0097374  -0.00976362 -0.00958374 -0.0097741  -0.00988109
 -0.01015964 -0.00990037 -0.00981503 -0.00990368 -0.00975857 -0.00988927
 -0.00973387 -0.00977118 -0.00958209 -0.00972136 -0.00995535 -0.01015409
 -0.00981788 -0.00981346 -0.00978047 -0.00985664 -0.00989697 -0.00992539
 -0.0097604  -0.00999282 -0.00987822 -0.00967818 -0.00969936 -0.00956862
 -0.00994835 -0.00970965 -0.00983585 -0.00999477 -0.00977654 -0.00987449
 -0.00998608 -0.00974916 -0.00963513 -0.00981367 -0.00953217 -0.00989387
 -0.00977493 -0.00984574 -0.00984548 -0.00989767 -0.00965835 -0.00977448
 -0.00998316 -0.00974241 -0.00992016 -0.00959331 -0.009653   -0.00989777
 -0.00958454 -0.00976465 -0.00988811 -0.00986436 -0.00969469 -0.00980456
 -0.00988985 -0.00962457 -0.00973198 -0.00974342 -0.00970927 -0.00982997
 -0.0097639  -0.00991011 -0.00973657 -0.00977404 -0.00969935 -0.00978967
 -0.00978235 -0.00984918 -0.00985599 -0.00991715 -0.00965893 -0.00975904
 -0.00978466 -0.00989212 -0.00995553 -0.00987559 -0.00980333 -0.00997102
 -0.0097085  -0.00971391 -0.00981423 -0.00979414 -0.00957818 -0.00979273
 -0.00988916 -0.00981085 -0.00979962 -0.00989721 -0.00968034 -0.00981951
 -0.00994777 -0.00970321 -0.00982864 -0.00975199 -0.00981714 -0.00988075
 -0.00978042 -0.00978726 -0.00979509 -0.00979705 -0.00978973 -0.00970014
 -0.00998402 -0.00985168 -0.00975733 -0.00972293 -0.00985986 -0.00994042
 -0.00984065 -0.00980379 -0.00984048 -0.00968399 -0.00988063 -0.00985666
 -0.0097544  -0.0098634  -0.00983017 -0.00975927 -0.00970749 -0.00991003
 -0.00974352 -0.00993059 -0.00965582 -0.00967889 -0.00974497 -0.00973004
 -0.00975088 -0.00986441 -0.0119716  -0.00993065 -0.00989338 -0.00975244
 -0.00984942 -0.00988242 -0.00986552 -0.00987172 -0.00981735 -0.00984277
 -0.00976508 -0.00969547 -0.00957804 -0.00973587 -0.00971489 -0.00970561
 -0.00969405 -0.00988367 -0.00996861 -0.00968498 -0.00993963 -0.00982977
 -0.00984974 -0.00979328 -0.00975279 -0.00965508 -0.00993272 -0.00962608
 -0.01014583 -0.00990215 -0.01001399 -0.00989648 -0.00981423 -0.00977436
 -0.00988029 -0.0097526  -0.00992435 -0.00976508 -0.00960414 -0.00984603
 -0.00985233 -0.00968617 -0.00987302 -0.00990144 -0.00975767 -0.00988515
 -0.00962632 -0.0099188  -0.00975189 -0.00972092 -0.00985185 -0.0099601
 -0.00981882 -0.00982088 -0.00976071 -0.00983763 -0.00967752 -0.00968985
 -0.00982802 -0.00992286 -0.00960124 -0.00986829 -0.00994799 -0.00981247
 -0.00984165 -0.00977354 -0.00990541 -0.01001039 -0.00975436 -0.00980924
 -0.00981471 -0.00975497 -0.00985767 -0.01013222 -0.00988461 -0.00982912
 -0.00986378 -0.00997991 -0.00970657 -0.00992253 -0.0098532  -0.00990046
 -0.00977247 -0.00959519 -0.00983302 -0.0099729  -0.00980889 -0.00992392
 -0.01002961 -0.0099182  -0.00966432 -0.00971999 -0.00968835 -0.00975691
 -0.00966449 -0.00981427 -0.00969094 -0.0098909  -0.00964235 -0.00989187
 -0.00970257 -0.00993305 -0.00961305 -0.00984913 -0.00979709 -0.00971817
 -0.00991155 -0.00973585 -0.0097028  -0.00991934 -0.00981728 -0.0098024
 -0.00977775 -0.00985145 -0.00988635 -0.00972175 -0.00981227 -0.00981691
 -0.00971378 -0.00976891 -0.00981805 -0.00973394 -0.00981793 -0.00997808
 -0.0099319  -0.00990658 -0.00985685 -0.00982372 -0.00988091 -0.00978017
 -0.00982434 -0.00974398 -0.00970873 -0.00989651 -0.00955445 -0.00994513
 -0.00982261 -0.00991414 -0.00983113 -0.00975513 -0.00971184 -0.00991523
 -0.00975038 -0.00981049 -0.00987411 -0.00973439 -0.00983254 -0.00978863
 -0.00971724 -0.0094739  -0.00968578 -0.00992719 -0.00974044 -0.00968899
 -0.00989308 -0.00994734 -0.00964531 -0.00993767 -0.00988681 -0.00992118
 -0.00973194 -0.00988485 -0.00976399 -0.00984659 -0.00985837 -0.00956026
 -0.00990321 -0.00973191 -0.00983867 -0.00979492 -0.00977715 -0.00980841
 -0.00993027 -0.0097607  -0.00992324 -0.00982214 -0.00984849 -0.00984796
 -0.00973087 -0.00965402 -0.00974911 -0.00992091 -0.009733   -0.00982518
 -0.00982847 -0.0098107  -0.00988514 -0.00996265 -0.00969148 -0.00956536
 -0.00984809 -0.00975906 -0.0095655  -0.0099394  -0.00999148 -0.00987869
 -0.00969119 -0.00972435 -0.00966606 -0.00982088 -0.00982083 -0.0098719
 -0.0099407  -0.00968352 -0.00984625 -0.00990617 -0.00968337 -0.00982098
 -0.009898   -0.00991335 -0.0098701  -0.00990994 -0.00981213 -0.00984184
 -0.00985249 -0.00976098 -0.00977289 -0.00982117 -0.00992216 -0.00981954
 -0.01001691 -0.00990655 -0.00982183 -0.009827   -0.00986863 -0.0096461
 -0.00979401 -0.00992765 -0.01001707 -0.00989287 -0.00974036 -0.0098633
 -0.00984847 -0.00973794 -0.00979434 -0.00967574 -0.00988552 -0.00992226
 -0.00965496 -0.00979101 -0.00976328 -0.0098812  -0.00998054 -0.00987199
 -0.00978312 -0.00979399 -0.00978768 -0.00969259 -0.00970789 -0.00972802
 -0.00985796 -0.00988457 -0.00975751 -0.01003671 -0.00964899 -0.00993586
 -0.00988936 -0.00978567 -0.00988508 -0.0098541  -0.00981301 -0.00969251
 -0.00984327 -0.00969363 -0.00976516 -0.00998269 -0.00979112 -0.00969436
 -0.00977711 -0.00971095 -0.00984506 -0.00983521 -0.00981365 -0.00977846
 -0.009892   -0.00987848 -0.00989674 -0.01001001 -0.00976064 -0.00971225
 -0.00993437 -0.00973415 -0.00993204 -0.00984393 -0.00976104 -0.0099347
 -0.01003574 -0.00970654 -0.00988393 -0.00982003 -0.00968967 -0.00985448
 -0.00982021 -0.00971444 -0.00972744 -0.00978893 -0.00987288 -0.0098626
 -0.00987833 -0.00979038 -0.0098137  -0.00957164 -0.00977182 -0.00972522
 -0.00971778 -0.00970996 -0.00979433 -0.00988775 -0.0099203  -0.00969566
 -0.00984883 -0.00988711 -0.00972576 -0.00952303 -0.00971892 -0.00979774
 -0.00988431 -0.00991406 -0.00977328 -0.00964454 -0.00979774 -0.00996622
 -0.00974577 -0.00973649 -0.00980446 -0.00986614 -0.00997937 -0.0099298
 -0.00969499 -0.00973902 -0.00982456 -0.00955523 -0.00975948 -0.00985574
 -0.0098636  -0.00972741 -0.00963118 -0.0097941  -0.00979413 -0.00992932
 -0.00975428 -0.00978092 -0.00993673 -0.00983059 -0.00971772 -0.00980949
 -0.00990388 -0.00981924 -0.00977638 -0.0098495  -0.00985439 -0.00981411
 -0.00981501 -0.0099022  -0.00994336 -0.00972856 -0.00970686 -0.00988083
 -0.00974375 -0.00983413 -0.009884   -0.00972182 -0.00986484 -0.00982201
 -0.00981254 -0.00964112 -0.00985264 -0.01000637 -0.00980163 -0.00990692
 -0.00974502 -0.00989998 -0.00993463 -0.00958645 -0.00967645 -0.00972492
 -0.00986558 -0.00971919 -0.00982102 -0.00981887 -0.01000481 -0.00980636
 -0.00995261 -0.00984162 -0.00973792 -0.00996082 -0.00974253 -0.00966548
 -0.00982256 -0.009866   -0.00984865 -0.00984952 -0.00973057 -0.00980496
 -0.00989699 -0.00993922 -0.00984837 -0.00963533 -0.0097253  -0.0097971
 -0.00978039 -0.00978067 -0.00990714 -0.00966749 -0.00991313 -0.00990886
 -0.00992207 -0.00962614 -0.0100463  -0.00991    -0.00967458 -0.00968924
 -0.01005708 -0.00968403 -0.00983844 -0.00964891 -0.00983309 -0.0098492
 -0.00983699 -0.00976976 -0.00986992 -0.00994912 -0.00980227 -0.00959295
 -0.00998029 -0.00990965 -0.00978357 -0.00961065 -0.01006126 -0.00988982
 -0.0099605  -0.00974282 -0.00981067 -0.00975782 -0.00979047 -0.00995843
 -0.00972871 -0.00975537 -0.00974274 -0.00995247 -0.00980086 -0.00970004
 -0.00978268 -0.00990554 -0.01012788 -0.01001997 -0.00971319 -0.00975926
 -0.00980634 -0.00980057 -0.00958108 -0.00978846 -0.0099141  -0.00983032
 -0.00975849 -0.00994857 -0.00974822 -0.00974926 -0.00981892 -0.0097737 ]"
Peanut Butter Cookies,"[""3/4 c. creamy peanut butter"", ""1/2 c. Crisco"", ""1 1/4 c. brown sugar"", ""3 Tbsp. milk"", ""1 tsp. vanilla"", ""1 egg"", ""1 3/4 c. all-purpose flour"", ""3/4 tsp. salt"", ""3/4 tsp. baking soda""]","[""Combine peanut butter, Crisco, brown sugar, milk and vanilla in a large bowl."", ""Beat."", ""Add egg."", ""Beat until blended."", ""Combine flour, salt and baking soda."", ""Drop on ungreased baking sheet. Bake.""]","[""egg"", ""vanilla"", ""crisco"", ""brown sugar"", ""baking soda"", ""peanut butter"", ""flour"", ""milk"", ""salt""]","[-0.01063809 -0.01043304 -0.01062798 -0.01049122 -0.01045358 -0.01053124
 -0.0106116  -0.01040525 -0.01054402 -0.01060272 -0.01055219 -0.01045281
 -0.01048629 -0.01050956 -0.01055107 -0.01059264 -0.01052    -0.0103765
 -0.01042116 -0.01046394 -0.01046078 -0.01072205 -0.01075597 -0.01062765
 -0.01045944 -0.01048869 -0.01062737 -0.01057539 -0.01055704 -0.01055862
 -0.01058448 -0.0105607  -0.01022611 -0.01047151 -0.01049749 -0.010609
 -0.01057373 -0.01061169 -0.01075111 -0.0105289  -0.01052678 -0.01062549
 -0.01042853 -0.01068578 -0.01047614 -0.0105894  -0.010623   -0.01059874
 -0.01062817 -0.0105347  -0.01049943 -0.01052098 -0.01058241 -0.01055085
 -0.01050705 -0.01040287 -0.01048638 -0.01057886 -0.01050106 -0.01054088
 -0.01059832 -0.01045814 -0.01047778 -0.01063571 -0.01072376 -0.01052979
 -0.01043767 -0.01044627 -0.01076516 -0.01060638 -0.01057283 -0.01054355
 -0.01060182 -0.01062834 -0.01042121 -0.01052629 -0.01048577 -0.01051773
 -0.0105094  -0.01052638 -0.01071259 -0.01057292 -0.01041658 -0.01043434
 -0.01065995 -0.01040075 -0.0106056  -0.01056494 -0.01066895 -0.01039042
 -0.01064265 -0.01052754 -0.01048399 -0.01047167 -0.01059102 -0.01071055
 -0.01067046 -0.01054436 -0.01053732 -0.01052051 -0.01060909 -0.01057781
 -0.01059985 -0.01036001 -0.0108023  -0.01059828 -0.01065879 -0.0105476
 -0.01038594 -0.0105828  -0.01044579 -0.0106977  -0.01042605 -0.01035718
 -0.01082458 -0.01050076 -0.01053186 -0.01043657 -0.0106131  -0.01063318
 -0.01059612 -0.01058193 -0.0104559  -0.01040957 -0.01042998 -0.01063835
 -0.01069312 -0.01054083 -0.0105635  -0.01065324 -0.01060831 -0.01052079
 -0.01051206 -0.01064684 -0.01052762 -0.01041475 -0.01046225 -0.01051094
 -0.0103822  -0.01073046 -0.0106015  -0.01029783 -0.01046796 -0.01071205
 -0.01036933 -0.01067251 -0.01060926 -0.01037709 -0.01049118 -0.01047846
 -0.01054298 -0.01031979 -0.01067056 -0.01081739 -0.01048803 -0.01049847
 -0.0106935  -0.01050048 -0.01060691 -0.01052744 -0.01055237 -0.01049667
 -0.01064119 -0.01055561 -0.01060591 -0.01046249 -0.01060505 -0.01033958
 -0.01063692 -0.01044241 -0.01052084 -0.01049304 -0.01023463 -0.01057119
 -0.01053826 -0.01054716 -0.01045115 -0.01058001 -0.01051654 -0.01050613
 -0.01077372 -0.01060317 -0.01047497 -0.01070467 -0.01057965 -0.01058709
 -0.01039162 -0.01067176 -0.0103786  -0.0103973  -0.01068397 -0.01055915
 -0.01051681 -0.0106017  -0.01051005 -0.01058875 -0.01059245 -0.01060215
 -0.01040953 -0.01071431 -0.01042026 -0.01041505 -0.01050977 -0.01043805
 -0.01065764 -0.01050333 -0.01042915 -0.01074499 -0.01061433 -0.01060499
 -0.01066746 -0.01041716 -0.01035116 -0.0105658  -0.01053231 -0.01056053
 -0.01047073 -0.01048474 -0.01068812 -0.01053308 -0.01051624 -0.01047965
 -0.01078844 -0.01045773 -0.01055073 -0.01040462 -0.01055047 -0.01043448
 -0.01048682 -0.01043763 -0.01061657 -0.01069243 -0.01055133 -0.01049364
 -0.01058687 -0.0104506  -0.01048904 -0.01057225 -0.01048307 -0.01071548
 -0.01069336 -0.01063799 -0.01046942 -0.01060232 -0.01066881 -0.0104972
 -0.01053698 -0.01054955 -0.01052142 -0.01072068 -0.01053612 -0.01060256
 -0.01051672 -0.01063923 -0.01052564 -0.01055639 -0.01064748 -0.01053867
 -0.01053046 -0.0104061  -0.01045062 -0.01051273 -0.0102661  -0.01067261
 -0.01052068 -0.01055553 -0.01067359 -0.01057469 -0.01053962 -0.01058936
 -0.01063329 -0.01049377 -0.01054486 -0.01042644 -0.0105266  -0.01084735
 -0.01052934 -0.01042605 -0.01057585 -0.01071691 -0.01054813 -0.01053977
 -0.0107457  -0.01056879 -0.010493   -0.01075261 -0.0106848  -0.01071077
 -0.01076051 -0.01060061 -0.01051095 -0.01022342 -0.01064864 -0.01078478
 -0.01047582 -0.01053128 -0.01054123 -0.01042644 -0.0105092  -0.01057529
 -0.01044658 -0.01048879 -0.01065209 -0.01048226 -0.01055409 -0.01034639
 -0.01056095 -0.01067615 -0.01280058 -0.01057828 -0.01064724 -0.01073576
 -0.01046073 -0.01059388 -0.01076023 -0.01078033 -0.01072086 -0.0105082
 -0.01054104 -0.01055519 -0.01048663 -0.01058728 -0.01053048 -0.01072047
 -0.01045166 -0.01070549 -0.01061287 -0.01043257 -0.01051931 -0.01066901
 -0.01042569 -0.01054654 -0.01070295 -0.01044484 -0.01053545 -0.0105186
 -0.01073101 -0.01062598 -0.01060763 -0.01060538 -0.01058898 -0.01049345
 -0.01048349 -0.0106134  -0.01064888 -0.0106665  -0.01043486 -0.01047502
 -0.01034204 -0.01055758 -0.01059376 -0.01062246 -0.01045248 -0.01071795
 -0.01040789 -0.0107573  -0.01059012 -0.01034508 -0.01034112 -0.01045386
 -0.01053215 -0.01072187 -0.01061913 -0.01037286 -0.01039483 -0.01042107
 -0.01065943 -0.01074454 -0.01047286 -0.01051984 -0.01069522 -0.01048499
 -0.01052518 -0.01050515 -0.0107736  -0.01061488 -0.01055072 -0.01047041
 -0.01063678 -0.01073956 -0.0105904  -0.01080198 -0.01061541 -0.01053819
 -0.01066862 -0.01072781 -0.01044793 -0.01051509 -0.01062286 -0.01055028
 -0.0105594  -0.01041973 -0.01054077 -0.01056227 -0.01066184 -0.01066367
 -0.01073333 -0.01067141 -0.01039458 -0.0105757  -0.01056063 -0.01048159
 -0.01029707 -0.0104112  -0.01055887 -0.01049957 -0.01065205 -0.01061182
 -0.01073959 -0.01046107 -0.01040268 -0.01065344 -0.01051198 -0.01049974
 -0.01074843 -0.01070299 -0.01061959 -0.01064706 -0.01065141 -0.01067329
 -0.01037457 -0.01060871 -0.01073049 -0.01055898 -0.01039983 -0.0104508
 -0.01063108 -0.0105777  -0.01062953 -0.01047469 -0.010563   -0.01066201
 -0.01059702 -0.01051579 -0.01050898 -0.01076219 -0.01047404 -0.01050078
 -0.01049138 -0.01064353 -0.01063173 -0.0104599  -0.01054488 -0.0105841
 -0.01077212 -0.01077442 -0.01066692 -0.01052262 -0.01052264 -0.01049498
 -0.01055626 -0.01058625 -0.01048461 -0.01035177 -0.01058572 -0.01065853
 -0.01058263 -0.01044189 -0.01059608 -0.01056907 -0.01034813 -0.01052228
 -0.01057993 -0.0106864  -0.0103956  -0.01058053 -0.01051798 -0.01065805
 -0.01049785 -0.01068332 -0.01042722 -0.01036699 -0.01047426 -0.01037481
 -0.01051092 -0.01050785 -0.01070489 -0.01048869 -0.01049736 -0.01069976
 -0.01069874 -0.01036893 -0.01068253 -0.01047734 -0.01050916 -0.01068737
 -0.01070896 -0.01056917 -0.01056891 -0.01067098 -0.01044013 -0.0105872
 -0.01036864 -0.01059936 -0.0106343  -0.01053826 -0.01039303 -0.01053706
 -0.01047875 -0.01042382 -0.01047418 -0.01066594 -0.01064396 -0.01069466
 -0.01043684 -0.01045608 -0.010383   -0.01053849 -0.01069043 -0.01069553
 -0.01067363 -0.01037406 -0.01049581 -0.01054409 -0.01043052 -0.01055629
 -0.01061336 -0.01058713 -0.01053261 -0.01082525 -0.01055583 -0.01065044
 -0.01037391 -0.01029463 -0.01054354 -0.01052983 -0.01054114 -0.01054575
 -0.01079624 -0.01064247 -0.01048128 -0.01060613 -0.01055976 -0.01060889
 -0.01061654 -0.01053377 -0.01054044 -0.01053427 -0.01044973 -0.0105789
 -0.0105448  -0.0104888  -0.0103911  -0.01030504 -0.01081773 -0.0106081
 -0.01039397 -0.01049467 -0.01054553 -0.01072672 -0.01077098 -0.0105349
 -0.01069456 -0.01065343 -0.01060096 -0.01036433 -0.01044181 -0.01044008
 -0.01070171 -0.01045291 -0.01043627 -0.01078029 -0.01047234 -0.0106978
 -0.01065591 -0.0106563  -0.01075232 -0.01064863 -0.01069972 -0.01042016
 -0.01042938 -0.01033689 -0.01061083 -0.01061772 -0.01052025 -0.01050562
 -0.01041581 -0.01043909 -0.01048993 -0.01053332 -0.01042245 -0.0105476
 -0.01062501 -0.01055034 -0.01056686 -0.01080717 -0.01059391 -0.0105212
 -0.01061619 -0.01044559 -0.01075821 -0.01055933 -0.01056577 -0.010627
 -0.0107789  -0.01050867 -0.01067359 -0.010415   -0.01032578 -0.01049365
 -0.01056927 -0.01053531 -0.01060235 -0.01034196 -0.01051009 -0.01047149
 -0.01071948 -0.01050496 -0.01059812 -0.01036562 -0.01042992 -0.01058381
 -0.01070004 -0.01047971 -0.01057111 -0.01064774 -0.01072201 -0.01047268
 -0.01068479 -0.01063579 -0.01046662 -0.0104177  -0.01056836 -0.01056368
 -0.01040058 -0.01066377 -0.0105303  -0.01027973 -0.01046276 -0.01049596
 -0.01044888 -0.0104456  -0.01054168 -0.01041817 -0.01084332 -0.01059652
 -0.01055957 -0.01049372 -0.01070716 -0.01061068 -0.01056064 -0.01069025
 -0.01045632 -0.0105974  -0.01052503 -0.01051351 -0.01063249 -0.01048889
 -0.01053557 -0.01047014 -0.01069937 -0.01048895 -0.01052826 -0.01043361
 -0.01049901 -0.010713   -0.0105077  -0.01059605 -0.0105857  -0.01055291
 -0.01063671 -0.01067331 -0.01038454 -0.01044666 -0.01046197 -0.01058709
 -0.01063944 -0.01054098 -0.01076972 -0.0104323  -0.01057318 -0.01063549
 -0.01044676 -0.01043965 -0.01078711 -0.01049508 -0.01063845 -0.01053882
 -0.01066715 -0.01083778 -0.0106429  -0.01032954 -0.0106915  -0.01034789
 -0.01081042 -0.01027783 -0.01073691 -0.01036739 -0.01069676 -0.01055577
 -0.01073403 -0.01052167 -0.01044824 -0.01057765 -0.01052348 -0.01060717
 -0.01057779 -0.01063873 -0.01054932 -0.01068536 -0.01069448 -0.01054833
 -0.01033379 -0.01057659 -0.01057743 -0.01059633 -0.01050544 -0.01055261
 -0.01065044 -0.01060467 -0.01060778 -0.01045244 -0.01062402 -0.01062274
 -0.01049599 -0.01059821 -0.01070455 -0.01063124 -0.01054543 -0.01044174
 -0.01062769 -0.01059054 -0.01066263 -0.01055777 -0.01041382 -0.01045867
 -0.01061199 -0.01061667 -0.01042757 -0.01055724 -0.01045345 -0.01047804
 -0.0105454  -0.0105644  -0.01074288 -0.01048317 -0.01065226 -0.01056683
 -0.01078641 -0.01042329 -0.01056025 -0.01064968 -0.01063883 -0.01050562
 -0.010603   -0.01046313 -0.01056367 -0.01067378 -0.01040681 -0.01054387
 -0.01065805 -0.01044151 -0.01072575 -0.01056171 -0.01044992 -0.01051717
 -0.01066215 -0.01069088 -0.01063681 -0.01062733 -0.01057281 -0.01055899
 -0.01054172 -0.01063146 -0.01049539 -0.0105441  -0.01054277 -0.01054911]"
Onion Soup,"[""1 1/2 lb. thinly sliced onions"", ""1 Tbsp. oil"", ""3 Tbsp. flour"", ""1/2 c. white wine"", ""1 lb. Gouda cheese"", ""Parmesan cheese"", ""3 Tbsp. butter"", ""1/2 tsp. salt"", ""2 qt. beef bouillon"", ""1 lb. Swiss cheese"", ""French bread (dry)""]","[""Cook onion in butter and oil for 15 minutes, covered. Uncover and add salt; cook on medium-high for 40 minutes, until golden brown. Stir in flour and stir for 3 minutes. Add bouillon and wine and bring to a boil. Reduce heat and simmer for 30 to 40 minutes. Grate cheese.""]","[""oil"", ""bread"", ""gouda cheese"", ""parmesan cheese"", ""swiss cheese"", ""flour"", ""onions"", ""white wine"", ""beef bouillon"", ""butter"", ""salt""]","[-0.01082488 -0.01079385 -0.01086407 -0.01074794 -0.01073893 -0.01074192
 -0.01074209 -0.01054628 -0.01083889 -0.01080382 -0.01073597 -0.01073796
 -0.01068662 -0.01079127 -0.01079815 -0.01093034 -0.01067653 -0.01067707
 -0.01068775 -0.01071389 -0.01075517 -0.01092619 -0.01090073 -0.0108514
 -0.01068739 -0.01068193 -0.01088702 -0.01076078 -0.0108584  -0.01072387
 -0.01088429 -0.01080896 -0.01051935 -0.01077858 -0.01066348 -0.01089284
 -0.01066815 -0.01081234 -0.01088546 -0.01061583 -0.01078269 -0.01066932
 -0.01055323 -0.01089113 -0.01071852 -0.01075553 -0.01075519 -0.01070676
 -0.0109932  -0.01078604 -0.01090691 -0.0107435  -0.0107961  -0.01080727
 -0.01073183 -0.01069583 -0.01075097 -0.01065567 -0.01076319 -0.0107276
 -0.01072565 -0.01077514 -0.01080396 -0.01080677 -0.01076901 -0.01067107
 -0.01070391 -0.01064963 -0.01099328 -0.0106883  -0.01073631 -0.0107929
 -0.01091177 -0.01080402 -0.010646   -0.01082341 -0.01077592 -0.0107533
 -0.01083078 -0.01078908 -0.01079267 -0.01090037 -0.01071404 -0.01075638
 -0.01085031 -0.0107149  -0.01086297 -0.01077269 -0.01090666 -0.01065716
 -0.01091774 -0.01073877 -0.01073947 -0.01071652 -0.01081754 -0.01083257
 -0.0108535  -0.01068622 -0.0106438  -0.01083584 -0.01089152 -0.01080444
 -0.01082579 -0.01066676 -0.01083716 -0.0108118  -0.01092976 -0.01079081
 -0.01070779 -0.01077797 -0.01067401 -0.01076947 -0.01051441 -0.01068229
 -0.01098433 -0.0106205  -0.0107987  -0.01074992 -0.01083832 -0.01075846
 -0.01083514 -0.01071506 -0.01077492 -0.01062413 -0.01076372 -0.01081016
 -0.01083744 -0.01076828 -0.01070603 -0.01086816 -0.01067277 -0.01067572
 -0.01073825 -0.01074431 -0.01088111 -0.0107063  -0.01079971 -0.0107252
 -0.01055333 -0.0110342  -0.0108886  -0.01053521 -0.01070496 -0.01091291
 -0.01077777 -0.01084295 -0.01078687 -0.01066413 -0.01065051 -0.01077985
 -0.01071479 -0.01048263 -0.01097527 -0.01090402 -0.01074985 -0.01072716
 -0.01080348 -0.0108083  -0.01078155 -0.0109211  -0.01062903 -0.01075562
 -0.01071629 -0.0107779  -0.01085849 -0.01074465 -0.0108017  -0.01063532
 -0.01077453 -0.0106526  -0.01084406 -0.01076189 -0.01043426 -0.01075346
 -0.01075852 -0.01073888 -0.01078773 -0.01074431 -0.01070702 -0.01062745
 -0.01101563 -0.01076931 -0.01069272 -0.01088279 -0.01071115 -0.01085084
 -0.01066318 -0.01088111 -0.01044712 -0.01063237 -0.01093269 -0.0108122
 -0.01076314 -0.01085469 -0.01072529 -0.01077651 -0.01079684 -0.01080964
 -0.01059771 -0.01087778 -0.01067324 -0.01069632 -0.01068614 -0.01062349
 -0.01098292 -0.01073971 -0.01065213 -0.01088027 -0.01075067 -0.01078545
 -0.01082995 -0.01076435 -0.01052906 -0.0109534  -0.01070659 -0.0107139
 -0.01075699 -0.01084576 -0.01085201 -0.01078468 -0.01066783 -0.01081405
 -0.01096599 -0.01065287 -0.0109611  -0.01068917 -0.01082383 -0.01071005
 -0.01068616 -0.01067587 -0.01083453 -0.01092187 -0.01082251 -0.01070906
 -0.01093467 -0.01059274 -0.01073288 -0.01073626 -0.01072516 -0.01084508
 -0.01079048 -0.01083522 -0.01084522 -0.01081983 -0.0108058  -0.0107495
 -0.01076496 -0.0108768  -0.01064532 -0.01080262 -0.01061099 -0.01071371
 -0.01065484 -0.01084788 -0.01081043 -0.01081524 -0.01072828 -0.01079617
 -0.0106748  -0.01063257 -0.01079962 -0.01071387 -0.01054562 -0.01088413
 -0.01074899 -0.01054589 -0.01088771 -0.01091924 -0.01077731 -0.01085318
 -0.01083476 -0.01081046 -0.01084992 -0.01075668 -0.0109058  -0.01097084
 -0.01081693 -0.01079113 -0.01086088 -0.01090399 -0.01085485 -0.01076053
 -0.01098096 -0.01069836 -0.01074926 -0.0109801  -0.01092497 -0.01086351
 -0.01085385 -0.01076403 -0.01074925 -0.01055478 -0.01082526 -0.01086706
 -0.01070497 -0.01079227 -0.01074409 -0.010643   -0.01084487 -0.01089994
 -0.01062479 -0.01081493 -0.01085807 -0.01071264 -0.0107623  -0.01061935
 -0.01083698 -0.01082766 -0.01319431 -0.01087996 -0.01082452 -0.01077396
 -0.01078465 -0.01076966 -0.01103345 -0.01100912 -0.01081935 -0.01074377
 -0.01083737 -0.01082367 -0.0106797  -0.01073276 -0.01076613 -0.01094655
 -0.01077423 -0.01082512 -0.01083734 -0.01055455 -0.01073549 -0.01092081
 -0.01069239 -0.01070549 -0.01100768 -0.01072506 -0.01077789 -0.01070939
 -0.01100888 -0.01082543 -0.01084468 -0.01074041 -0.0108042  -0.01066396
 -0.01069242 -0.01085192 -0.01089454 -0.01090451 -0.01047837 -0.01062208
 -0.01062884 -0.01076823 -0.01074311 -0.01078847 -0.01069911 -0.01085375
 -0.01062277 -0.01087364 -0.01084877 -0.0106389  -0.01055875 -0.01077868
 -0.01080136 -0.01086246 -0.01084248 -0.01058707 -0.01060418 -0.01079588
 -0.01076938 -0.01096527 -0.01068569 -0.01084646 -0.01084899 -0.01070641
 -0.01097055 -0.01082958 -0.01087945 -0.01087508 -0.01076108 -0.0107309
 -0.01090263 -0.01089612 -0.01073581 -0.01109053 -0.01077823 -0.01081471
 -0.01099243 -0.01088521 -0.010767   -0.01077917 -0.01074645 -0.01089085
 -0.01058999 -0.01064434 -0.01081278 -0.01073968 -0.01083797 -0.01089428
 -0.01100952 -0.01081129 -0.01059878 -0.01085437 -0.01061744 -0.01076959
 -0.01062427 -0.01051838 -0.01072203 -0.01079092 -0.01089165 -0.01076218
 -0.01090225 -0.0108845  -0.01075093 -0.01082506 -0.01069348 -0.01087707
 -0.01084482 -0.01069314 -0.01058971 -0.01081826 -0.01081782 -0.01076077
 -0.01065365 -0.01091092 -0.01088556 -0.01079236 -0.01068793 -0.01076436
 -0.01067762 -0.01064107 -0.01073724 -0.01073652 -0.01066257 -0.01082088
 -0.01075051 -0.01088724 -0.01075178 -0.01090866 -0.01071894 -0.01062244
 -0.01090195 -0.01075889 -0.01086514 -0.01067767 -0.01084938 -0.01084047
 -0.01105002 -0.01081086 -0.01086839 -0.01069324 -0.01066087 -0.01081791
 -0.01086438 -0.01076074 -0.01087578 -0.01052327 -0.01077202 -0.01080824
 -0.01072452 -0.01060776 -0.01064692 -0.01081533 -0.0107156  -0.01076969
 -0.0109601  -0.01103733 -0.01064551 -0.01080673 -0.01073358 -0.01089787
 -0.01071703 -0.01098385 -0.0107538  -0.01065742 -0.01086111 -0.01064823
 -0.01070395 -0.01078004 -0.01097168 -0.01066194 -0.0108249  -0.01085469
 -0.01081508 -0.01068335 -0.01087327 -0.01078224 -0.01078045 -0.01083311
 -0.01098677 -0.0107696  -0.01069695 -0.01090693 -0.01072717 -0.01059719
 -0.01077641 -0.01085686 -0.01086025 -0.01093779 -0.01066075 -0.01063251
 -0.01082321 -0.01085869 -0.01066911 -0.01084032 -0.01084555 -0.01077608
 -0.01078246 -0.01055047 -0.01064427 -0.01079908 -0.01084732 -0.01088623
 -0.01081201 -0.0106374  -0.01065513 -0.01067837 -0.01067341 -0.01082999
 -0.01094983 -0.01086496 -0.01064493 -0.01099551 -0.01068579 -0.01100228
 -0.01080739 -0.01055417 -0.01083634 -0.01066199 -0.01081538 -0.01078841
 -0.01088951 -0.01090301 -0.0107249  -0.01084591 -0.01073148 -0.01073323
 -0.01067866 -0.01083915 -0.01077296 -0.01071474 -0.01064058 -0.01063748
 -0.0107252  -0.01063421 -0.01062396 -0.01049662 -0.01104553 -0.01083014
 -0.01070132 -0.01077874 -0.01069087 -0.01091472 -0.01087283 -0.01069703
 -0.01090626 -0.0109045  -0.01071248 -0.01067934 -0.01062697 -0.01066169
 -0.01077611 -0.01070954 -0.01072332 -0.01102872 -0.01080488 -0.01112515
 -0.0107874  -0.0108213  -0.01090075 -0.01071893 -0.01085054 -0.01053618
 -0.01063617 -0.01060134 -0.01078528 -0.01092401 -0.01082645 -0.01094568
 -0.01062591 -0.01067535 -0.01073737 -0.01079154 -0.01068806 -0.01075337
 -0.01080496 -0.01076892 -0.010817   -0.01107815 -0.01077663 -0.01077588
 -0.01087292 -0.01065088 -0.0109554  -0.01077459 -0.0107738  -0.01095892
 -0.01102563 -0.01078703 -0.01098293 -0.01067533 -0.0106477  -0.01072783
 -0.01081231 -0.01066465 -0.01082595 -0.01069768 -0.01092092 -0.01067499
 -0.01102833 -0.01077096 -0.01086132 -0.01066528 -0.01068727 -0.0109512
 -0.01087674 -0.0106178  -0.01086321 -0.01088319 -0.01101413 -0.01078543
 -0.01079405 -0.01090565 -0.01082462 -0.01066581 -0.01078175 -0.01072733
 -0.01083719 -0.01086006 -0.0107599  -0.01047814 -0.01064771 -0.01088613
 -0.01064713 -0.01077342 -0.01076617 -0.01068293 -0.01098302 -0.01083266
 -0.01078188 -0.01077176 -0.01090488 -0.01075848 -0.01082404 -0.01079489
 -0.01062772 -0.01084534 -0.01070785 -0.01090478 -0.01090468 -0.01088462
 -0.0107144  -0.0107098  -0.01098957 -0.01085415 -0.01065282 -0.01074145
 -0.01089946 -0.01092917 -0.01084983 -0.01072513 -0.01084784 -0.01091772
 -0.01075455 -0.01087873 -0.01064956 -0.01076102 -0.01081071 -0.01079679
 -0.01078446 -0.01067507 -0.01082697 -0.01072051 -0.01082789 -0.0109162
 -0.01073017 -0.01055608 -0.01100483 -0.01086442 -0.01089996 -0.01071177
 -0.01083123 -0.01106113 -0.0108641  -0.01055275 -0.0108203  -0.01066267
 -0.01100447 -0.01052747 -0.01094792 -0.01068072 -0.01093793 -0.01079994
 -0.01092821 -0.01086443 -0.01072035 -0.01074082 -0.01085595 -0.01078471
 -0.01090764 -0.01090603 -0.01095139 -0.01082692 -0.01083005 -0.01085141
 -0.01061371 -0.01076649 -0.01084953 -0.0108455  -0.01080879 -0.01086008
 -0.01070534 -0.01077996 -0.01076796 -0.01076598 -0.01091897 -0.01089718
 -0.01071316 -0.0106917  -0.01100161 -0.01081113 -0.01083652 -0.01075306
 -0.01090506 -0.0106807  -0.01089346 -0.01084131 -0.01071136 -0.01079393
 -0.01072096 -0.01096971 -0.01068707 -0.01084972 -0.0107179  -0.01060409
 -0.01077235 -0.01074422 -0.01090444 -0.01066337 -0.01078168 -0.01068279
 -0.01099176 -0.01053744 -0.01095324 -0.01091858 -0.01076804 -0.01073102
 -0.01069171 -0.01074525 -0.01084912 -0.01092592 -0.01067746 -0.01080225
 -0.01080344 -0.01074263 -0.01098975 -0.01092458 -0.01074615 -0.01065323
 -0.01086473 -0.01068378 -0.01072269 -0.0108624  -0.01073337 -0.01066456
 -0.01063532 -0.01072627 -0.01072215 -0.01071729 -0.0108334  -0.01076558]"
Fruit Pizza,"[""1 pkg. Pillsbury refrigerated sugar cookie dough"", ""1 (8 oz.) pkg. cream cheese"", ""1/3 c. sugar"", ""1 tsp. vanilla"", ""fruits: strawberries, peaches, kiwi, bananas, blueberries and raspberries (your choice)""]","[""Slice cold cookie dough in 1/8-inch slices and place on a pizza pan."", ""Press dough to cover pan."", ""Bake at 350\u00b0 for 12 to 15 minutes, until golden brown."", ""Cool."", ""Mix together cream cheese, sugar and vanilla."", ""Spread on cookie dough."", ""Arrange fruit in a circular pattern."", ""Refrigerate.""]","[""strawberries"", ""sugar"", ""vanilla"", ""cream cheese""]","[-0.0097063  -0.00987485 -0.0097712  -0.00968335 -0.00963891 -0.00965982
 -0.00968396 -0.00956494 -0.0098019  -0.00983215 -0.00979712 -0.00972085
 -0.00962067 -0.00963494 -0.00974706 -0.00991171 -0.00976854 -0.00962851
 -0.00966738 -0.00970118 -0.00971996 -0.0098549  -0.00978372 -0.0097336
 -0.00972095 -0.00970372 -0.00985647 -0.00965224 -0.00983609 -0.00971436
 -0.00982575 -0.00969805 -0.00952977 -0.00975199 -0.00967796 -0.00990965
 -0.00971912 -0.00977302 -0.00988811 -0.00959433 -0.00975738 -0.00975835
 -0.00959544 -0.00980313 -0.00979299 -0.00978526 -0.00991814 -0.0097125
 -0.01000153 -0.00982149 -0.00970939 -0.00972367 -0.00970145 -0.00976866
 -0.00967667 -0.00968846 -0.00974905 -0.00966615 -0.00973087 -0.0097999
 -0.00967454 -0.00972241 -0.00973748 -0.00982565 -0.00983527 -0.00977352
 -0.00964441 -0.0096475  -0.00984967 -0.00979686 -0.00969264 -0.00972021
 -0.00975371 -0.00978628 -0.00957609 -0.00987344 -0.00968654 -0.00971681
 -0.00969068 -0.00968084 -0.00971082 -0.00975913 -0.00960048 -0.00961562
 -0.00995572 -0.00955298 -0.00976609 -0.00986872 -0.00983991 -0.00967463
 -0.00990705 -0.0096538  -0.0096523  -0.00969919 -0.00984907 -0.00977948
 -0.00991092 -0.0096548  -0.00967731 -0.00977489 -0.00987563 -0.00976842
 -0.0098349  -0.00963619 -0.0098049  -0.00978287 -0.00988709 -0.009735
 -0.00957834 -0.0098031  -0.00979324 -0.00977318 -0.00957481 -0.00967184
 -0.00989381 -0.00957531 -0.00975307 -0.00972889 -0.00987005 -0.00973773
 -0.00976342 -0.00973764 -0.0097397  -0.00958176 -0.00969091 -0.00977144
 -0.00978266 -0.00983758 -0.00971748 -0.00982464 -0.00970628 -0.00976273
 -0.00969671 -0.00971979 -0.00974961 -0.00976135 -0.0097538  -0.0097561
 -0.00963349 -0.00997269 -0.00992854 -0.00960135 -0.00982816 -0.01001854
 -0.0096763  -0.00977579 -0.00967255 -0.0096464  -0.00972907 -0.0097207
 -0.00974886 -0.00951802 -0.00996459 -0.00989334 -0.00975946 -0.00966679
 -0.0097752  -0.009728   -0.00991764 -0.0097794  -0.00965161 -0.00967478
 -0.00975131 -0.00973896 -0.00981966 -0.00978822 -0.00984289 -0.00967839
 -0.00977654 -0.00970693 -0.00978979 -0.00963922 -0.00954501 -0.00976677
 -0.00975936 -0.00979149 -0.00969368 -0.00973099 -0.00974151 -0.00956972
 -0.00996927 -0.00975164 -0.00957741 -0.00990928 -0.00969765 -0.00985791
 -0.00957868 -0.00980635 -0.00949717 -0.00965524 -0.00981646 -0.00978225
 -0.00973528 -0.00978822 -0.00976612 -0.00972429 -0.00983405 -0.00975795
 -0.0095905  -0.00981012 -0.00965788 -0.00966801 -0.00966858 -0.00962441
 -0.00991461 -0.00963614 -0.00958539 -0.0098254  -0.00978033 -0.00967821
 -0.00980962 -0.00968408 -0.00951436 -0.00984597 -0.00967615 -0.0096853
 -0.00976076 -0.00973111 -0.00988399 -0.00983005 -0.00955111 -0.00971326
 -0.00988322 -0.0097316  -0.00989702 -0.00970583 -0.00979476 -0.00970496
 -0.00961434 -0.00969212 -0.00982122 -0.0098491  -0.00984361 -0.009683
 -0.00982921 -0.00950722 -0.00975248 -0.0097709  -0.00975513 -0.00988357
 -0.00980764 -0.009801   -0.009771   -0.00977626 -0.00980122 -0.00970818
 -0.00977107 -0.00974698 -0.00961726 -0.00982105 -0.00969091 -0.00985771
 -0.0096618  -0.00974375 -0.00958913 -0.00981603 -0.00971239 -0.00978539
 -0.00959081 -0.00964187 -0.00977162 -0.00971335 -0.00953157 -0.0099338
 -0.00970219 -0.00967863 -0.00992082 -0.00991936 -0.00972669 -0.00975967
 -0.00978352 -0.00972218 -0.00986735 -0.00972494 -0.00981127 -0.0099484
 -0.00987332 -0.00965929 -0.00967838 -0.0097989  -0.00977632 -0.0098181
 -0.00981225 -0.00975748 -0.00977549 -0.00989516 -0.00983896 -0.00981694
 -0.00987948 -0.00979697 -0.00965975 -0.00957211 -0.00985592 -0.00985458
 -0.00962534 -0.00977572 -0.00970236 -0.00963466 -0.00987103 -0.00984225
 -0.00960266 -0.00972651 -0.00978898 -0.00970475 -0.00970005 -0.00964989
 -0.00978198 -0.00991386 -0.01228382 -0.0098444  -0.00985644 -0.00975228
 -0.00971136 -0.00980221 -0.00988036 -0.00988172 -0.00983545 -0.00973645
 -0.00981681 -0.00978027 -0.00971612 -0.00974905 -0.00968644 -0.00982454
 -0.00978448 -0.00982993 -0.00974084 -0.00959469 -0.00976586 -0.00996458
 -0.00961032 -0.00976635 -0.00989065 -0.00966533 -0.00975228 -0.00973986
 -0.00998989 -0.0098007  -0.00986038 -0.00964977 -0.00977919 -0.00965793
 -0.0096635  -0.00974675 -0.0098022  -0.00987003 -0.0094829  -0.00960932
 -0.0095685  -0.00969438 -0.00973239 -0.00973857 -0.00957286 -0.00984238
 -0.00961963 -0.00984067 -0.00981574 -0.00955649 -0.00949197 -0.00970656
 -0.00979283 -0.0097233  -0.00969818 -0.00967747 -0.00966233 -0.00975272
 -0.00967951 -0.00987989 -0.0097324  -0.00977668 -0.00980329 -0.00977153
 -0.00988175 -0.00960975 -0.00974858 -0.00995956 -0.00976444 -0.00971383
 -0.00985155 -0.01003164 -0.00970896 -0.00997982 -0.00983328 -0.00979418
 -0.00993436 -0.00980953 -0.00975718 -0.00978727 -0.00976104 -0.00976812
 -0.00965383 -0.00965966 -0.00971799 -0.00976919 -0.00984944 -0.00990635
 -0.00999258 -0.00973317 -0.00965128 -0.00982669 -0.00964458 -0.00973657
 -0.00966702 -0.00953957 -0.0097074  -0.00981548 -0.00991587 -0.00981031
 -0.00991182 -0.00982849 -0.00973255 -0.009744   -0.00970735 -0.00982376
 -0.00984123 -0.00977898 -0.00959698 -0.00981349 -0.00976165 -0.00981164
 -0.00970552 -0.00988697 -0.00989143 -0.00974728 -0.00972933 -0.00960226
 -0.00977661 -0.00975877 -0.00977359 -0.00970098 -0.00970283 -0.00985762
 -0.00979708 -0.00976984 -0.00977644 -0.00989382 -0.00975252 -0.00972213
 -0.00985917 -0.00972322 -0.00976407 -0.00965597 -0.00979499 -0.00978676
 -0.00991579 -0.00984566 -0.00975498 -0.00965646 -0.00968691 -0.0097831
 -0.00977479 -0.00968845 -0.00974498 -0.00953338 -0.00974771 -0.00980821
 -0.00972148 -0.00972748 -0.00980031 -0.00984428 -0.00957564 -0.00972041
 -0.00979632 -0.01003738 -0.00965683 -0.0097304  -0.00977941 -0.00987331
 -0.00960586 -0.01004663 -0.00966433 -0.00960928 -0.00971679 -0.00949874
 -0.00974887 -0.00979947 -0.00989915 -0.00961716 -0.00972172 -0.00977535
 -0.00983117 -0.00970805 -0.00985218 -0.00969035 -0.00968595 -0.00987719
 -0.00986485 -0.00968582 -0.00971828 -0.00985817 -0.00973148 -0.00967485
 -0.00964891 -0.00977097 -0.00982228 -0.00984654 -0.00961101 -0.00958746
 -0.00974415 -0.0096958  -0.00968724 -0.00980508 -0.0096935  -0.00988128
 -0.00975303 -0.00953911 -0.00963724 -0.0097096  -0.00991571 -0.00981989
 -0.00986875 -0.0096164  -0.00954656 -0.00971336 -0.00967947 -0.00978092
 -0.0098989  -0.00983615 -0.00969682 -0.00998617 -0.00960986 -0.00984169
 -0.00981424 -0.00962972 -0.00984767 -0.00967494 -0.00975923 -0.00973834
 -0.00989265 -0.0098396  -0.00978708 -0.00987827 -0.00973683 -0.0095306
 -0.00969154 -0.00985543 -0.00975876 -0.00974198 -0.00963772 -0.00969445
 -0.00983905 -0.00962705 -0.00961523 -0.0094449  -0.00998116 -0.00983498
 -0.00971924 -0.00981339 -0.00978263 -0.00987952 -0.00991233 -0.00980918
 -0.00987718 -0.00978699 -0.00971433 -0.00954399 -0.0096272  -0.00965816
 -0.00984353 -0.00976639 -0.00967021 -0.00982412 -0.0097937  -0.01005445
 -0.00988374 -0.00983114 -0.00988588 -0.0096843  -0.00973006 -0.00965819
 -0.00964958 -0.00960217 -0.00979283 -0.00978775 -0.00972887 -0.00992788
 -0.00972756 -0.00956043 -0.00967745 -0.00974344 -0.00958725 -0.00973044
 -0.00976804 -0.00974716 -0.00971015 -0.00995615 -0.00984514 -0.0096865
 -0.00969622 -0.00969903 -0.0099616  -0.00967757 -0.00974783 -0.00986167
 -0.00993395 -0.00970359 -0.00993543 -0.00963997 -0.00958055 -0.00973779
 -0.00966834 -0.00968032 -0.00986569 -0.00970777 -0.00975498 -0.00969864
 -0.00994953 -0.00973759 -0.0098124  -0.00968545 -0.00961439 -0.00992754
 -0.00985013 -0.00965646 -0.00987998 -0.00989715 -0.00984611 -0.00978459
 -0.00973838 -0.0098892  -0.00974761 -0.00967841 -0.00971942 -0.00966204
 -0.00968294 -0.00987925 -0.00989931 -0.00959095 -0.0096255  -0.00974402
 -0.00969672 -0.00973201 -0.00977053 -0.00956412 -0.01000892 -0.00975049
 -0.00975595 -0.00977339 -0.00982401 -0.00977842 -0.00984033 -0.0098219
 -0.0096114  -0.00981248 -0.00975401 -0.0098861  -0.00994257 -0.00983582
 -0.00972555 -0.00969344 -0.00996944 -0.00973416 -0.00970487 -0.00971999
 -0.00981183 -0.00991851 -0.00975318 -0.00977734 -0.00978931 -0.00984691
 -0.00983072 -0.00984333 -0.00962324 -0.00974397 -0.00982598 -0.00977416
 -0.00984049 -0.0098166  -0.00973833 -0.00972166 -0.00977497 -0.00979314
 -0.00976281 -0.00964143 -0.00990032 -0.00982723 -0.00976785 -0.00963702
 -0.00979025 -0.00996495 -0.00977607 -0.00953579 -0.00979959 -0.00972011
 -0.00999256 -0.00948854 -0.00980756 -0.00959027 -0.00983888 -0.00973543
 -0.00988176 -0.00972723 -0.00963913 -0.00973666 -0.00982353 -0.00979718
 -0.00976013 -0.00981559 -0.00988238 -0.00980278 -0.00985146 -0.00980803
 -0.00953552 -0.0097234  -0.00981947 -0.0096965  -0.00982604 -0.00987898
 -0.0096671  -0.00989172 -0.00978286 -0.00974453 -0.00982513 -0.00977502
 -0.00977836 -0.00974972 -0.00987142 -0.00968846 -0.00969346 -0.00963869
 -0.00989342 -0.00975061 -0.00979555 -0.00979503 -0.00960432 -0.00970713
 -0.00969565 -0.00994798 -0.00977125 -0.00977756 -0.00969111 -0.00971689
 -0.00975203 -0.00970772 -0.00989267 -0.00976523 -0.00985228 -0.00972184
 -0.00986549 -0.00970285 -0.00985272 -0.00978578 -0.00983412 -0.00973935
 -0.00981502 -0.00975174 -0.0096995  -0.00987926 -0.00967239 -0.00980708
 -0.00967433 -0.00979575 -0.01002306 -0.00985249 -0.00976452 -0.00972646
 -0.00990489 -0.00981919 -0.00971599 -0.0098278  -0.0096939  -0.00959495
 -0.00966085 -0.00968084 -0.0097074  -0.00963361 -0.00970457 -0.00980555]"
German Chocolate Icing,"[""1 stick margarine"", ""3 eggs yolks"", ""1 c. sugar"", ""1 c. Milnot"", ""1 tsp. vanilla"", ""1 c. coconut"", ""1 c. nuts""]","[""Cook first 4 ingredients until thick."", ""Add vanilla, coconut and nuts."", ""Spread on cake.""]","[""sugar"", ""vanilla"", ""nuts"", ""eggs yolks"", ""margarine"", ""coconut""]","[-0.0093381  -0.00908761 -0.00928974 -0.00915643 -0.0092706  -0.00917244
 -0.00922497 -0.00907965 -0.00931049 -0.00924054 -0.00929538 -0.00938819
 -0.0091016  -0.00917002 -0.00923131 -0.00934187 -0.00928506 -0.0091241
 -0.0091187  -0.00927579 -0.00918389 -0.00950686 -0.00937834 -0.00934645
 -0.00913594 -0.00922215 -0.0092744  -0.00933232 -0.0092714  -0.00925055
 -0.00929822 -0.00926208 -0.00911352 -0.00916567 -0.00912836 -0.00931792
 -0.00918942 -0.00947637 -0.00943047 -0.00921246 -0.00927273 -0.00919181
 -0.00901023 -0.00938462 -0.00919946 -0.00933602 -0.00935082 -0.00920844
 -0.00942667 -0.00921666 -0.00933409 -0.00918892 -0.00922871 -0.00927722
 -0.00920463 -0.00908279 -0.0092912  -0.00914332 -0.00916813 -0.0093319
 -0.00932322 -0.00923768 -0.00922787 -0.00931878 -0.00929451 -0.00919445
 -0.00916238 -0.00912406 -0.00938977 -0.00930651 -0.00931809 -0.00940093
 -0.00926545 -0.00939545 -0.00917945 -0.00930963 -0.0093863  -0.00916883
 -0.00920169 -0.0092941  -0.00927416 -0.00929894 -0.00897174 -0.0091586
 -0.00923497 -0.00897361 -0.00937113 -0.0092236  -0.00929472 -0.00918056
 -0.00937313 -0.00922185 -0.00914057 -0.00920407 -0.00924731 -0.00944586
 -0.00939643 -0.00916065 -0.00913054 -0.00919741 -0.00925639 -0.00922968
 -0.00923777 -0.00909202 -0.00946126 -0.00937008 -0.00934923 -0.00927789
 -0.00914156 -0.00922645 -0.00903622 -0.00932284 -0.00901977 -0.00912841
 -0.00949043 -0.00917929 -0.00923911 -0.0091672  -0.00933317 -0.00918477
 -0.00920074 -0.00922255 -0.00927813 -0.00913097 -0.00911871 -0.00914956
 -0.00936476 -0.00911498 -0.00922904 -0.00921486 -0.00922608 -0.00920482
 -0.00915156 -0.00930222 -0.00928907 -0.00918877 -0.00928667 -0.00929186
 -0.00910047 -0.0093136  -0.00931398 -0.00905582 -0.00922696 -0.00937861
 -0.00923772 -0.00924667 -0.00938969 -0.00915406 -0.00924264 -0.0092058
 -0.00910438 -0.00911541 -0.00941673 -0.00932812 -0.00915512 -0.0090835
 -0.0092746  -0.00918193 -0.00939184 -0.00934623 -0.00915434 -0.00912744
 -0.00929751 -0.00922141 -0.00922796 -0.00926397 -0.00925214 -0.00898695
 -0.00933819 -0.00900229 -0.00925609 -0.00925333 -0.00886254 -0.00923199
 -0.0094106  -0.00917302 -0.0092445  -0.00920647 -0.00919028 -0.00927465
 -0.00951293 -0.00914153 -0.00922801 -0.00942007 -0.00918515 -0.00919613
 -0.0091436  -0.00945779 -0.00916901 -0.00921427 -0.00936477 -0.00932222
 -0.00928186 -0.00925643 -0.00922599 -0.00927937 -0.00937179 -0.00936988
 -0.0091408  -0.00921023 -0.00918812 -0.00916348 -0.00920482 -0.00918095
 -0.00938635 -0.00922462 -0.00912807 -0.00940513 -0.00909291 -0.00932524
 -0.00920203 -0.00916686 -0.00907099 -0.00927536 -0.00919151 -0.00912533
 -0.00919635 -0.00926968 -0.00934312 -0.0092545  -0.00921344 -0.00916716
 -0.00944656 -0.00918829 -0.00932115 -0.0091015  -0.00931663 -0.00923619
 -0.00905401 -0.00911662 -0.00922937 -0.00929785 -0.0092826  -0.0092725
 -0.00942909 -0.00918671 -0.00911275 -0.00924236 -0.00902951 -0.00934491
 -0.00933067 -0.00928744 -0.00915411 -0.00930677 -0.00926178 -0.00925689
 -0.00922208 -0.00931904 -0.00923031 -0.00945107 -0.00914838 -0.00928963
 -0.00927812 -0.00936393 -0.00927129 -0.00919393 -0.0092675  -0.00929062
 -0.00922655 -0.00904706 -0.00911556 -0.00922002 -0.00902845 -0.00940391
 -0.00930927 -0.0092083  -0.00941488 -0.00932269 -0.00916645 -0.00932268
 -0.00937894 -0.00938077 -0.00941401 -0.00925982 -0.00923837 -0.00944101
 -0.00932618 -0.00918898 -0.00932022 -0.00933342 -0.00934019 -0.00923871
 -0.00934001 -0.00918797 -0.00930964 -0.00938244 -0.00932921 -0.00941619
 -0.00927091 -0.00926824 -0.00912545 -0.00890791 -0.00941167 -0.0093395
 -0.00914733 -0.00925472 -0.00927959 -0.00909435 -0.00917201 -0.00941772
 -0.009084   -0.00923371 -0.00938004 -0.00922951 -0.00925315 -0.00911233
 -0.00932733 -0.00942702 -0.01156251 -0.00939679 -0.00932813 -0.00930146
 -0.00931925 -0.00919628 -0.00936002 -0.00933166 -0.00937601 -0.00927283
 -0.00920938 -0.00929346 -0.00907914 -0.00922011 -0.00927307 -0.0092659
 -0.00909996 -0.00946652 -0.00924589 -0.00910289 -0.00928175 -0.00934137
 -0.00901749 -0.00919866 -0.00922429 -0.0091658  -0.0092935  -0.00917888
 -0.00946571 -0.00929971 -0.00930369 -0.00936431 -0.00914429 -0.00927701
 -0.00919765 -0.00938644 -0.00935689 -0.00931327 -0.00891905 -0.00904545
 -0.00912103 -0.00906427 -0.00919753 -0.00932726 -0.00906436 -0.00932725
 -0.00910017 -0.00950484 -0.00934929 -0.00915945 -0.00894891 -0.00926052
 -0.00927534 -0.00936008 -0.00935641 -0.00901184 -0.00905478 -0.00918015
 -0.00931704 -0.00947795 -0.00923683 -0.0092331  -0.00935763 -0.00918418
 -0.00929078 -0.00921224 -0.00944346 -0.00933598 -0.00927235 -0.00921026
 -0.00940237 -0.00937958 -0.00930472 -0.00952113 -0.00932457 -0.00932893
 -0.00941687 -0.00945561 -0.00915091 -0.00922439 -0.00931778 -0.00932286
 -0.00913867 -0.00907999 -0.0091969  -0.0092129  -0.00932719 -0.00933324
 -0.00947261 -0.00928315 -0.00914579 -0.00923284 -0.00930861 -0.00929361
 -0.00919902 -0.00917851 -0.00918064 -0.00935847 -0.00928739 -0.00931671
 -0.00945657 -0.00936674 -0.00904909 -0.00952461 -0.00915098 -0.00919507
 -0.00934703 -0.00929876 -0.00915743 -0.00928283 -0.00929746 -0.00932496
 -0.00922253 -0.00934383 -0.00934023 -0.00936819 -0.00917844 -0.00928768
 -0.00916802 -0.00927862 -0.00927266 -0.00917019 -0.00915969 -0.00923004
 -0.00922143 -0.00927284 -0.00928131 -0.0093496  -0.00927471 -0.00907553
 -0.00931604 -0.00928105 -0.00930869 -0.00920136 -0.00923926 -0.00914433
 -0.00934915 -0.00936585 -0.00932755 -0.00927869 -0.00900267 -0.00929477
 -0.00917433 -0.00914964 -0.00920177 -0.00916959 -0.0092194  -0.00930118
 -0.00918758 -0.00908546 -0.00928014 -0.00912732 -0.00912812 -0.00924922
 -0.00936083 -0.00938117 -0.00904345 -0.00924537 -0.0091728  -0.00929001
 -0.00904411 -0.00932831 -0.00920889 -0.00905704 -0.00924023 -0.00899979
 -0.00915568 -0.00931867 -0.0093861  -0.00904332 -0.0092393  -0.00927465
 -0.00941655 -0.00910752 -0.0093533  -0.00914081 -0.00916491 -0.0093647
 -0.00934864 -0.00919809 -0.00919013 -0.00934036 -0.00922112 -0.00912911
 -0.00930942 -0.00922255 -0.00938192 -0.00919541 -0.009131   -0.00924717
 -0.00918611 -0.00924477 -0.0092093  -0.00937945 -0.00940972 -0.00935624
 -0.00936501 -0.00904905 -0.00913026 -0.00922733 -0.00928551 -0.00929752
 -0.00938596 -0.00911583 -0.00913163 -0.00930691 -0.00914153 -0.00906276
 -0.00932773 -0.00930436 -0.00918458 -0.00957259 -0.00922043 -0.00936037
 -0.00931761 -0.00914043 -0.00924531 -0.00923958 -0.00925018 -0.00915449
 -0.0093961  -0.00927062 -0.00921521 -0.00933754 -0.00918263 -0.00915372
 -0.00909515 -0.00930758 -0.00932453 -0.00916998 -0.00917896 -0.00924996
 -0.0091918  -0.00909101 -0.00910052 -0.00900663 -0.00947898 -0.00928434
 -0.00913772 -0.00918066 -0.00913886 -0.00936665 -0.00937852 -0.00922206
 -0.00939385 -0.00931734 -0.00916403 -0.00919327 -0.00923762 -0.00909969
 -0.00941959 -0.0092704  -0.00918715 -0.00958602 -0.00924414 -0.00942843
 -0.00938124 -0.00918136 -0.00935094 -0.00932783 -0.00937282 -0.00909951
 -0.00915773 -0.00903905 -0.00924096 -0.00934929 -0.00930328 -0.00932604
 -0.00933667 -0.00918379 -0.00904563 -0.00917236 -0.00903609 -0.00918758
 -0.00925901 -0.00911608 -0.00938808 -0.00958313 -0.00933259 -0.00934295
 -0.0093845  -0.00919716 -0.0093524  -0.00911127 -0.00921585 -0.00927504
 -0.00949983 -0.00915953 -0.00942027 -0.00921656 -0.00918853 -0.00923502
 -0.00930436 -0.00914978 -0.00932475 -0.00908031 -0.00938375 -0.0092134
 -0.00935886 -0.00926023 -0.00928845 -0.00902219 -0.00919289 -0.00936004
 -0.00940132 -0.00907782 -0.00930162 -0.00935829 -0.00934501 -0.00918877
 -0.00922631 -0.00940539 -0.00912543 -0.00910471 -0.00922553 -0.00919938
 -0.00908565 -0.00937027 -0.00930321 -0.00905535 -0.00913904 -0.00933292
 -0.00900912 -0.00929155 -0.00926392 -0.00911688 -0.00932447 -0.009291
 -0.00927182 -0.00919634 -0.0092716  -0.00914246 -0.0092856  -0.00921771
 -0.00921322 -0.00928316 -0.00934336 -0.00924509 -0.00937834 -0.0091495
 -0.00927007 -0.00918864 -0.00938988 -0.00934929 -0.00907135 -0.00916716
 -0.00938118 -0.00932026 -0.00914417 -0.00923383 -0.00920907 -0.00923421
 -0.00921695 -0.00933758 -0.00912527 -0.00925269 -0.00912868 -0.00928641
 -0.00932213 -0.00930877 -0.00936143 -0.0092055  -0.00915499 -0.00934737
 -0.00920175 -0.00912225 -0.00954747 -0.00930668 -0.00937641 -0.00921351
 -0.00930029 -0.00957048 -0.00938627 -0.00910398 -0.00930506 -0.0092837
 -0.00925497 -0.00897046 -0.00933764 -0.0090769  -0.0094268  -0.00938926
 -0.0093788  -0.0092026  -0.00932082 -0.00939412 -0.00926353 -0.00921717
 -0.00933737 -0.00940863 -0.00931291 -0.0092633  -0.00919015 -0.00932549
 -0.00911093 -0.00934032 -0.00915726 -0.00927923 -0.00922547 -0.00930295
 -0.00919047 -0.00922121 -0.00920149 -0.00927876 -0.00938443 -0.0091969
 -0.00923277 -0.00911149 -0.00948615 -0.0093261  -0.00927641 -0.00927995
 -0.00940012 -0.00924043 -0.00937377 -0.00924105 -0.00919508 -0.00910798
 -0.00933322 -0.00951114 -0.009287   -0.00926754 -0.00912427 -0.00905559
 -0.0092274  -0.00919023 -0.00924987 -0.00916742 -0.00933748 -0.00930131
 -0.00939058 -0.00904602 -0.00923046 -0.0092594  -0.00939267 -0.0092663
 -0.00918156 -0.00918743 -0.00934776 -0.00942047 -0.00925445 -0.00918923
 -0.00929432 -0.00920282 -0.0094197  -0.00917399 -0.00921013 -0.00905019
 -0.00936329 -0.00935523 -0.00923915 -0.00934944 -0.0092169  -0.00917651
 -0.00908932 -0.00929995 -0.00926026 -0.0092565  -0.00929938 -0.0091516 ]"
Baked Chicken,"[""1/2 c. margarine"", ""1/2 c. all-purpose flour"", ""2 tsp. salt"", ""2 tsp. paprika"", ""1/4 tsp. pepper"", ""2 (3 lb.) broiler-fryers, skinned and cut into quarters""]","[""In a large roasting pan in 425\u00b0 oven, melt butter."", ""Meanwhile, in pie plate combine flour, salt, paprika and pepper."", ""Coat the chicken quarters evenly with mixture."", ""Place in roasting pan in melted butter."", ""Bake 30 minutes."", ""Turn the chicken pieces and bake 15 minutes more or until fork-tender.""]","[""pepper"", ""all-purpose"", ""fryers"", ""margarine"", ""paprika"", ""salt""]","[-0.01004062 -0.01009297 -0.01015916 -0.00995163 -0.00993342 -0.00993337
 -0.0100616  -0.00980677 -0.01014073 -0.01011712 -0.00997581 -0.00988812
 -0.00997743 -0.01001468 -0.01011361 -0.01018658 -0.00990193 -0.01000939
 -0.00991701 -0.00987282 -0.00999817 -0.01025108 -0.01020805 -0.01007009
 -0.00998437 -0.00997681 -0.01012833 -0.01006044 -0.0100292  -0.00994915
 -0.01003766 -0.01012767 -0.00971208 -0.0100239  -0.00990037 -0.01022955
 -0.00991931 -0.00999896 -0.01024897 -0.00993251 -0.00995387 -0.01006348
 -0.00978063 -0.01018887 -0.00996591 -0.00996533 -0.00996434 -0.00994149
 -0.01021235 -0.01007115 -0.00998603 -0.0100201  -0.01008744 -0.00997025
 -0.01000145 -0.00985522 -0.01002344 -0.00991828 -0.01010319 -0.01007949
 -0.00997681 -0.00999555 -0.01002259 -0.01013207 -0.01007033 -0.00995907
 -0.0099045  -0.00987957 -0.01011471 -0.00998816 -0.01010423 -0.01001385
 -0.01009292 -0.01010594 -0.00992014 -0.01005224 -0.00991038 -0.0099054
 -0.01004337 -0.00994906 -0.01013344 -0.0100708  -0.00981156 -0.00996497
 -0.0101097  -0.00980571 -0.01015553 -0.01012939 -0.01006821 -0.00984882
 -0.01010492 -0.00997658 -0.00993259 -0.00995587 -0.01008241 -0.01006942
 -0.01011621 -0.00991676 -0.00991696 -0.010058   -0.01018518 -0.01006056
 -0.01006306 -0.00983922 -0.01006699 -0.01000534 -0.01014557 -0.01006286
 -0.0098588  -0.01003451 -0.0099211  -0.0100534  -0.00976173 -0.01003258
 -0.010236   -0.0099019  -0.01008083 -0.0099806  -0.0100928  -0.0100689
 -0.01010545 -0.01011708 -0.01003737 -0.0098856  -0.00991464 -0.01008522
 -0.0101155  -0.01004843 -0.0100244  -0.0101041  -0.00999572 -0.00992545
 -0.00993077 -0.01000604 -0.01011842 -0.00985156 -0.009941   -0.01001806
 -0.00990093 -0.010207   -0.01021367 -0.00979609 -0.00987988 -0.01018013
 -0.01005554 -0.01006121 -0.01000841 -0.00995924 -0.00997851 -0.00991833
 -0.01002242 -0.00982171 -0.01017077 -0.01019878 -0.01001692 -0.00987821
 -0.01015028 -0.01002349 -0.00999629 -0.00997259 -0.00981764 -0.00999131
 -0.01000283 -0.01007217 -0.01007148 -0.01001759 -0.01003373 -0.00985171
 -0.01002488 -0.00989175 -0.01006814 -0.00991687 -0.00957697 -0.00994435
 -0.01004985 -0.00998249 -0.01005852 -0.01001233 -0.0099701  -0.0098934
 -0.01026824 -0.010157   -0.00987853 -0.01016562 -0.00999576 -0.01010397
 -0.00992314 -0.01018555 -0.00986955 -0.00979881 -0.01025079 -0.01000515
 -0.01003838 -0.0101136  -0.00992453 -0.0101958  -0.01007975 -0.00992593
 -0.00981843 -0.01012548 -0.00988912 -0.00992419 -0.00983552 -0.00981507
 -0.01007133 -0.00999838 -0.00988669 -0.01020487 -0.01003734 -0.01006555
 -0.01015127 -0.00986779 -0.00971077 -0.01004717 -0.01001485 -0.0099894
 -0.00982143 -0.01008688 -0.01015181 -0.01008529 -0.00985657 -0.00995393
 -0.01024077 -0.00990089 -0.01014378 -0.00990163 -0.01009859 -0.00998879
 -0.00994821 -0.00989734 -0.01013275 -0.01013976 -0.01010411 -0.00995316
 -0.01015117 -0.00988388 -0.00988226 -0.01000914 -0.00997129 -0.01014226
 -0.01007364 -0.01003751 -0.00987618 -0.01005493 -0.01010854 -0.01004329
 -0.01000164 -0.00999433 -0.00988534 -0.0101778  -0.00995158 -0.01010591
 -0.00992094 -0.01011279 -0.01001215 -0.01001396 -0.01015328 -0.01003659
 -0.00990004 -0.00983208 -0.0100153  -0.01003632 -0.00972291 -0.01015278
 -0.00997623 -0.00991558 -0.01013693 -0.01005721 -0.01003998 -0.01003252
 -0.01015692 -0.00995026 -0.01005212 -0.00988225 -0.01000261 -0.01021976
 -0.01005153 -0.01005162 -0.00999229 -0.01017469 -0.00993898 -0.01001777
 -0.01024831 -0.00999043 -0.01003023 -0.01028342 -0.01019673 -0.01027578
 -0.01017533 -0.009967   -0.00992557 -0.00968333 -0.01008763 -0.01022907
 -0.00982898 -0.01006823 -0.01004522 -0.0098408  -0.01000125 -0.01009271
 -0.00980976 -0.00999298 -0.01019356 -0.00990119 -0.00987898 -0.00997737
 -0.0101097  -0.01010064 -0.01235036 -0.01020252 -0.01004165 -0.01011536
 -0.00995538 -0.00999242 -0.01033967 -0.01028454 -0.00997324 -0.00994396
 -0.01005739 -0.01011054 -0.00994477 -0.01000766 -0.00999436 -0.01020058
 -0.00998779 -0.01012994 -0.01007265 -0.00989483 -0.00994387 -0.01018969
 -0.00988362 -0.01006155 -0.01013533 -0.00994339 -0.00999382 -0.00990684
 -0.01027141 -0.01007067 -0.01004384 -0.01006009 -0.01001177 -0.00991606
 -0.00991141 -0.010046   -0.01008775 -0.01012567 -0.00974527 -0.0098924
 -0.00982349 -0.00997463 -0.01014926 -0.010096   -0.00985454 -0.01011656
 -0.00980309 -0.01024834 -0.01008905 -0.00985349 -0.00980281 -0.00994996
 -0.00989669 -0.01011387 -0.01001985 -0.00981218 -0.00992186 -0.00988794
 -0.01005226 -0.01019973 -0.00996484 -0.01008208 -0.01013214 -0.00985013
 -0.01020762 -0.00995721 -0.01010037 -0.01012095 -0.0099712  -0.0098789
 -0.01014065 -0.01019229 -0.00992539 -0.010282   -0.01004382 -0.01003156
 -0.01022245 -0.01022005 -0.00995082 -0.01005564 -0.00996479 -0.01007623
 -0.00994199 -0.00999015 -0.01005895 -0.01002746 -0.01008384 -0.01018415
 -0.0101758  -0.01006482 -0.00985039 -0.0100909  -0.0099547  -0.00992214
 -0.00984968 -0.00979099 -0.01002382 -0.01004515 -0.01020282 -0.00998857
 -0.01022239 -0.01007215 -0.0098941  -0.01002762 -0.00996887 -0.01007353
 -0.01021339 -0.01003686 -0.00994389 -0.01004052 -0.01004756 -0.01011138
 -0.00994829 -0.01009499 -0.01018811 -0.00999834 -0.00987908 -0.01001389
 -0.00998899 -0.00990775 -0.01004151 -0.01005145 -0.01002367 -0.01004648
 -0.01000225 -0.01008196 -0.00992278 -0.01018145 -0.00993041 -0.00991686
 -0.01006346 -0.01009373 -0.01004587 -0.00990265 -0.00999654 -0.01005956
 -0.01015634 -0.01016394 -0.01014727 -0.00989416 -0.00993534 -0.01005131
 -0.01003525 -0.01000454 -0.01009144 -0.00973405 -0.01002899 -0.01004334
 -0.00995226 -0.0098558  -0.00996936 -0.00999776 -0.00994523 -0.00998785
 -0.01015947 -0.0102628  -0.00987526 -0.01015359 -0.01008503 -0.01012543
 -0.00993747 -0.01018341 -0.00994361 -0.00981657 -0.01005129 -0.00974083
 -0.0100017  -0.01002036 -0.01019501 -0.00992197 -0.010003   -0.01021249
 -0.0100574  -0.00990536 -0.01011672 -0.00997549 -0.01000165 -0.01017271
 -0.01014967 -0.00995191 -0.00993955 -0.01012924 -0.00993503 -0.00994232
 -0.00993673 -0.01003962 -0.01012427 -0.01004797 -0.00985099 -0.00997238
 -0.01004358 -0.00999842 -0.00992446 -0.01005253 -0.01004812 -0.01018735
 -0.01000081 -0.00978801 -0.009837   -0.01003566 -0.01017672 -0.0101733
 -0.01011964 -0.00994193 -0.0098329  -0.00996333 -0.00985506 -0.01012012
 -0.01002558 -0.01015147 -0.00999003 -0.01020627 -0.00994543 -0.01017349
 -0.01002851 -0.00971872 -0.00999078 -0.0100053  -0.01003066 -0.00996935
 -0.01020327 -0.01008326 -0.00991721 -0.01012275 -0.01006659 -0.00999879
 -0.01005062 -0.01016859 -0.01001967 -0.01004392 -0.00989294 -0.00993633
 -0.01007499 -0.00992052 -0.00985575 -0.0097978  -0.01018256 -0.01016035
 -0.01002154 -0.01003822 -0.00988334 -0.01018822 -0.01007979 -0.00994883
 -0.01018856 -0.01017058 -0.01005383 -0.00984963 -0.0098256  -0.00993233
 -0.01007904 -0.00998009 -0.0099013  -0.01023859 -0.00998126 -0.01039482
 -0.0101718  -0.0101065  -0.01014818 -0.01003316 -0.01015644 -0.00980563
 -0.00985368 -0.00987718 -0.01010123 -0.01012612 -0.01002553 -0.01006189
 -0.00987249 -0.00977671 -0.00996597 -0.01002062 -0.00985254 -0.01006051
 -0.01009426 -0.00998168 -0.0100718  -0.01038133 -0.01010656 -0.00998583
 -0.01011753 -0.00990837 -0.01021274 -0.01001917 -0.01002419 -0.0101714
 -0.01019688 -0.01005352 -0.0102226  -0.00995826 -0.00977205 -0.00989928
 -0.0099174  -0.00995147 -0.01004868 -0.0099639  -0.01013244 -0.00991342
 -0.01025722 -0.00994434 -0.01015584 -0.00990356 -0.00997151 -0.01009755
 -0.01011964 -0.00986864 -0.01007068 -0.01014059 -0.01017601 -0.00998569
 -0.01004719 -0.01017598 -0.01002557 -0.00987105 -0.0101255  -0.00995364
 -0.00995853 -0.01026284 -0.01010953 -0.00972379 -0.00995689 -0.01013717
 -0.00991555 -0.0099361  -0.0100173  -0.00979389 -0.01029642 -0.01013342
 -0.01004588 -0.00997685 -0.01005758 -0.01002794 -0.01007398 -0.01021055
 -0.00984586 -0.01002454 -0.00999169 -0.01009659 -0.01021142 -0.01008061
 -0.00996036 -0.00993235 -0.0102246  -0.0100135  -0.00990249 -0.00994738
 -0.0099938  -0.01017363 -0.00995849 -0.01002455 -0.01007295 -0.01010801
 -0.01005971 -0.01013906 -0.00985453 -0.01006605 -0.01003658 -0.00997431
 -0.0100404  -0.00995778 -0.01008702 -0.00988726 -0.0100006  -0.01012658
 -0.00992916 -0.00985825 -0.01021668 -0.01010954 -0.01008508 -0.0100231
 -0.01006633 -0.01026218 -0.01003005 -0.00988606 -0.01016086 -0.0098996
 -0.0101826  -0.00978786 -0.01021913 -0.00986121 -0.0101859  -0.01009673
 -0.01017435 -0.0099737  -0.00983602 -0.00991869 -0.01008506 -0.01004778
 -0.01014251 -0.01011465 -0.010113   -0.01013318 -0.01010256 -0.01008715
 -0.00982526 -0.01007214 -0.01004495 -0.01013913 -0.00998341 -0.0100072
 -0.00993814 -0.010082   -0.00999859 -0.0099369  -0.01019587 -0.01010342
 -0.01008175 -0.01003827 -0.01025523 -0.0100364  -0.01008081 -0.0099485
 -0.01015135 -0.00996863 -0.01019924 -0.01001605 -0.00984751 -0.01000376
 -0.01002029 -0.01013926 -0.01002336 -0.00997382 -0.00998855 -0.00992126
 -0.0100751  -0.01003745 -0.01009865 -0.00998136 -0.01009474 -0.00997041
 -0.01019611 -0.009801   -0.01008891 -0.01016159 -0.01013356 -0.01004455
 -0.00990819 -0.0100673  -0.01007885 -0.01012071 -0.00988764 -0.01006255
 -0.0100354  -0.00998013 -0.01017424 -0.01012524 -0.00998113 -0.00991217
 -0.01019636 -0.01006301 -0.0099681  -0.01007106 -0.00999443 -0.00993423
 -0.00999299 -0.01002819 -0.01000429 -0.01002093 -0.01001558 -0.01002699]"
Brisket,"[""brisket"", ""1 bottle chili sauce"", ""1 pkg. onion soup mix"", ""Coca-Cola"", ""1 chopped onion"", ""pureed jalapenos to taste""]","[""Mix ingredients. Use volume of Coca-Cola that will come up halfway the side of the brisket (when it is in the pan). Foil line the baking pan. Place brisket in pan and pour mixture over brisket. Lay foil on top of brisket and fold together with bottom foil to completely seal the brisket with the liquid mixture. Bake at 325\u00b0 for 35 to 40 minutes per pound of brisket.""]","[""brisket"", ""onion soup mix"", ""onion"", ""chili sauce""]","[-0.00927448 -0.00946232 -0.0094202  -0.00929699 -0.00932684 -0.00939338
 -0.00931392 -0.00924416 -0.00942325 -0.0094354  -0.00940805 -0.00931639
 -0.00934133 -0.00942683 -0.00945977 -0.00948005 -0.00942251 -0.00929016
 -0.00924373 -0.00931162 -0.00939279 -0.00950252 -0.00941881 -0.00943286
 -0.00923007 -0.00934468 -0.00949734 -0.00932176 -0.00959072 -0.00934282
 -0.00944869 -0.00945286 -0.00918212 -0.00939681 -0.00921103 -0.00961758
 -0.00938174 -0.00939712 -0.00949633 -0.00931394 -0.00943599 -0.00928315
 -0.00922408 -0.0094106  -0.00934397 -0.00939972 -0.00935825 -0.00945419
 -0.00953478 -0.00949375 -0.0094249  -0.00935107 -0.00935895 -0.0092603
 -0.00942932 -0.0092763  -0.00935901 -0.00936354 -0.00924465 -0.00939421
 -0.00929801 -0.00956153 -0.00937397 -0.00943173 -0.00925015 -0.00927611
 -0.00921884 -0.00927915 -0.0095095  -0.00927297 -0.0093548  -0.0093366
 -0.00943163 -0.00945613 -0.00935786 -0.00944327 -0.00931322 -0.00927988
 -0.00934081 -0.0094131  -0.00944268 -0.00931996 -0.00938639 -0.00919683
 -0.00940923 -0.00933593 -0.00937075 -0.00937608 -0.00935598 -0.00925466
 -0.00942275 -0.00936775 -0.00936352 -0.0093338  -0.00958542 -0.00931215
 -0.0094659  -0.00935553 -0.00936632 -0.00944391 -0.00947223 -0.00938998
 -0.00936823 -0.00927975 -0.00937845 -0.00938954 -0.00940717 -0.00933267
 -0.009217   -0.00942618 -0.00927165 -0.00932217 -0.00916387 -0.00930492
 -0.00949367 -0.00913459 -0.00934851 -0.0093722  -0.00940123 -0.00940534
 -0.00950479 -0.00943907 -0.00945926 -0.00925889 -0.00938051 -0.00945901
 -0.00946632 -0.0094076  -0.00934336 -0.00948529 -0.0093215  -0.00926872
 -0.009478   -0.0093995  -0.0094305  -0.00933056 -0.00936327 -0.00923752
 -0.00921557 -0.00953815 -0.00935784 -0.00923462 -0.00927484 -0.00959023
 -0.00939282 -0.00932339 -0.0093728  -0.00933874 -0.00944018 -0.00925687
 -0.00941037 -0.00918442 -0.00955823 -0.00948637 -0.00933463 -0.00941642
 -0.00936187 -0.0094524  -0.00947572 -0.00936783 -0.00932736 -0.00931803
 -0.00943331 -0.00934836 -0.00947606 -0.00937479 -0.00944837 -0.00931342
 -0.00937529 -0.00928318 -0.00940869 -0.00942402 -0.00924483 -0.00940435
 -0.00943401 -0.00923811 -0.00944846 -0.00942078 -0.00937379 -0.0092413
 -0.00966048 -0.00930745 -0.00931811 -0.00943004 -0.00931867 -0.00939242
 -0.00921468 -0.00941172 -0.00924642 -0.00935168 -0.0094006  -0.00948258
 -0.00936705 -0.00936967 -0.0093398  -0.00937994 -0.00943005 -0.00946555
 -0.00924177 -0.00951012 -0.00925272 -0.0094095  -0.00927108 -0.0093188
 -0.00951779 -0.00924838 -0.00930371 -0.0094978  -0.00940806 -0.00942099
 -0.00954318 -0.00938667 -0.00924983 -0.00935367 -0.00934951 -0.00942058
 -0.00931821 -0.00935344 -0.00953814 -0.00936246 -0.00929359 -0.00938624
 -0.00953908 -0.0092842  -0.00956698 -0.00932371 -0.00937837 -0.0093388
 -0.00934458 -0.00939262 -0.00934139 -0.00940218 -0.00951371 -0.00933507
 -0.00964993 -0.00936703 -0.00928236 -0.00952787 -0.00934256 -0.00945473
 -0.00952025 -0.0093864  -0.00930516 -0.0094555  -0.00949411 -0.00946199
 -0.0093868  -0.00942879 -0.00928893 -0.00946692 -0.00926478 -0.00936918
 -0.00929534 -0.00952804 -0.00933593 -0.00948596 -0.0093203  -0.00946532
 -0.00924411 -0.00937657 -0.00924246 -0.00934099 -0.00914609 -0.00941035
 -0.00930288 -0.00921067 -0.00949122 -0.00948598 -0.00933585 -0.00945727
 -0.00938445 -0.00937621 -0.00930902 -0.00946531 -0.00942684 -0.00961012
 -0.00933822 -0.00929915 -0.0093413  -0.00944762 -0.00943051 -0.00930707
 -0.00952082 -0.00945483 -0.00925458 -0.00958504 -0.00945704 -0.00939222
 -0.00951865 -0.00932509 -0.00946747 -0.00920437 -0.00943607 -0.00939565
 -0.00920104 -0.00938818 -0.0094044  -0.00935072 -0.00933297 -0.0094512
 -0.00926348 -0.00937521 -0.00955071 -0.00937801 -0.00932971 -0.00937886
 -0.00945403 -0.00950196 -0.01179819 -0.00944308 -0.00943396 -0.00946824
 -0.00931403 -0.0093507  -0.00948112 -0.00942397 -0.00947291 -0.00931242
 -0.00944346 -0.00949833 -0.00925405 -0.00944925 -0.00930605 -0.00956132
 -0.00939235 -0.00941961 -0.00949233 -0.00926586 -0.00939273 -0.00948333
 -0.00925023 -0.00947902 -0.00951671 -0.009277   -0.00931302 -0.00924025
 -0.00958383 -0.00940522 -0.00937982 -0.00932087 -0.00946403 -0.00932073
 -0.00935657 -0.00946952 -0.0094269  -0.0095552  -0.00928493 -0.00930416
 -0.00928099 -0.00925077 -0.00937547 -0.00933308 -0.00928036 -0.00939895
 -0.00929598 -0.00958425 -0.0093795  -0.00935153 -0.00925013 -0.00935316
 -0.00948177 -0.0094964  -0.00937291 -0.00931567 -0.00915342 -0.00948778
 -0.00938641 -0.0095468  -0.00937935 -0.00950755 -0.00931718 -0.00922005
 -0.00952198 -0.00929366 -0.00939119 -0.00955069 -0.00942942 -0.00939108
 -0.00950044 -0.00952546 -0.0093444  -0.00969368 -0.00943066 -0.00933398
 -0.00944094 -0.00952001 -0.00933606 -0.00949221 -0.00935396 -0.00937174
 -0.00933928 -0.00935259 -0.00939368 -0.00938059 -0.00931526 -0.00950131
 -0.00968616 -0.009416   -0.00927872 -0.00934934 -0.00934305 -0.00940698
 -0.0093464  -0.00926284 -0.00941271 -0.00950914 -0.00946694 -0.00948664
 -0.00935405 -0.00937182 -0.00939785 -0.00950826 -0.00933524 -0.00950668
 -0.00945593 -0.00935639 -0.00926164 -0.00948581 -0.00932256 -0.0093821
 -0.00934368 -0.00939881 -0.00960097 -0.00935263 -0.00942242 -0.0093336
 -0.00942413 -0.0093367  -0.00931029 -0.00934205 -0.00940134 -0.00939931
 -0.00941524 -0.00943595 -0.00949282 -0.00955679 -0.00945556 -0.00942246
 -0.00929571 -0.0094176  -0.00948838 -0.00945027 -0.00946628 -0.00944087
 -0.00947005 -0.00953977 -0.00941298 -0.00921315 -0.0093324  -0.00949513
 -0.00941281 -0.00940003 -0.00943868 -0.00913379 -0.00939709 -0.00947543
 -0.00940159 -0.00917121 -0.00934518 -0.0094845  -0.00934075 -0.00937777
 -0.00944248 -0.00956088 -0.00917313 -0.00937908 -0.00936193 -0.00946756
 -0.00929533 -0.00942044 -0.00935329 -0.00928709 -0.00948676 -0.00931426
 -0.00936674 -0.0093074  -0.00957118 -0.0093174  -0.00936299 -0.00949161
 -0.00948276 -0.00935619 -0.00945122 -0.00933125 -0.0093645  -0.00946508
 -0.0095055  -0.00945543 -0.0093336  -0.00942558 -0.00941724 -0.00936224
 -0.0092458  -0.0094338  -0.0094178  -0.00938958 -0.00929034 -0.00932363
 -0.00931827 -0.00944011 -0.00934244 -0.00952093 -0.00941474 -0.00948556
 -0.00928588 -0.00913322 -0.00937727 -0.00925394 -0.00944183 -0.00947357
 -0.00940985 -0.00925223 -0.00930892 -0.00929119 -0.00934296 -0.00943375
 -0.00957645 -0.00938175 -0.00927197 -0.00943539 -0.00940531 -0.00959279
 -0.00945667 -0.00923823 -0.00941684 -0.00934827 -0.00938863 -0.00938249
 -0.00943118 -0.00938335 -0.00946936 -0.00944148 -0.00933118 -0.00923895
 -0.00933193 -0.00947006 -0.00936539 -0.00941978 -0.00938327 -0.00937684
 -0.00942706 -0.00931571 -0.00921307 -0.00920115 -0.00963701 -0.00947839
 -0.00929153 -0.00941392 -0.00938715 -0.00953023 -0.00949453 -0.00947029
 -0.0094202  -0.00940073 -0.00942316 -0.00928366 -0.00924935 -0.00925441
 -0.00941649 -0.00937456 -0.00929306 -0.00957208 -0.00931135 -0.00962351
 -0.00943982 -0.00949247 -0.00938792 -0.00928718 -0.00945968 -0.00931082
 -0.00921696 -0.00923528 -0.0095314  -0.00944288 -0.00943823 -0.0094387
 -0.00928885 -0.00927896 -0.00941731 -0.0093906  -0.00923842 -0.00929366
 -0.00953118 -0.00940114 -0.00943052 -0.00954684 -0.00946973 -0.00945786
 -0.00934841 -0.00927855 -0.00951109 -0.00934753 -0.00938239 -0.00953293
 -0.00953082 -0.00938351 -0.00965817 -0.00939057 -0.00919132 -0.00936587
 -0.00935209 -0.00924723 -0.0094413  -0.0092009  -0.00942134 -0.00928393
 -0.00956284 -0.00936156 -0.00952161 -0.0092722  -0.00932119 -0.00959856
 -0.00948149 -0.00933787 -0.00942307 -0.00958964 -0.00945433 -0.00938429
 -0.00934144 -0.00944909 -0.00938767 -0.00916975 -0.00946532 -0.00936554
 -0.00938896 -0.00939642 -0.00946213 -0.00925688 -0.00941717 -0.00945375
 -0.00932492 -0.0094066  -0.00931735 -0.00929492 -0.0095809  -0.00930239
 -0.00935868 -0.00930357 -0.00947803 -0.00949843 -0.00943686 -0.0094013
 -0.00925888 -0.00941122 -0.00924479 -0.00952088 -0.00954625 -0.0094527
 -0.00936581 -0.00933502 -0.00953472 -0.00937518 -0.00929667 -0.00952429
 -0.00934923 -0.00956001 -0.00939759 -0.00925732 -0.0093158  -0.00946713
 -0.00937762 -0.00942429 -0.00931068 -0.00959536 -0.00944819 -0.00934522
 -0.00939591 -0.00940914 -0.00935883 -0.00928779 -0.00942301 -0.00947002
 -0.00938118 -0.00922807 -0.0095221  -0.00942089 -0.00945564 -0.00932053
 -0.00944205 -0.00943189 -0.00948338 -0.00914144 -0.00937588 -0.00935541
 -0.00950368 -0.00927755 -0.00950912 -0.00927606 -0.0094332  -0.00939135
 -0.00949457 -0.00942426 -0.00914015 -0.00941012 -0.00932395 -0.0094003
 -0.00949853 -0.00947686 -0.0094127  -0.00938265 -0.00941842 -0.00933671
 -0.00924909 -0.00942344 -0.00944619 -0.00942228 -0.00942266 -0.00937118
 -0.00933072 -0.00938738 -0.00944598 -0.00932325 -0.00950751 -0.00937883
 -0.0093579  -0.009289   -0.00946507 -0.00935705 -0.00942587 -0.00934117
 -0.009509   -0.00933213 -0.00940379 -0.00938297 -0.00935977 -0.00949723
 -0.00939526 -0.00950242 -0.00931027 -0.00934473 -0.00931505 -0.00924252
 -0.00949586 -0.00935313 -0.00959564 -0.00936397 -0.00938698 -0.0093535
 -0.00956417 -0.00924277 -0.00948013 -0.00953189 -0.00932584 -0.00932492
 -0.00949194 -0.00946764 -0.00932106 -0.00940569 -0.00920114 -0.00944936
 -0.00941414 -0.00934161 -0.00975743 -0.00943216 -0.00937336 -0.0093438
 -0.00944711 -0.00949094 -0.00933058 -0.00947374 -0.00934305 -0.00933577
 -0.00929494 -0.00948975 -0.00937533 -0.00947095 -0.0094277  -0.00944634]"
Broiled Tomato Wedges,"[""1/4 c. (1/2 stick) butter or margarine"", ""4 medium tomatoes, cut in 6 wedges"", ""1/2 tsp. salt"", ""1/4 tsp. freshly ground pepper""]","[""Melt butter in shallow baking pan."", ""Add tomatoes; turn to coat on all sides."", ""Broil 4 inches from heat 5 minutes or until hot. Sprinkle with salt and pepper."", ""Makes 6 servings.""]","[""freshly ground pepper"", ""butter"", ""tomatoes"", ""salt""]","[-0.00927499 -0.00930325 -0.00947414 -0.00920393 -0.00937614 -0.00918537
 -0.00947706 -0.00917578 -0.00929998 -0.0092702  -0.00927784 -0.0092828
 -0.00934868 -0.00927673 -0.00931968 -0.00931914 -0.00931519 -0.00922918
 -0.00930725 -0.00919846 -0.0091342  -0.00950057 -0.00943916 -0.00930914
 -0.00917056 -0.00927479 -0.0094166  -0.00940202 -0.00936261 -0.00926341
 -0.00928345 -0.00939543 -0.00899842 -0.0093535  -0.00930357 -0.00953962
 -0.00924468 -0.00926561 -0.00949929 -0.00922926 -0.00930951 -0.00927431
 -0.0090651  -0.0093955  -0.00919467 -0.00934763 -0.00929201 -0.00929696
 -0.00942377 -0.0093233  -0.00930283 -0.00929556 -0.00933106 -0.00939486
 -0.00941252 -0.00909029 -0.00927324 -0.00937797 -0.00926742 -0.0093651
 -0.00936391 -0.00927207 -0.00934062 -0.00937388 -0.00939317 -0.00928732
 -0.00930087 -0.00920677 -0.00958394 -0.00930663 -0.00928828 -0.00937634
 -0.00940889 -0.00938357 -0.00922223 -0.00947098 -0.00940971 -0.00922929
 -0.00928448 -0.00937781 -0.00942572 -0.00937915 -0.0092456  -0.00922954
 -0.00928591 -0.00915203 -0.00941351 -0.00935953 -0.0095124  -0.00909163
 -0.00944987 -0.00936509 -0.00908975 -0.00926239 -0.00939865 -0.00937159
 -0.00935382 -0.00922505 -0.00925826 -0.00915986 -0.00943843 -0.00924785
 -0.00922488 -0.00917588 -0.0095452  -0.00945256 -0.00950223 -0.00930113
 -0.00924823 -0.00938998 -0.00928592 -0.00928608 -0.00917611 -0.00922113
 -0.00953374 -0.00919341 -0.00924536 -0.00919817 -0.00933683 -0.00950946
 -0.00946443 -0.0093407  -0.00932476 -0.0091403  -0.00926888 -0.00951507
 -0.00937438 -0.009327   -0.00931033 -0.00944489 -0.00933113 -0.00914385
 -0.00940812 -0.00930912 -0.00941118 -0.00919118 -0.00927684 -0.00931148
 -0.00919901 -0.00955568 -0.00941568 -0.00918699 -0.00913441 -0.00937226
 -0.00921566 -0.00935635 -0.00923326 -0.00912822 -0.0092771  -0.00925087
 -0.00919613 -0.00922148 -0.00956862 -0.00939458 -0.00924042 -0.00916795
 -0.00935555 -0.00934298 -0.00935485 -0.00931774 -0.00916798 -0.00934549
 -0.00933814 -0.00931742 -0.00938798 -0.00934608 -0.0093696  -0.00919231
 -0.00944281 -0.00899671 -0.00938589 -0.00930275 -0.0090116  -0.00938518
 -0.00933097 -0.00930232 -0.00927906 -0.00935752 -0.00932916 -0.00926993
 -0.00959606 -0.00939196 -0.00919507 -0.00940534 -0.00931396 -0.00931503
 -0.0091293  -0.00955033 -0.00918716 -0.00903919 -0.00946347 -0.00945766
 -0.00939555 -0.00932375 -0.00924114 -0.00934592 -0.00942374 -0.00925544
 -0.00915028 -0.00940978 -0.00933939 -0.00922766 -0.00928669 -0.00931504
 -0.00946015 -0.00919499 -0.00918192 -0.00947984 -0.0093971  -0.0092937
 -0.00943176 -0.00922774 -0.00909261 -0.00944151 -0.00934036 -0.00932483
 -0.00925338 -0.00926977 -0.00946752 -0.00935706 -0.00929915 -0.00924595
 -0.00959074 -0.00919082 -0.0093692  -0.00916469 -0.00937922 -0.00926379
 -0.0092756  -0.00917426 -0.00931215 -0.00938528 -0.00928341 -0.00923759
 -0.00946475 -0.00920221 -0.00925034 -0.00938796 -0.0092417  -0.0094411
 -0.00941042 -0.00927843 -0.00916827 -0.00941307 -0.00937374 -0.00926578
 -0.00932823 -0.00923187 -0.00918637 -0.00949048 -0.00924617 -0.00933189
 -0.00930779 -0.00949438 -0.00921228 -0.00940804 -0.00928601 -0.0093977
 -0.00935761 -0.00920558 -0.00920202 -0.00931609 -0.00905566 -0.00939548
 -0.00924564 -0.00913875 -0.00941687 -0.00935853 -0.00919806 -0.0093796
 -0.00935133 -0.00926569 -0.00934457 -0.0092939  -0.00950016 -0.00958281
 -0.00935869 -0.00942361 -0.00940108 -0.00947918 -0.0093252  -0.00926054
 -0.00958941 -0.00926473 -0.0092526  -0.00946026 -0.00935358 -0.0094202
 -0.00953192 -0.00927802 -0.00924821 -0.00900851 -0.0094533  -0.00956128
 -0.00922225 -0.00930596 -0.00934076 -0.00937306 -0.00922377 -0.0094522
 -0.00917138 -0.00926887 -0.00948225 -0.00921247 -0.00934754 -0.00925247
 -0.00934674 -0.00937587 -0.01154121 -0.00941167 -0.00942805 -0.00938873
 -0.00919766 -0.00932391 -0.00961373 -0.0094918  -0.00939252 -0.00932397
 -0.0093077  -0.00941515 -0.00916076 -0.00933601 -0.00929286 -0.0094152
 -0.00921023 -0.00942969 -0.00940402 -0.00923507 -0.00921466 -0.00950701
 -0.009221   -0.00931097 -0.00937727 -0.0091338  -0.00929955 -0.00922249
 -0.00952099 -0.00937845 -0.00934691 -0.00927958 -0.00933507 -0.00929648
 -0.00929521 -0.00938514 -0.00949293 -0.00945507 -0.00917915 -0.00928573
 -0.00912716 -0.00933561 -0.00951303 -0.00937649 -0.00906903 -0.00937814
 -0.00915257 -0.00956747 -0.0093311  -0.00923821 -0.00921791 -0.00930071
 -0.00926642 -0.00935363 -0.00930287 -0.0092005  -0.00911716 -0.00934853
 -0.00944462 -0.00961322 -0.00921107 -0.00944423 -0.00937556 -0.00909897
 -0.0094453  -0.00932878 -0.00942859 -0.00925925 -0.00927489 -0.00923958
 -0.00946581 -0.00934161 -0.00927143 -0.0095902  -0.00934669 -0.00932896
 -0.00937229 -0.00942582 -0.0092425  -0.00930454 -0.00948281 -0.00942091
 -0.0092582  -0.0092839  -0.00937871 -0.0093288  -0.00940885 -0.00949958
 -0.00964319 -0.00937449 -0.00923633 -0.00937895 -0.00925085 -0.00921543
 -0.00912771 -0.00909862 -0.00931837 -0.00936744 -0.0094385  -0.00944588
 -0.0093498  -0.00941694 -0.00910495 -0.0093797  -0.00933702 -0.00935351
 -0.0094712  -0.00936259 -0.009322   -0.00930781 -0.00933729 -0.00944759
 -0.00919473 -0.00940734 -0.0094522  -0.00934534 -0.0091585  -0.00917707
 -0.00933298 -0.00930165 -0.00928584 -0.00925153 -0.00925536 -0.00937339
 -0.00929671 -0.00936781 -0.00927327 -0.00945403 -0.0092925  -0.00920556
 -0.00936086 -0.00948684 -0.00938105 -0.00926367 -0.00927929 -0.00938618
 -0.00947328 -0.009501   -0.00951694 -0.00921619 -0.00926831 -0.00933193
 -0.00932618 -0.00931828 -0.00944836 -0.00906357 -0.00932188 -0.00938947
 -0.00932813 -0.00917    -0.00939027 -0.00914641 -0.00931979 -0.00938679
 -0.00932145 -0.00943637 -0.00919652 -0.00931244 -0.00937552 -0.00945267
 -0.00922568 -0.00941207 -0.00922027 -0.00920279 -0.00946133 -0.0092437
 -0.00929833 -0.00935269 -0.00954218 -0.00916465 -0.00939061 -0.00943232
 -0.00930985 -0.0091972  -0.00947308 -0.00928449 -0.00923204 -0.00946911
 -0.00944297 -0.0093073  -0.00924342 -0.00945969 -0.00922466 -0.00928157
 -0.0093241  -0.00948098 -0.0094173  -0.00932101 -0.00927733 -0.00937299
 -0.00935723 -0.00936892 -0.00921351 -0.00942038 -0.00947136 -0.00937209
 -0.00923824 -0.00913222 -0.0091436  -0.00936702 -0.00938623 -0.00939282
 -0.00943357 -0.00923613 -0.00937761 -0.00927444 -0.00918551 -0.00944495
 -0.00949016 -0.0093515  -0.00930722 -0.00954066 -0.00928809 -0.0095403
 -0.0092231  -0.00906966 -0.00928207 -0.00933431 -0.00932752 -0.0092466
 -0.00941552 -0.00934309 -0.00929441 -0.00933965 -0.00936899 -0.00924035
 -0.00928304 -0.00938769 -0.00929001 -0.00935184 -0.00928737 -0.00934917
 -0.00929989 -0.00914978 -0.00906876 -0.00898148 -0.00941541 -0.00941159
 -0.00928295 -0.00931037 -0.00921256 -0.00945226 -0.00937968 -0.0093193
 -0.00938286 -0.00945029 -0.00929823 -0.00916199 -0.00926536 -0.0092629
 -0.00940495 -0.00931029 -0.00927957 -0.00950928 -0.00922506 -0.00953708
 -0.00941926 -0.009457   -0.00947784 -0.009375   -0.00953092 -0.00918454
 -0.00913275 -0.00909012 -0.00936724 -0.00943742 -0.00937754 -0.00939682
 -0.00912157 -0.00918253 -0.00924142 -0.00938235 -0.00916859 -0.00933776
 -0.00935973 -0.00938239 -0.00931669 -0.00959721 -0.00936992 -0.00934228
 -0.00942796 -0.00921693 -0.00949572 -0.00934922 -0.00943134 -0.00949716
 -0.00951284 -0.00928118 -0.00947557 -0.00918619 -0.00903561 -0.0093004
 -0.00930881 -0.00933123 -0.00933567 -0.00915052 -0.00921645 -0.00931496
 -0.00957177 -0.00933102 -0.00949671 -0.00919978 -0.00924546 -0.00943292
 -0.00938354 -0.00919876 -0.00936804 -0.00941058 -0.00944942 -0.00924066
 -0.00925005 -0.00950618 -0.00919691 -0.00919771 -0.00933269 -0.00931925
 -0.00941471 -0.00944217 -0.00941011 -0.00911181 -0.00922176 -0.00931493
 -0.00928911 -0.00932108 -0.00926385 -0.00916585 -0.00947611 -0.00935624
 -0.00941489 -0.00931736 -0.0095344  -0.00921646 -0.00941259 -0.0093872
 -0.00932325 -0.00935662 -0.00937127 -0.00941121 -0.00926221 -0.00924164
 -0.00934841 -0.00917424 -0.00944888 -0.00926099 -0.0092048  -0.00931605
 -0.00936799 -0.00949901 -0.00927135 -0.00934924 -0.0093538  -0.0093414
 -0.0093297  -0.00941659 -0.00918416 -0.00940141 -0.00939662 -0.00933174
 -0.00941236 -0.00929702 -0.00948527 -0.00926746 -0.00927379 -0.00962651
 -0.00925356 -0.00913642 -0.00948848 -0.00936803 -0.00938372 -0.00928816
 -0.00922892 -0.0095861  -0.00943833 -0.00911563 -0.00942994 -0.00917028
 -0.00945947 -0.00904026 -0.00951897 -0.00910996 -0.00945385 -0.00935785
 -0.0095032  -0.00931949 -0.00926762 -0.00922938 -0.0093782  -0.00922398
 -0.00936763 -0.0094549  -0.00941986 -0.0094235  -0.00935058 -0.00923723
 -0.00913426 -0.009285   -0.00927278 -0.00924691 -0.00925934 -0.00940402
 -0.00933735 -0.00927422 -0.00940797 -0.00926571 -0.00943252 -0.00934693
 -0.00928739 -0.00925806 -0.00948369 -0.00932754 -0.00938372 -0.00921131
 -0.00946981 -0.00931042 -0.00945265 -0.00932816 -0.00922607 -0.00932241
 -0.00936391 -0.00943824 -0.00924146 -0.0093025  -0.00927506 -0.00908265
 -0.00942347 -0.00933556 -0.00939134 -0.00908674 -0.0093658  -0.00931662
 -0.00949912 -0.00900594 -0.00934316 -0.00954558 -0.009443   -0.00931123
 -0.00934429 -0.00942166 -0.00937382 -0.00937316 -0.00927468 -0.00939272
 -0.00939731 -0.00916855 -0.00953267 -0.00920071 -0.00923453 -0.00924674
 -0.00935309 -0.00939455 -0.0093573  -0.00931019 -0.00932061 -0.00924085
 -0.00923044 -0.00936233 -0.00934386 -0.00939177 -0.00922828 -0.00940975]"
Golden Lemon Chicken,"[""4 skinless chicken breasts"", ""1 egg, beaten"", ""bread crumbs"", ""3 Tbsp. butter"", ""1 envelope Lipton Recipe Secrets golden herb lemon soup mix"", ""1 c. water""]","[""Dip chicken in egg, then in bread crumbs."", ""In skillet melt butter; brown chicken 10 minutes and turn."", ""Stir in soup mix blended with water."", ""Bring to boil."", ""Simmer, uncovered, 10 minutes until chicken is cooked."", ""Makes 4 servings.""]","[""egg"", ""chicken breasts"", ""water"", ""bread crumbs"", ""butter"", ""recipe secrets golden herb""]","[-0.00901536 -0.00890965 -0.00897246 -0.00884891 -0.00888698 -0.0087553
 -0.00894025 -0.00882848 -0.00901704 -0.00893939 -0.00892831 -0.00890476
 -0.00883466 -0.00884749 -0.00898187 -0.00902222 -0.00886398 -0.00876056
 -0.00879169 -0.0088107  -0.008962   -0.00904947 -0.00910013 -0.00908742
 -0.0088615  -0.00882771 -0.00904703 -0.00893448 -0.00886019 -0.00882885
 -0.0090115  -0.00891355 -0.00870584 -0.00889816 -0.00891806 -0.00906021
 -0.00893513 -0.00896253 -0.00911221 -0.00889316 -0.00890697 -0.00898825
 -0.00874232 -0.00904501 -0.00890694 -0.00897806 -0.00905221 -0.0089194
 -0.00903991 -0.00898612 -0.00901828 -0.00884468 -0.00911543 -0.00897414
 -0.00893634 -0.00886911 -0.00891015 -0.00889758 -0.00892178 -0.00901224
 -0.00895664 -0.00892567 -0.0089166  -0.00904611 -0.00899271 -0.00880017
 -0.00871306 -0.00877959 -0.00908929 -0.00893995 -0.00888327 -0.00897795
 -0.00889313 -0.00895332 -0.00882992 -0.0090501  -0.00891812 -0.00888313
 -0.0089957  -0.00877528 -0.00897038 -0.00894776 -0.00869965 -0.00882346
 -0.00902406 -0.00880645 -0.00901246 -0.00903504 -0.00903694 -0.0088153
 -0.0091751  -0.00884699 -0.00883111 -0.00881233 -0.00901976 -0.00902284
 -0.00903415 -0.00881664 -0.00873394 -0.00884395 -0.00904923 -0.00902371
 -0.00896429 -0.00881324 -0.00920565 -0.00893057 -0.00897906 -0.00898864
 -0.00880843 -0.00893475 -0.00880432 -0.0089722  -0.00869538 -0.00887021
 -0.00909866 -0.00881049 -0.00892366 -0.00888079 -0.00898936 -0.00890356
 -0.00882932 -0.0089241  -0.00892871 -0.00880006 -0.00875882 -0.00891245
 -0.00907452 -0.00894677 -0.00894397 -0.00900667 -0.0089336  -0.00891222
 -0.00886604 -0.00897742 -0.00898951 -0.00887462 -0.00887508 -0.00888573
 -0.00884725 -0.00911073 -0.00912302 -0.00865567 -0.00891655 -0.00911695
 -0.00886748 -0.00900152 -0.00883775 -0.00886916 -0.00883811 -0.00893837
 -0.00882472 -0.0086572  -0.00913658 -0.00909431 -0.00893073 -0.0087622
 -0.00912257 -0.00892238 -0.00892903 -0.00895134 -0.00883268 -0.0088883
 -0.00895784 -0.00895405 -0.00906503 -0.00895469 -0.0089344  -0.00877644
 -0.00901635 -0.00877306 -0.00890837 -0.00888513 -0.0085414  -0.00880914
 -0.00892025 -0.00886482 -0.00891057 -0.00883407 -0.00903289 -0.00877034
 -0.00914537 -0.00894697 -0.0088318  -0.00899913 -0.00891696 -0.00902885
 -0.00882187 -0.00913095 -0.00874092 -0.00879851 -0.00908456 -0.00899897
 -0.00894482 -0.0089704  -0.0088619  -0.00891414 -0.00902955 -0.00899613
 -0.00877304 -0.0089891  -0.00882761 -0.0088368  -0.00870181 -0.00877932
 -0.00904664 -0.00885332 -0.00886938 -0.00902756 -0.00896331 -0.0088654
 -0.00905236 -0.00879033 -0.00866585 -0.00905565 -0.0088591  -0.00887058
 -0.00884441 -0.00900465 -0.00896448 -0.00904154 -0.00877807 -0.00890359
 -0.00905354 -0.00894464 -0.00899829 -0.00880205 -0.00898847 -0.00899072
 -0.00878114 -0.00870427 -0.00911457 -0.00908178 -0.00897257 -0.0088633
 -0.00895676 -0.00875507 -0.00880342 -0.00896879 -0.00888241 -0.00898454
 -0.00894658 -0.00889403 -0.00887542 -0.00893258 -0.00900421 -0.0089005
 -0.00888115 -0.00894569 -0.00880595 -0.00911447 -0.00886584 -0.00887655
 -0.0089318  -0.00886551 -0.00884741 -0.00887943 -0.0090168  -0.00888668
 -0.0089106  -0.00883113 -0.00896331 -0.00898217 -0.00875199 -0.00909011
 -0.0089366  -0.00878469 -0.00912223 -0.00900556 -0.00891451 -0.00892964
 -0.0090807  -0.00885338 -0.00896707 -0.00883579 -0.00895189 -0.00914882
 -0.00902143 -0.00897978 -0.00890753 -0.00911695 -0.00893107 -0.00899138
 -0.00899214 -0.00896276 -0.00891463 -0.00914896 -0.00895676 -0.00909673
 -0.00909973 -0.00898082 -0.00888037 -0.00864565 -0.00894235 -0.00903522
 -0.00879078 -0.00902882 -0.00892638 -0.0087198  -0.00899358 -0.00899157
 -0.00879552 -0.00886894 -0.00903403 -0.00888144 -0.00869682 -0.00878191
 -0.00891504 -0.00896198 -0.01142022 -0.0090635  -0.00896666 -0.00893754
 -0.00889105 -0.00902621 -0.00917089 -0.00915975 -0.00887127 -0.00895553
 -0.0089683  -0.00889981 -0.00890448 -0.00905608 -0.00897898 -0.00905118
 -0.00901675 -0.00906457 -0.00897877 -0.00881811 -0.00895359 -0.00903072
 -0.00885652 -0.00887067 -0.00904593 -0.00885254 -0.00899975 -0.00893447
 -0.00911886 -0.00902165 -0.00905707 -0.00889614 -0.00894823 -0.0088805
 -0.0088509  -0.0089518  -0.00897257 -0.0090976  -0.00872544 -0.00884229
 -0.00876516 -0.00900005 -0.00892115 -0.00891986 -0.00887862 -0.00905406
 -0.0087701  -0.00908043 -0.00899686 -0.00879963 -0.00875493 -0.00883094
 -0.00878788 -0.00900926 -0.00894149 -0.00871516 -0.0088163  -0.00883492
 -0.00899971 -0.00917496 -0.00875653 -0.00898229 -0.00900097 -0.00882306
 -0.00899604 -0.00893332 -0.00891215 -0.00903011 -0.00902418 -0.00885365
 -0.00897816 -0.00909982 -0.00897233 -0.00924195 -0.00906025 -0.00897212
 -0.00909705 -0.00900521 -0.00896545 -0.00889826 -0.00892071 -0.00897042
 -0.008732   -0.00879191 -0.00900105 -0.00896183 -0.00894938 -0.00896278
 -0.00908526 -0.00889389 -0.00882404 -0.00898785 -0.00888493 -0.00888083
 -0.00882042 -0.00873562 -0.00888741 -0.00899345 -0.00908486 -0.00891796
 -0.00903253 -0.00893557 -0.0088631  -0.00899717 -0.00893703 -0.00893443
 -0.0090592  -0.00894457 -0.00877566 -0.00900668 -0.00892702 -0.00896498
 -0.00888019 -0.00896146 -0.00899785 -0.00893552 -0.00884899 -0.0088897
 -0.00889521 -0.00886847 -0.00909626 -0.00879766 -0.00892527 -0.0090031
 -0.00898968 -0.00895993 -0.00891339 -0.0090439  -0.0089008  -0.00877926
 -0.00899717 -0.00902147 -0.00905326 -0.00889585 -0.00894844 -0.00893678
 -0.00913027 -0.00904401 -0.00897587 -0.00891063 -0.00886098 -0.00898366
 -0.00896449 -0.0088895  -0.00890619 -0.00870563 -0.00896545 -0.00908093
 -0.00887368 -0.00882844 -0.00883225 -0.00893238 -0.00885499 -0.00897199
 -0.00905891 -0.00916367 -0.00881313 -0.00902062 -0.00897204 -0.00895179
 -0.00886186 -0.00916774 -0.00886965 -0.00883041 -0.00890475 -0.00871464
 -0.00878025 -0.00893497 -0.00912923 -0.00881514 -0.00891207 -0.00894398
 -0.00896649 -0.00880096 -0.00899934 -0.0088344  -0.00891298 -0.00914288
 -0.00905181 -0.00890672 -0.00890677 -0.00902625 -0.00884466 -0.00888566
 -0.00888512 -0.00904644 -0.00906655 -0.00901982 -0.00883331 -0.00883321
 -0.00891593 -0.00884063 -0.00892401 -0.00907721 -0.00906714 -0.00900901
 -0.00893165 -0.0087469  -0.00882714 -0.00891568 -0.00905754 -0.00907856
 -0.00900724 -0.0087944  -0.00876468 -0.00901297 -0.00877216 -0.00888754
 -0.00902383 -0.0090331  -0.00893172 -0.00916317 -0.00872648 -0.00909809
 -0.00890224 -0.0088164  -0.00894295 -0.00881114 -0.00903655 -0.00895445
 -0.00909192 -0.00904365 -0.00886209 -0.00907379 -0.0089526  -0.00888914
 -0.00892506 -0.00900963 -0.00896067 -0.00885061 -0.00887373 -0.00888134
 -0.00901182 -0.00881257 -0.00891214 -0.00874699 -0.00922068 -0.00899929
 -0.00898285 -0.00891676 -0.00885107 -0.00908    -0.00900411 -0.00891379
 -0.00916701 -0.00893984 -0.00891449 -0.00878714 -0.00891467 -0.00883357
 -0.00905204 -0.00896107 -0.00880379 -0.00904392 -0.00897039 -0.00926637
 -0.00899326 -0.00896875 -0.00905955 -0.00893024 -0.0090062  -0.00872107
 -0.00881097 -0.00882469 -0.00903431 -0.00902155 -0.00887614 -0.00906813
 -0.00881735 -0.0088223  -0.00873672 -0.00884467 -0.00873001 -0.00894563
 -0.00897862 -0.00890255 -0.00895377 -0.0091707  -0.00905102 -0.00891581
 -0.0089522  -0.00876675 -0.00915458 -0.00888025 -0.00886167 -0.00901711
 -0.00902354 -0.0089878  -0.00904252 -0.00877128 -0.00876271 -0.0087653
 -0.0088533  -0.00889498 -0.00906349 -0.00893519 -0.00899422 -0.00882359
 -0.0092399  -0.00896686 -0.00908375 -0.00877149 -0.00881483 -0.00889689
 -0.00908446 -0.00895537 -0.00900212 -0.00900087 -0.00911246 -0.00889236
 -0.00890696 -0.00900882 -0.00889141 -0.00881331 -0.00892273 -0.00882225
 -0.00881359 -0.00903528 -0.00896672 -0.00870057 -0.00890452 -0.00898692
 -0.00878902 -0.00894258 -0.00891199 -0.00874923 -0.0091077  -0.00894444
 -0.00886346 -0.00884811 -0.0089147  -0.0089033  -0.0088979  -0.00903058
 -0.00872528 -0.00893178 -0.00894564 -0.00899178 -0.00910087 -0.00895285
 -0.00885738 -0.00879612 -0.00908181 -0.00902233 -0.00880161 -0.00894265
 -0.00899185 -0.00913529 -0.0088997  -0.00898107 -0.00894799 -0.00899826
 -0.00896365 -0.00913986 -0.00873672 -0.00891023 -0.00897956 -0.0089079
 -0.00901464 -0.00887796 -0.00899742 -0.00885616 -0.00892407 -0.00892715
 -0.00901395 -0.00877875 -0.00907198 -0.00903145 -0.0090357  -0.00887342
 -0.00890548 -0.00914562 -0.00896038 -0.00875031 -0.00889784 -0.00881759
 -0.00911445 -0.00874363 -0.00902381 -0.00872976 -0.00903748 -0.00892456
 -0.00909026 -0.00890423 -0.00887728 -0.00891963 -0.00896055 -0.00903104
 -0.00906959 -0.00907782 -0.00898367 -0.00901943 -0.00905683 -0.00901068
 -0.00877505 -0.008968   -0.00903784 -0.00888356 -0.00896503 -0.00896032
 -0.00877053 -0.00905413 -0.00890375 -0.00884349 -0.00893042 -0.00900701
 -0.00899575 -0.00893992 -0.00904391 -0.00892844 -0.00890493 -0.00882166
 -0.00906267 -0.00886729 -0.00908164 -0.00891197 -0.00873903 -0.00877036
 -0.00889905 -0.00922511 -0.00899549 -0.00900195 -0.0089336  -0.00887866
 -0.00896872 -0.00878074 -0.00900613 -0.00888862 -0.00896751 -0.00892769
 -0.0091831  -0.00879738 -0.00893722 -0.00899904 -0.00910471 -0.00901509
 -0.00887849 -0.00896272 -0.00904572 -0.00903865 -0.00888438 -0.00891165
 -0.00889137 -0.00893669 -0.00909207 -0.00900733 -0.00884102 -0.00882313
 -0.00909619 -0.00901032 -0.00892366 -0.00898554 -0.0089119  -0.00888621
 -0.00884229 -0.00886199 -0.00891864 -0.00882831 -0.00888981 -0.00894658]"
"Ukranian ""Holubtsi""(Stuffed Cabbage Rolls)  ","[""3 lb. head cabbage"", ""1 c. sliced mushrooms"", ""1 c. chopped onions"", ""1 lb. raw ground beef"", ""3 Tbsp. cooking oil"", ""2 c. cooked rice (white or brown), cooked according to pkg. directions"", ""2 c. tomato juice"", ""salt and pepper""]","[""You will need a large casserole dish.""]","[""tomato juice"", ""cooking oil"", ""mushrooms"", ""head cabbage"", ""onions"", ""rice"", ""ground beef"", ""salt""]","[-0.00974146 -0.00972458 -0.00986157 -0.00998691 -0.00965244 -0.00973015
 -0.00979589 -0.00949373 -0.00990748 -0.00978845 -0.00985344 -0.00994894
 -0.01001698 -0.00964972 -0.00991437 -0.00956644 -0.00973336 -0.0097316
 -0.00992359 -0.00978044 -0.00964801 -0.00989791 -0.00996135 -0.00965623
 -0.00973357 -0.00982653 -0.00977059 -0.00965649 -0.00992172 -0.00996954
 -0.00987292 -0.00983477 -0.00967379 -0.00974391 -0.00965739 -0.00979777
 -0.00980115 -0.00995433 -0.00998252 -0.00977036 -0.00985401 -0.00981852
 -0.0096821  -0.00988364 -0.00977382 -0.0099649  -0.00972551 -0.00976037
 -0.00994552 -0.00985885 -0.00989458 -0.00972843 -0.00977317 -0.00998708
 -0.00983775 -0.00951666 -0.0098218  -0.00992141 -0.00979373 -0.00978519
 -0.0097526  -0.00951493 -0.00978698 -0.00991982 -0.0096822  -0.00972145
 -0.00981932 -0.00945661 -0.00993179 -0.00981595 -0.0098976  -0.00979394
 -0.00976003 -0.00983924 -0.00982346 -0.00986951 -0.00990839 -0.00980771
 -0.00969642 -0.00971481 -0.0098126  -0.00972854 -0.00988028 -0.00956459
 -0.00977082 -0.00980162 -0.00992614 -0.00979569 -0.00982304 -0.00950014
 -0.00980964 -0.00982215 -0.00966406 -0.00981218 -0.00979892 -0.00981459
 -0.00996832 -0.00967607 -0.00974926 -0.00973655 -0.00985489 -0.00975493
 -0.00986976 -0.00965199 -0.0099993  -0.00995265 -0.00981962 -0.00964849
 -0.00979879 -0.00980684 -0.00998691 -0.00984275 -0.00973158 -0.00982806
 -0.00983559 -0.00976568 -0.00986486 -0.00982639 -0.00983931 -0.00986503
 -0.00975681 -0.00987996 -0.00981028 -0.00942583 -0.00978986 -0.00986862
 -0.00983071 -0.00964589 -0.00983831 -0.00968634 -0.00982294 -0.00961959
 -0.00977948 -0.00986855 -0.00985121 -0.0096951  -0.00983176 -0.00983612
 -0.00976095 -0.00979408 -0.00989896 -0.00976613 -0.00986933 -0.00971269
 -0.00980691 -0.0099039  -0.00987794 -0.00968843 -0.00977445 -0.0098304
 -0.00987802 -0.00980693 -0.00986961 -0.00976656 -0.00988203 -0.0097845
 -0.00982238 -0.009815   -0.0096195  -0.00985866 -0.00962019 -0.0098111
 -0.00976893 -0.00975161 -0.00999778 -0.00990373 -0.00975319 -0.00961881
 -0.00979126 -0.0095851  -0.0097607  -0.00978266 -0.00950397 -0.0097568
 -0.00989391 -0.00968801 -0.00987388 -0.00979214 -0.00973932 -0.00978416
 -0.01022453 -0.00970927 -0.00970908 -0.00981942 -0.00975924 -0.00981932
 -0.00985752 -0.01000347 -0.00968276 -0.00992341 -0.00972842 -0.00992437
 -0.01010706 -0.00987781 -0.00963808 -0.00992164 -0.00991606 -0.01003987
 -0.00978248 -0.00980025 -0.00981646 -0.00979364 -0.00987476 -0.0096882
 -0.00977748 -0.0097024  -0.00972406 -0.0099135  -0.00980364 -0.0097614
 -0.00974595 -0.00982631 -0.00960616 -0.00988263 -0.00972596 -0.00976009
 -0.00977057 -0.00979843 -0.00984567 -0.00987574 -0.00987203 -0.00994611
 -0.01002266 -0.00975549 -0.0098193  -0.00955477 -0.00970501 -0.00991536
 -0.00976337 -0.00956116 -0.00984541 -0.0099409  -0.0095517  -0.00979531
 -0.0102418  -0.00981175 -0.00982084 -0.00987146 -0.00971118 -0.009935
 -0.00994985 -0.00972371 -0.00956788 -0.00985836 -0.00974221 -0.00983279
 -0.00983236 -0.00973906 -0.00980122 -0.00996731 -0.00971827 -0.00994314
 -0.00985585 -0.00993463 -0.0096049  -0.0099461  -0.00975285 -0.00987418
 -0.00983247 -0.00973136 -0.00971124 -0.00973372 -0.00953948 -0.00994934
 -0.00990183 -0.00994487 -0.00975652 -0.00964929 -0.00961331 -0.00984231
 -0.00983786 -0.00963721 -0.00998835 -0.0098415  -0.00995538 -0.01008541
 -0.00967224 -0.009809   -0.00990377 -0.00999177 -0.00988622 -0.00963886
 -0.00984802 -0.00963727 -0.00985554 -0.00989493 -0.00982546 -0.00974559
 -0.01002382 -0.00976709 -0.00978592 -0.00958605 -0.00997666 -0.00987793
 -0.00968971 -0.00971883 -0.00983583 -0.00969655 -0.00959852 -0.00996531
 -0.00978557 -0.0099669  -0.00972263 -0.00976024 -0.00991034 -0.00975655
 -0.00983823 -0.00985398 -0.01154502 -0.00976933 -0.0099611  -0.00986436
 -0.00964487 -0.00983184 -0.00994045 -0.00991794 -0.00997661 -0.00965785
 -0.01001638 -0.0098751  -0.00961183 -0.00990836 -0.00964687 -0.00968053
 -0.00978735 -0.00999231 -0.00982539 -0.00971461 -0.00976498 -0.00987212
 -0.00979524 -0.00989766 -0.00956666 -0.00975821 -0.00987651 -0.00985839
 -0.01001282 -0.00996487 -0.01004448 -0.00995752 -0.00971208 -0.00986779
 -0.00974659 -0.00990115 -0.00997401 -0.00985763 -0.00981866 -0.00977677
 -0.00981907 -0.00993726 -0.00982027 -0.00990228 -0.00932755 -0.00994754
 -0.00967985 -0.00996131 -0.00993291 -0.00972302 -0.00972189 -0.00979026
 -0.0097594  -0.00987426 -0.00962126 -0.00969287 -0.00973738 -0.00964639
 -0.00990235 -0.00988492 -0.00970592 -0.00957773 -0.00996921 -0.00975498
 -0.00979845 -0.00995854 -0.01003242 -0.0099696  -0.00982961 -0.00968325
 -0.0098717  -0.00954407 -0.00997917 -0.01023705 -0.00978607 -0.00976298
 -0.00993477 -0.00987031 -0.00982149 -0.00975473 -0.0100378  -0.01001946
 -0.0099202  -0.00979099 -0.00982437 -0.00991968 -0.01005426 -0.00974257
 -0.00997066 -0.00994866 -0.00953614 -0.009746   -0.00960311 -0.00972731
 -0.0098521  -0.00973395 -0.00965019 -0.00989412 -0.00982963 -0.00981997
 -0.00981115 -0.00982503 -0.00957604 -0.00992513 -0.00957703 -0.00989928
 -0.00994711 -0.00980286 -0.00946609 -0.00983199 -0.00971211 -0.0098352
 -0.00957048 -0.01007506 -0.00986985 -0.00976112 -0.00957428 -0.00955333
 -0.0098422  -0.00976118 -0.00981645 -0.00980688 -0.00992529 -0.01001201
 -0.0097021  -0.00972828 -0.00971303 -0.00986414 -0.00980569 -0.00974138
 -0.00982866 -0.01002534 -0.00974838 -0.00992412 -0.00979269 -0.00964685
 -0.00995914 -0.01007195 -0.01004496 -0.0099603  -0.00970531 -0.00987619
 -0.00969381 -0.00957926 -0.00977389 -0.00975685 -0.00981372 -0.00975601
 -0.00976133 -0.00969384 -0.00985538 -0.00984149 -0.00983077 -0.00995956
 -0.00983807 -0.00984281 -0.00960675 -0.00982708 -0.00993167 -0.00992767
 -0.00975207 -0.00982246 -0.00974828 -0.00970347 -0.00990074 -0.00974376
 -0.00994123 -0.00982883 -0.0098896  -0.00961374 -0.00978557 -0.009822
 -0.00994166 -0.00987245 -0.00984416 -0.00978306 -0.00978791 -0.00993591
 -0.00997384 -0.00965892 -0.0097928  -0.00989331 -0.00975514 -0.00965095
 -0.00962938 -0.00969832 -0.00974907 -0.00979651 -0.00965335 -0.00985291
 -0.00994584 -0.00960473 -0.00976159 -0.00993726 -0.00988202 -0.0098068
 -0.00970702 -0.0099395  -0.00989373 -0.00968963 -0.00974962 -0.00992012
 -0.00985328 -0.00981136 -0.00988781 -0.00982839 -0.00952376 -0.0097634
 -0.00991983 -0.00986433 -0.009882   -0.01006853 -0.00992506 -0.00978274
 -0.00987829 -0.00968945 -0.00980593 -0.00996379 -0.01003058 -0.00989781
 -0.01006042 -0.00981777 -0.00986929 -0.00971892 -0.00981707 -0.00980908
 -0.00987226 -0.00993787 -0.01010926 -0.00991333 -0.0095949  -0.01001234
 -0.00970531 -0.00985949 -0.00967227 -0.00959094 -0.00984723 -0.00992944
 -0.00957771 -0.0097224  -0.00964097 -0.00988229 -0.00996041 -0.00982333
 -0.00979959 -0.00986432 -0.00969117 -0.00957032 -0.00984104 -0.00965253
 -0.00973779 -0.00966252 -0.00996625 -0.01002866 -0.00988705 -0.01008294
 -0.00991108 -0.00971874 -0.00987616 -0.00983248 -0.00990133 -0.0097234
 -0.00983276 -0.00983172 -0.00979592 -0.00971825 -0.00979164 -0.00962002
 -0.00981386 -0.00981983 -0.00967094 -0.00991737 -0.00970801 -0.00984876
 -0.00990457 -0.00984891 -0.0098901  -0.00989778 -0.00976738 -0.00993258
 -0.00985489 -0.00959672 -0.00985518 -0.00976735 -0.00976386 -0.00997782
 -0.00977568 -0.00966677 -0.00997275 -0.00977373 -0.00964894 -0.00964442
 -0.00983849 -0.00974286 -0.00995803 -0.00993586 -0.00958367 -0.0096932
 -0.00989478 -0.00951031 -0.01002856 -0.00971935 -0.00974016 -0.00969669
 -0.0097241  -0.00961179 -0.00976964 -0.01004331 -0.00978991 -0.00977083
 -0.00970735 -0.00997313 -0.00957041 -0.0095861  -0.00962733 -0.00987314
 -0.00989872 -0.00982689 -0.009757   -0.00981828 -0.00966911 -0.00979514
 -0.00975028 -0.00978518 -0.00976276 -0.00973495 -0.01005475 -0.00994038
 -0.00985534 -0.00966827 -0.00976616 -0.0095773  -0.00984696 -0.00971759
 -0.00974046 -0.00988929 -0.00980779 -0.00981576 -0.00970663 -0.0096912
 -0.0097007  -0.00984963 -0.00991336 -0.009659   -0.00957306 -0.00973382
 -0.00976655 -0.00973784 -0.00951944 -0.00976512 -0.00974437 -0.00973469
 -0.00980722 -0.00978919 -0.00986146 -0.00982026 -0.00972405 -0.009854
 -0.00974318 -0.00976375 -0.0097714  -0.00972147 -0.01000483 -0.01000052
 -0.00981176 -0.0096644  -0.00982028 -0.01008565 -0.00996367 -0.00975727
 -0.00969974 -0.00978858 -0.00979409 -0.00976439 -0.00988009 -0.00978469
 -0.00979494 -0.0096746  -0.00983558 -0.00985259 -0.00980157 -0.00967274
 -0.00991828 -0.0099173  -0.00985711 -0.00998586 -0.00991216 -0.00988503
 -0.00987011 -0.0098926  -0.00984209 -0.009671   -0.0097606  -0.0099744
 -0.00988131 -0.00991926 -0.00979085 -0.00973541 -0.00967279 -0.00969728
 -0.00960883 -0.00989783 -0.00988029 -0.0097836  -0.00978132 -0.00969753
 -0.00986283 -0.00966658 -0.01001555 -0.00978323 -0.00982785 -0.00981078
 -0.00996581 -0.00972433 -0.00977829 -0.0097726  -0.00973937 -0.00990096
 -0.00981625 -0.01002574 -0.00994568 -0.01011574 -0.00963404 -0.00980998
 -0.00999215 -0.0098809  -0.00974794 -0.00974034 -0.00983377 -0.00991167
 -0.00981393 -0.00960152 -0.00980875 -0.00983406 -0.01007103 -0.0097393
 -0.0096699  -0.0096411  -0.00993427 -0.00990508 -0.00966287 -0.00992487
 -0.00971041 -0.00972661 -0.00990335 -0.00987626 -0.0098234  -0.00971792
 -0.00992048 -0.00987409 -0.00989685 -0.00991877 -0.00974541 -0.00987875
 -0.00977263 -0.00999987 -0.00989755 -0.00984949 -0.00981714 -0.00983571]"
Poppin' Fresh Barbecups(Club Member: Terah)  ,"[""3/4 lb. ground beef"", ""1/2 c. barbecue sauce"", ""2 Tbsp. brown sugar"", ""1 Tbsp. minced onion"", ""1 can biscuits"", ""3/4 c. shredded cheese""]","[""Brown ground beef; add barbecue sauce, sugar and onion."", ""Grease muffin tins and place a biscuit in each one."", ""Mold biscuit around tins, leaving a hollowed out place in middle."", ""Put beef mixture in each one and top with cheese."", ""Bake until biscuits are brown at 400\u00b0.""]","[""biscuits"", ""brown sugar"", ""onion"", ""shredded cheese"", ""barbecue sauce"", ""ground beef""]","[-0.00989432 -0.01006589 -0.00969074 -0.00981762 -0.00988597 -0.00977629
 -0.00964545 -0.00992378 -0.01002614 -0.0097126  -0.00976404 -0.00999273
 -0.01003306 -0.00973324 -0.00988444 -0.00974437 -0.00993171 -0.00992294
 -0.00982077 -0.00986679 -0.00965558 -0.00981583 -0.00996084 -0.00975173
 -0.00977068 -0.0097842  -0.00996536 -0.00977418 -0.00978203 -0.00999555
 -0.00964795 -0.00979663 -0.00994281 -0.0099999  -0.00979648 -0.00997103
 -0.00996918 -0.009817   -0.00984353 -0.00984248 -0.00997752 -0.01007416
 -0.00972615 -0.00982495 -0.0098722  -0.01007667 -0.00996472 -0.00977143
 -0.00993837 -0.01005819 -0.00986812 -0.00963692 -0.01002678 -0.00998735
 -0.00984531 -0.00950361 -0.00987809 -0.01010197 -0.00994761 -0.00989638
 -0.0099247  -0.00980218 -0.00974843 -0.01013325 -0.00987677 -0.00984933
 -0.00978043 -0.0095214  -0.01000517 -0.00977121 -0.00991578 -0.00984846
 -0.00988907 -0.00990667 -0.0099665  -0.00989087 -0.00989108 -0.00973621
 -0.00983232 -0.00984759 -0.0098004  -0.00987038 -0.00974613 -0.00960514
 -0.00993139 -0.0099425  -0.00988967 -0.00993476 -0.01005602 -0.00960916
 -0.01011671 -0.00997606 -0.00978575 -0.0097616  -0.00972675 -0.01001653
 -0.01001704 -0.00991726 -0.00978545 -0.00976455 -0.00989809 -0.00995637
 -0.00998136 -0.00969263 -0.0101725  -0.00987118 -0.00983152 -0.00995066
 -0.01004885 -0.00992795 -0.00968173 -0.01002643 -0.00989091 -0.01008892
 -0.01001253 -0.00994494 -0.00979102 -0.00975299 -0.00995915 -0.01005915
 -0.01003691 -0.00987527 -0.00971772 -0.00942652 -0.00994078 -0.00981746
 -0.00984982 -0.00974093 -0.00981632 -0.00994301 -0.00995546 -0.00974529
 -0.0098481  -0.0099885  -0.00989275 -0.00982414 -0.00987772 -0.00982341
 -0.00985842 -0.00981139 -0.01009105 -0.00995855 -0.00967979 -0.00991091
 -0.0097288  -0.00985893 -0.00991017 -0.00971949 -0.00990943 -0.00981123
 -0.00992614 -0.00976816 -0.01001794 -0.01009407 -0.00994855 -0.00987716
 -0.01000539 -0.0098284  -0.00996097 -0.00975947 -0.00987718 -0.00976413
 -0.00993288 -0.00970674 -0.01000153 -0.00994392 -0.00989051 -0.0097662
 -0.0099131  -0.009727   -0.00995198 -0.01001961 -0.00957207 -0.00988706
 -0.00982338 -0.00988625 -0.0097422  -0.00982249 -0.00988897 -0.00977142
 -0.01020799 -0.00963479 -0.00972103 -0.00985171 -0.00976924 -0.00992775
 -0.0097928  -0.01003002 -0.00978035 -0.00990557 -0.0098468  -0.00994168
 -0.00987122 -0.00960541 -0.00998333 -0.01000564 -0.00986787 -0.00993921
 -0.00988629 -0.00990868 -0.00977438 -0.00995292 -0.00984038 -0.00993977
 -0.0100664  -0.00979355 -0.00987463 -0.00996312 -0.00999139 -0.00986996
 -0.01005605 -0.00981146 -0.0099148  -0.00987531 -0.00980898 -0.00993178
 -0.00993773 -0.0098364  -0.00995049 -0.00992411 -0.00979839 -0.00964065
 -0.01004444 -0.00988026 -0.00978443 -0.00927608 -0.00975969 -0.01011791
 -0.00977171 -0.00974345 -0.0096688  -0.00996991 -0.00966179 -0.00994877
 -0.01009471 -0.00957514 -0.00991006 -0.00986825 -0.00971214 -0.00996863
 -0.01006332 -0.00969886 -0.00971153 -0.0099158  -0.00984062 -0.00984826
 -0.00986066 -0.0098322  -0.01003106 -0.01001858 -0.01005824 -0.00999999
 -0.00983595 -0.01001961 -0.00979393 -0.01008179 -0.00988796 -0.00993191
 -0.0097907  -0.00989345 -0.00964251 -0.00978938 -0.00963753 -0.0099653
 -0.00997124 -0.0099288  -0.00986421 -0.00964691 -0.00963901 -0.00988909
 -0.00990338 -0.0097449  -0.00981766 -0.0096084  -0.00999516 -0.00996349
 -0.00981292 -0.0099613  -0.00975285 -0.01018396 -0.00985032 -0.00961638
 -0.0101343  -0.00988807 -0.01009698 -0.00982487 -0.00977092 -0.00977646
 -0.00995682 -0.01001612 -0.00994736 -0.00982299 -0.01031422 -0.00987079
 -0.00972985 -0.00999855 -0.00982169 -0.00975496 -0.0100312  -0.00991287
 -0.00982405 -0.00979828 -0.00987478 -0.00984201 -0.00972921 -0.00983534
 -0.00973538 -0.01005215 -0.01136921 -0.00982016 -0.00993895 -0.00978676
 -0.00962154 -0.01021252 -0.00997095 -0.0100816  -0.01007615 -0.00970771
 -0.00991933 -0.00994674 -0.00952205 -0.01004576 -0.00982958 -0.00978031
 -0.010002   -0.01013231 -0.00994455 -0.00975232 -0.01002971 -0.00991587
 -0.00983942 -0.00996469 -0.00959948 -0.00984952 -0.01002742 -0.00981261
 -0.01010259 -0.00994931 -0.01018161 -0.00986152 -0.00988185 -0.00997118
 -0.00987641 -0.00994756 -0.00984571 -0.01011721 -0.00991486 -0.00987328
 -0.00992724 -0.01006104 -0.00984957 -0.00998504 -0.00958093 -0.0098893
 -0.00990735 -0.01012905 -0.01000995 -0.00972203 -0.00984488 -0.00998518
 -0.00979583 -0.01016285 -0.00975457 -0.0099909  -0.00979427 -0.00970522
 -0.01017646 -0.01027468 -0.00957127 -0.00987165 -0.00995726 -0.0097585
 -0.00980895 -0.01007767 -0.01001388 -0.00996594 -0.00992883 -0.00979748
 -0.00987334 -0.00969979 -0.01000216 -0.01039517 -0.009938   -0.00986975
 -0.00982376 -0.00975236 -0.00987734 -0.00992689 -0.00997937 -0.00990426
 -0.00978237 -0.00970911 -0.01002108 -0.01004627 -0.00988127 -0.00987117
 -0.01016569 -0.00986072 -0.00982075 -0.00992429 -0.00978358 -0.00985171
 -0.00972116 -0.00998796 -0.00980379 -0.01002015 -0.00972033 -0.0098828
 -0.00996383 -0.00979741 -0.00961323 -0.01001496 -0.00976218 -0.00989769
 -0.01012116 -0.00985302 -0.00987863 -0.00999881 -0.00971672 -0.01009181
 -0.00983804 -0.00995681 -0.01002097 -0.00995116 -0.00974987 -0.00959707
 -0.00988472 -0.00984665 -0.01009713 -0.00958453 -0.00999454 -0.00998048
 -0.00998327 -0.00965824 -0.009885   -0.00967979 -0.00992309 -0.00981593
 -0.00984582 -0.01004259 -0.00994661 -0.0100538  -0.00970019 -0.0098466
 -0.00996568 -0.01005441 -0.00990701 -0.00984303 -0.00990428 -0.00982361
 -0.00973961 -0.00969016 -0.00979255 -0.00978432 -0.00979682 -0.00991649
 -0.00979607 -0.00971604 -0.00981534 -0.01009317 -0.00976568 -0.01008661
 -0.00977598 -0.0099387  -0.00968253 -0.0100311  -0.00991621 -0.01024798
 -0.00969967 -0.01012917 -0.00965924 -0.0098118  -0.00998433 -0.00953135
 -0.00976706 -0.00988865 -0.00999688 -0.00986491 -0.00993735 -0.00984282
 -0.00985012 -0.00990936 -0.01002971 -0.00951425 -0.00979917 -0.01005673
 -0.00979224 -0.00965898 -0.00988187 -0.00983951 -0.0099373  -0.00976622
 -0.00969003 -0.00973239 -0.00992833 -0.00995096 -0.00970754 -0.00979433
 -0.00989433 -0.00970213 -0.00980545 -0.01000533 -0.01009661 -0.01009749
 -0.00981596 -0.00978409 -0.0096813  -0.00975726 -0.00973462 -0.01014491
 -0.00991547 -0.00975795 -0.00968777 -0.00987597 -0.00971846 -0.00963956
 -0.00976883 -0.00977725 -0.00989074 -0.01014039 -0.00990857 -0.00994156
 -0.00983998 -0.00991395 -0.00986636 -0.0097928  -0.00997689 -0.01002759
 -0.01000237 -0.00988056 -0.00978608 -0.00987047 -0.00996672 -0.00987841
 -0.00985074 -0.00971752 -0.01009904 -0.00974836 -0.00995724 -0.01012292
 -0.00976243 -0.00988166 -0.00975047 -0.00968145 -0.01008636 -0.00982527
 -0.00978202 -0.00995114 -0.00986075 -0.01002518 -0.00985518 -0.00984853
 -0.00982983 -0.00993289 -0.00980374 -0.00979053 -0.00996184 -0.00981925
 -0.00980838 -0.00987912 -0.00998093 -0.01008596 -0.00970058 -0.00995435
 -0.00992269 -0.00983348 -0.00991591 -0.00980542 -0.00991418 -0.00997162
 -0.01000029 -0.00980171 -0.00980909 -0.00989412 -0.00980958 -0.00984716
 -0.0098537  -0.01005704 -0.00989552 -0.00992773 -0.00977789 -0.00990958
 -0.00994755 -0.00984626 -0.00985592 -0.01019319 -0.0097631  -0.00996303
 -0.00976749 -0.00978546 -0.00984883 -0.00978235 -0.00959845 -0.00990608
 -0.0100151  -0.00979197 -0.00992573 -0.00978511 -0.00958872 -0.00976208
 -0.00996544 -0.00983913 -0.00992289 -0.00975707 -0.00976641 -0.009806
 -0.00995239 -0.00975055 -0.00987015 -0.00984644 -0.00981502 -0.00960525
 -0.0098177  -0.00988206 -0.00983848 -0.01009265 -0.01000386 -0.0097408
 -0.00999194 -0.00999606 -0.00974431 -0.00970668 -0.00993914 -0.00982446
 -0.00970589 -0.00987893 -0.00984463 -0.0098547  -0.00980696 -0.00975278
 -0.00968669 -0.00977402 -0.00964925 -0.00966269 -0.00993111 -0.00996719
 -0.0099128  -0.0097416  -0.00998859 -0.00977928 -0.00980484 -0.00964776
 -0.00982789 -0.01006943 -0.00986064 -0.00974221 -0.00973316 -0.0098493
 -0.00995652 -0.00981486 -0.00990678 -0.00969628 -0.00963273 -0.00972741
 -0.00997152 -0.00980604 -0.00960947 -0.00983249 -0.00986086 -0.00982
 -0.00994838 -0.00987873 -0.00971531 -0.00988645 -0.00972314 -0.00997588
 -0.00985702 -0.0099182  -0.00997326 -0.01002827 -0.00978295 -0.010178
 -0.01006073 -0.00982014 -0.00974042 -0.00988629 -0.00993812 -0.00985446
 -0.00989356 -0.00977753 -0.00987262 -0.00964147 -0.009929   -0.00992712
 -0.00985706 -0.00977842 -0.00997448 -0.00969527 -0.00994323 -0.00990162
 -0.01035231 -0.00998697 -0.00987708 -0.01005143 -0.00996961 -0.00993188
 -0.01004091 -0.00993302 -0.00986025 -0.00978058 -0.00987005 -0.00992679
 -0.00994766 -0.01000098 -0.0097244  -0.00984513 -0.00974012 -0.00982921
 -0.00979706 -0.00993542 -0.01010563 -0.00982504 -0.00981612 -0.00988717
 -0.00998989 -0.00987074 -0.00984266 -0.00972475 -0.00992013 -0.00987222
 -0.01018272 -0.00972999 -0.00974166 -0.00982913 -0.00962722 -0.00958565
 -0.01011882 -0.00981428 -0.01000453 -0.00995576 -0.00973487 -0.009678
 -0.00991013 -0.00986339 -0.00989056 -0.00976173 -0.00981968 -0.00999741
 -0.00972143 -0.00992766 -0.00979543 -0.01000867 -0.00998117 -0.00998969
 -0.00997363 -0.00993786 -0.0099889  -0.00968259 -0.00980099 -0.00990678
 -0.00983962 -0.00982389 -0.01001104 -0.0098245  -0.00988848 -0.00995899
 -0.00990195 -0.01013134 -0.00992154 -0.00981795 -0.00988508 -0.0099616
 -0.00989912 -0.01008386 -0.00998486 -0.00978782 -0.00995839 -0.01004594]"
Fluffy Yogurt Dressing,"[""1 (8 oz.) carton unflavored yogurt"", ""3 Tbsp. raspberry or strawberry or orange marmalade""]","[""Beat carton of yogurt and jam with hand beater."", ""Refrigerate. Makes 1 cup dressing.""]","[""unflavored yogurt"", ""raspberry""]","[-0.00926502 -0.00919004 -0.00900427 -0.00905382 -0.00906354 -0.00906627
 -0.0092024  -0.00890398 -0.00909926 -0.0091439  -0.00917808 -0.00915126
 -0.00899772 -0.00905698 -0.00919341 -0.00913111 -0.00909954 -0.00897209
 -0.00902368 -0.00896625 -0.00894943 -0.00926497 -0.00936291 -0.00914776
 -0.00892418 -0.00899897 -0.00913106 -0.00912459 -0.00905684 -0.00919035
 -0.00918317 -0.00905814 -0.00883734 -0.00893615 -0.00908925 -0.00927135
 -0.00903929 -0.00907584 -0.00927499 -0.00900392 -0.00908556 -0.00914265
 -0.00891955 -0.00930567 -0.00909909 -0.0092053  -0.00920458 -0.00904414
 -0.00929081 -0.00923658 -0.00914054 -0.00909568 -0.009221   -0.00922012
 -0.00908393 -0.00900964 -0.00900831 -0.00904983 -0.00910075 -0.00917683
 -0.0091353  -0.00897159 -0.00903809 -0.00924811 -0.00913463 -0.00899538
 -0.00902216 -0.00902761 -0.00928241 -0.00902375 -0.00911637 -0.00915167
 -0.00909683 -0.0090686  -0.00902105 -0.00915478 -0.00902234 -0.00903112
 -0.00909359 -0.00905506 -0.00924846 -0.00913962 -0.0088419  -0.00892994
 -0.00909248 -0.0089105  -0.00917255 -0.00903436 -0.00923309 -0.00891637
 -0.00923511 -0.00911427 -0.00903073 -0.00909725 -0.00906246 -0.00923945
 -0.00922722 -0.00906137 -0.00900008 -0.0090711  -0.00923423 -0.00910854
 -0.00909227 -0.00899427 -0.00925692 -0.00917786 -0.00907947 -0.00917926
 -0.00903597 -0.00909058 -0.00912585 -0.00921368 -0.00895307 -0.00899516
 -0.00921313 -0.00894368 -0.00912421 -0.00906082 -0.00918162 -0.00915792
 -0.00908954 -0.00916323 -0.00901473 -0.00890585 -0.00888498 -0.00912252
 -0.00928487 -0.00912073 -0.00912711 -0.00913233 -0.00905028 -0.00906263
 -0.00902409 -0.00916458 -0.00923426 -0.00891333 -0.00904163 -0.00908401
 -0.00897945 -0.00925562 -0.00917525 -0.00898912 -0.00907136 -0.00916155
 -0.00899694 -0.00921743 -0.00913207 -0.00893456 -0.00915037 -0.00914631
 -0.00911254 -0.00883027 -0.00929215 -0.00930409 -0.00892601 -0.00893501
 -0.0092042  -0.00912435 -0.00907414 -0.00902697 -0.00901664 -0.00898269
 -0.00930729 -0.00922089 -0.00913965 -0.00918593 -0.00897056 -0.00891435
 -0.00918598 -0.00895961 -0.00918637 -0.00904636 -0.00869007 -0.00893747
 -0.00906784 -0.00900291 -0.00889223 -0.00909535 -0.00905892 -0.00903487
 -0.00936312 -0.0091666  -0.00901379 -0.00918042 -0.00899502 -0.00906867
 -0.009013   -0.0092437  -0.00897247 -0.0090499  -0.00923411 -0.0092499
 -0.0090516  -0.00913801 -0.00904845 -0.0091352  -0.00913742 -0.0090087
 -0.00893891 -0.00923436 -0.00899393 -0.00893251 -0.0090093  -0.00895652
 -0.00911274 -0.00907232 -0.0090497  -0.00925848 -0.00912786 -0.00898065
 -0.00924059 -0.00888817 -0.00887089 -0.00914989 -0.0090632  -0.00913004
 -0.00889118 -0.00907027 -0.00922581 -0.00918528 -0.00900792 -0.00906928
 -0.00926212 -0.00896538 -0.00916863 -0.0089544  -0.0089245  -0.00909105
 -0.00899554 -0.00900029 -0.00925074 -0.00924089 -0.00904917 -0.00906172
 -0.00918813 -0.00900238 -0.00892436 -0.00907872 -0.00903682 -0.00921864
 -0.00923833 -0.00904364 -0.00899577 -0.00915837 -0.00920074 -0.00906243
 -0.008978   -0.00894202 -0.00904572 -0.00923844 -0.00902077 -0.00913057
 -0.00901079 -0.00921707 -0.00898491 -0.00915258 -0.00913988 -0.00916933
 -0.00897    -0.00888805 -0.00902284 -0.00912278 -0.00885665 -0.00926876
 -0.0090951  -0.00900813 -0.00922012 -0.00916086 -0.00905608 -0.00905829
 -0.00922607 -0.00902715 -0.00913114 -0.00903156 -0.0091366  -0.00938024
 -0.00905638 -0.00900876 -0.00906038 -0.00927196 -0.00906198 -0.00906045
 -0.00929208 -0.00903078 -0.00909161 -0.0093305  -0.00911287 -0.00924439
 -0.00923782 -0.00917898 -0.00912206 -0.00883217 -0.00926799 -0.00930483
 -0.00895895 -0.0090094  -0.00909075 -0.00897207 -0.00914798 -0.0091818
 -0.00892163 -0.00899109 -0.00906443 -0.00904979 -0.00906117 -0.00894417
 -0.00910423 -0.00929922 -0.01118121 -0.00926093 -0.00916392 -0.00910437
 -0.00901903 -0.00922937 -0.00922918 -0.00928444 -0.00923632 -0.00906686
 -0.00916461 -0.0090398  -0.00907508 -0.00911665 -0.00906935 -0.00922324
 -0.00898939 -0.00918322 -0.00912465 -0.00896057 -0.00907507 -0.00935015
 -0.0089553  -0.00906183 -0.00913589 -0.00893149 -0.00914591 -0.0090247
 -0.00935538 -0.00918105 -0.00916163 -0.00910791 -0.00916129 -0.00902642
 -0.00902597 -0.00915068 -0.00907844 -0.00922043 -0.0089034  -0.00898594
 -0.00874782 -0.00899927 -0.00914506 -0.00920907 -0.008945   -0.00929331
 -0.00898862 -0.00926371 -0.00919227 -0.00905368 -0.00891319 -0.00896244
 -0.00926939 -0.00919577 -0.00904627 -0.00893893 -0.00896377 -0.00888054
 -0.00914292 -0.00942181 -0.00901704 -0.00911    -0.00917365 -0.00901788
 -0.00911175 -0.00901105 -0.00921479 -0.00911228 -0.00905904 -0.00903235
 -0.00915741 -0.00931293 -0.00902627 -0.00945968 -0.00916785 -0.00904012
 -0.0092484  -0.00921684 -0.00896436 -0.00912878 -0.00911622 -0.00915394
 -0.00897403 -0.00896341 -0.00921024 -0.00917145 -0.00907095 -0.00919646
 -0.00928509 -0.00909307 -0.00900729 -0.00909956 -0.00904917 -0.00897405
 -0.00892023 -0.00894894 -0.00911392 -0.00910909 -0.00916609 -0.00916334
 -0.00930602 -0.00918036 -0.00896602 -0.00920813 -0.00897651 -0.00897261
 -0.00923768 -0.00917662 -0.00900893 -0.00911968 -0.00912162 -0.00914883
 -0.00902787 -0.00918222 -0.00915967 -0.00902168 -0.0089729  -0.00899075
 -0.00909516 -0.00899503 -0.00913243 -0.00902376 -0.00924671 -0.00910623
 -0.00910848 -0.00904229 -0.00910958 -0.00928391 -0.00894028 -0.00903825
 -0.00899673 -0.00917878 -0.00910834 -0.00905775 -0.00902882 -0.00912422
 -0.00919735 -0.00928195 -0.0091848  -0.00902961 -0.00905651 -0.00904431
 -0.00907732 -0.0091268  -0.00925165 -0.00897716 -0.00913736 -0.00907777
 -0.00898171 -0.00897196 -0.00903559 -0.0092073  -0.00903163 -0.00913551
 -0.00918399 -0.00920761 -0.00889388 -0.0091639  -0.00908779 -0.00924564
 -0.00900641 -0.00921751 -0.00908803 -0.0088557  -0.0091006  -0.00888977
 -0.00895739 -0.00904894 -0.00926721 -0.00901026 -0.00905754 -0.00912383
 -0.00923822 -0.00891352 -0.00918835 -0.00899317 -0.00901751 -0.0092042
 -0.00925988 -0.00897571 -0.00910941 -0.00933779 -0.00903795 -0.00913904
 -0.00904831 -0.00911236 -0.0092046  -0.00907504 -0.00890363 -0.00906667
 -0.00918576 -0.00898278 -0.00901678 -0.00920371 -0.00921294 -0.00922581
 -0.00910338 -0.00900725 -0.00898413 -0.00917113 -0.00917335 -0.00922468
 -0.00924507 -0.00908069 -0.00891941 -0.00915416 -0.00898557 -0.00915727
 -0.00906689 -0.00918187 -0.00909891 -0.00939359 -0.00915253 -0.00931404
 -0.00914655 -0.00892195 -0.00909079 -0.00915476 -0.00909752 -0.00900234
 -0.00934205 -0.00915361 -0.00906289 -0.00916008 -0.00914551 -0.00914002
 -0.00909327 -0.00918264 -0.00905625 -0.00899687 -0.00896004 -0.00913884
 -0.00911933 -0.00888459 -0.0090164  -0.00887065 -0.00932074 -0.0091665
 -0.00903658 -0.00910865 -0.00896576 -0.00925874 -0.00920496 -0.00908192
 -0.00926618 -0.00909011 -0.00910924 -0.00900475 -0.0090677  -0.00896967
 -0.0091412  -0.00904371 -0.00911654 -0.00930041 -0.00905135 -0.00942909
 -0.00917652 -0.00928415 -0.00928139 -0.00913174 -0.00930028 -0.00889077
 -0.00894646 -0.00894478 -0.00913204 -0.00913613 -0.0090783  -0.00906588
 -0.00902614 -0.00901472 -0.00906264 -0.0090704  -0.00897193 -0.00923804
 -0.00907321 -0.00915559 -0.00913473 -0.00946017 -0.00904767 -0.00908329
 -0.00913863 -0.00893125 -0.0091499  -0.00904005 -0.00907839 -0.00922953
 -0.00925087 -0.00914939 -0.0092281  -0.00895992 -0.00893177 -0.00902073
 -0.00916508 -0.00912477 -0.00918307 -0.00897757 -0.00909698 -0.00908535
 -0.00931854 -0.00913636 -0.00911798 -0.00907806 -0.00902034 -0.00918231
 -0.00922308 -0.00909043 -0.00909997 -0.00917972 -0.00921863 -0.00910296
 -0.00906128 -0.00932363 -0.00900329 -0.00894412 -0.00911974 -0.00896984
 -0.00903247 -0.00925066 -0.00919506 -0.0087923  -0.00906402 -0.00913637
 -0.00906191 -0.00904856 -0.00908263 -0.00901585 -0.00921301 -0.00908498
 -0.00908744 -0.00897192 -0.00922888 -0.00901729 -0.00912847 -0.00919537
 -0.00894066 -0.0092192  -0.00898699 -0.00916836 -0.00921887 -0.00904093
 -0.00904147 -0.00894165 -0.00931629 -0.00911656 -0.00907606 -0.00904127
 -0.00910523 -0.00928493 -0.00908552 -0.008974   -0.00924729 -0.00904716
 -0.00919251 -0.00915725 -0.00892537 -0.0092128  -0.00906718 -0.00925719
 -0.00922085 -0.00904607 -0.00917108 -0.00907514 -0.00915995 -0.00912991
 -0.00904741 -0.00892701 -0.00921809 -0.0092233  -0.00906614 -0.00900465
 -0.00899528 -0.00921195 -0.00904635 -0.00886061 -0.0092082  -0.00892969
 -0.00926853 -0.00887371 -0.00922444 -0.00895478 -0.00924228 -0.00898991
 -0.00924803 -0.0089908  -0.00899055 -0.00907582 -0.00909853 -0.0091746
 -0.009139   -0.00915621 -0.00918071 -0.00926292 -0.00917592 -0.00921748
 -0.00894419 -0.0091423  -0.00917966 -0.00918106 -0.00891791 -0.00900154
 -0.00897472 -0.00910764 -0.00908529 -0.00913173 -0.00913136 -0.00910942
 -0.00904506 -0.00911539 -0.00928571 -0.00917723 -0.00906247 -0.0090528
 -0.0092788  -0.00914084 -0.00921194 -0.00907619 -0.00907097 -0.0090275
 -0.00909252 -0.00928538 -0.00916769 -0.00912885 -0.00893346 -0.00907779
 -0.00909961 -0.00897967 -0.00921007 -0.00902238 -0.00912373 -0.00903657
 -0.00927237 -0.00891282 -0.00904609 -0.00921616 -0.00923024 -0.00904198
 -0.00903979 -0.00902255 -0.00911449 -0.00920256 -0.00899001 -0.00908754
 -0.00905892 -0.00904386 -0.00919915 -0.0091531  -0.00904366 -0.00893432
 -0.00926578 -0.00929129 -0.00918255 -0.00909106 -0.00908952 -0.00911462
 -0.00902824 -0.00911078 -0.00909593 -0.00900303 -0.00903812 -0.0090453 ]"
Portuguese Soup,"[""2 (10 oz.) pkg. frozen kale"", ""4 qt. canned chicken broth"", ""2 lb. linguica or chouricio or 1 lb. each"", ""2 (10 oz.) pkg. red kidney beans"", ""6 medium potatoes, diced""]","[""Place all ingredients into stockpot. When potatoes are ready (tender), soup is done.""]","[""red kidney beans"", ""potatoes"", ""chicken broth"", ""frozen kale""]","[-0.0093082  -0.00922251 -0.00933787 -0.00923177 -0.00913398 -0.00916159
 -0.00924048 -0.00907473 -0.00933303 -0.00926045 -0.00918325 -0.00914907
 -0.00912788 -0.0092882  -0.00919816 -0.00932269 -0.00918784 -0.00921935
 -0.00912331 -0.00911916 -0.00928245 -0.00938813 -0.00935748 -0.00926194
 -0.00915298 -0.00916942 -0.00929111 -0.00924772 -0.00939361 -0.00924
 -0.00932936 -0.00923469 -0.00899891 -0.00916312 -0.00923877 -0.00939965
 -0.00915783 -0.00927904 -0.00931573 -0.00922295 -0.00917824 -0.00921027
 -0.00899088 -0.00923705 -0.00921119 -0.00916177 -0.00923053 -0.00914782
 -0.00942265 -0.00922692 -0.00932867 -0.0091759  -0.00916799 -0.0092342
 -0.00928698 -0.00913352 -0.00921597 -0.00905829 -0.00923382 -0.00924302
 -0.00908984 -0.00910567 -0.00923563 -0.00932511 -0.00911121 -0.00914358
 -0.00914706 -0.00912745 -0.0093178  -0.00913135 -0.00923631 -0.0092062
 -0.00927848 -0.00930537 -0.00917824 -0.00929346 -0.00921797 -0.00912248
 -0.00925494 -0.00917366 -0.00917109 -0.0092674  -0.0090988  -0.00926631
 -0.00923144 -0.00912259 -0.00925606 -0.00921989 -0.00925621 -0.00922637
 -0.00927273 -0.00915768 -0.00918839 -0.00912025 -0.00923298 -0.00918128
 -0.00917883 -0.00917025 -0.00907982 -0.00930734 -0.00937993 -0.00933134
 -0.00921734 -0.00909982 -0.00938358 -0.00921491 -0.00935404 -0.00919388
 -0.00904866 -0.00922998 -0.00911035 -0.0092329  -0.00895238 -0.00922433
 -0.00937213 -0.0090587  -0.00916851 -0.00920264 -0.00929653 -0.0092457
 -0.00921653 -0.00914641 -0.00921371 -0.00904006 -0.00906124 -0.00919806
 -0.00931524 -0.00920493 -0.0091341  -0.00931402 -0.00911798 -0.00921343
 -0.00916474 -0.009178   -0.00929699 -0.00920874 -0.00922977 -0.00918361
 -0.00905047 -0.00930117 -0.00935092 -0.00902603 -0.00925408 -0.00932987
 -0.00922603 -0.00925722 -0.00927557 -0.00918104 -0.00909206 -0.00917314
 -0.00919755 -0.00895777 -0.0093768  -0.00930236 -0.00925995 -0.00914562
 -0.00928046 -0.00931316 -0.00920747 -0.00923947 -0.00907514 -0.00921101
 -0.00923416 -0.00920945 -0.00927996 -0.00915427 -0.00931027 -0.00898143
 -0.00919229 -0.0090521  -0.00923532 -0.00920978 -0.00892876 -0.00919083
 -0.00936416 -0.00911895 -0.00922565 -0.00916313 -0.00914193 -0.00904891
 -0.00945289 -0.00926599 -0.00911102 -0.00936878 -0.00917134 -0.00925882
 -0.00909886 -0.00934428 -0.00899201 -0.00910442 -0.00935032 -0.00935605
 -0.00924612 -0.00925619 -0.00918959 -0.00930795 -0.00923218 -0.00915692
 -0.00898632 -0.00930948 -0.00919794 -0.00917528 -0.00910403 -0.00898179
 -0.00932399 -0.00915513 -0.00912775 -0.00923438 -0.00910212 -0.0092497
 -0.0092966  -0.00913479 -0.00903079 -0.00933784 -0.00906432 -0.00918708
 -0.00912149 -0.00935968 -0.00929527 -0.00923682 -0.00912702 -0.00927802
 -0.00933058 -0.00921158 -0.00938952 -0.00913551 -0.00917743 -0.00911772
 -0.00903889 -0.0091227  -0.0092377  -0.00928709 -0.00921851 -0.00918692
 -0.00935954 -0.00907478 -0.00906882 -0.00918636 -0.00919754 -0.00920592
 -0.00927269 -0.00921542 -0.00921423 -0.0092339  -0.0092099  -0.00929548
 -0.00918265 -0.00934585 -0.0091197  -0.00932484 -0.00900361 -0.00912417
 -0.00909375 -0.00916132 -0.00924647 -0.00930161 -0.00917915 -0.00927696
 -0.00910888 -0.009121   -0.00928345 -0.00912542 -0.00899124 -0.00931705
 -0.00914668 -0.00908381 -0.00928364 -0.0093503  -0.0091619  -0.00925742
 -0.009263   -0.0091951  -0.00926827 -0.00924476 -0.00922467 -0.0093173
 -0.0092416  -0.00920772 -0.00928164 -0.00930775 -0.00920927 -0.00918206
 -0.00931243 -0.00926285 -0.00915606 -0.00936065 -0.00934733 -0.00941043
 -0.00926843 -0.00915009 -0.00913992 -0.00900901 -0.0092561  -0.00932519
 -0.00907489 -0.0092784  -0.00927426 -0.00902731 -0.00925051 -0.00935916
 -0.00914048 -0.00923846 -0.00927246 -0.00918718 -0.00909448 -0.00913083
 -0.00928321 -0.00924485 -0.01174779 -0.00930825 -0.00930074 -0.00917819
 -0.00917949 -0.0091576  -0.00939169 -0.00935413 -0.00919194 -0.0091672
 -0.00925692 -0.00913214 -0.00916158 -0.00924371 -0.00920801 -0.00925086
 -0.00930438 -0.00929537 -0.00931047 -0.00904585 -0.00922941 -0.00919951
 -0.00908674 -0.00914327 -0.00927466 -0.00910238 -0.00931629 -0.00906346
 -0.00944285 -0.00920115 -0.00923343 -0.00917742 -0.00915171 -0.0091571
 -0.00922872 -0.00923872 -0.0092966  -0.00931184 -0.00900109 -0.00910937
 -0.00923319 -0.00918302 -0.00915734 -0.00923805 -0.00916952 -0.00934658
 -0.00907076 -0.00930969 -0.00918161 -0.00912387 -0.00908978 -0.00919169
 -0.00928883 -0.00920288 -0.00923856 -0.00909366 -0.00905126 -0.00921954
 -0.00917496 -0.00938746 -0.00904721 -0.00928233 -0.0093524  -0.00917015
 -0.00932808 -0.00919705 -0.0093071  -0.00937306 -0.00920634 -0.00915956
 -0.00935517 -0.00931942 -0.009225   -0.00953123 -0.00927783 -0.00924937
 -0.00937584 -0.00937222 -0.00913725 -0.00924136 -0.00913546 -0.00927695
 -0.00902549 -0.00911818 -0.00923528 -0.00927441 -0.00930699 -0.00936273
 -0.00939115 -0.00921464 -0.00903209 -0.00922814 -0.0090719  -0.0091702
 -0.00900553 -0.00901874 -0.00924917 -0.00927851 -0.00926933 -0.00928996
 -0.00922137 -0.00934243 -0.00911423 -0.00921454 -0.00898125 -0.00925556
 -0.00933243 -0.00903472 -0.00900818 -0.00929169 -0.00926753 -0.00914898
 -0.00918906 -0.00921486 -0.00930492 -0.00920272 -0.00918827 -0.00925985
 -0.00905759 -0.00911502 -0.00915583 -0.00921708 -0.00926771 -0.00920866
 -0.00918953 -0.00933105 -0.00919488 -0.00935209 -0.00927723 -0.0091431
 -0.00935538 -0.00921598 -0.00922217 -0.00914793 -0.00914086 -0.00922811
 -0.00932154 -0.00929087 -0.00925866 -0.0092167  -0.00916312 -0.00933391
 -0.00918221 -0.00918412 -0.00924711 -0.00905319 -0.00927212 -0.00922353
 -0.00919302 -0.0090569  -0.00905542 -0.00927892 -0.00913775 -0.00911502
 -0.0094748  -0.00946969 -0.00910703 -0.00919655 -0.00918275 -0.00924713
 -0.00916152 -0.00944281 -0.00918986 -0.00904205 -0.00927975 -0.00916925
 -0.00912042 -0.00921202 -0.00940002 -0.00911493 -0.00921287 -0.00921353
 -0.00927108 -0.00918761 -0.00926722 -0.00925282 -0.0091615  -0.00916025
 -0.00929835 -0.00915124 -0.00917552 -0.00933621 -0.00916453 -0.00909223
 -0.00926602 -0.00924017 -0.00922392 -0.00927134 -0.00908578 -0.00912008
 -0.00923204 -0.00918486 -0.00908861 -0.00929167 -0.00930044 -0.00921943
 -0.00921251 -0.00906314 -0.0091407  -0.00914315 -0.00924118 -0.00930801
 -0.00924896 -0.00911228 -0.00914568 -0.00918111 -0.00904087 -0.00929512
 -0.00938795 -0.00938608 -0.00913675 -0.00941011 -0.00917154 -0.00938872
 -0.0092934  -0.00907616 -0.00920026 -0.00913093 -0.00921081 -0.00915569
 -0.00938131 -0.00934059 -0.00921795 -0.00926791 -0.00918303 -0.00907502
 -0.0091518  -0.00930475 -0.00918334 -0.00919103 -0.0090902  -0.00915574
 -0.00920387 -0.00906895 -0.00910478 -0.00903998 -0.00939051 -0.00930881
 -0.00907522 -0.00914718 -0.00908061 -0.00935021 -0.00929567 -0.00919076
 -0.00931785 -0.00925722 -0.00921594 -0.00915135 -0.00905276 -0.00917672
 -0.00922482 -0.00920235 -0.00906403 -0.00939659 -0.00921523 -0.00949964
 -0.0093196  -0.00914091 -0.0093112  -0.00922614 -0.00921622 -0.00898099
 -0.00912542 -0.00913971 -0.00931148 -0.00929196 -0.00919134 -0.00929004
 -0.00912278 -0.00902699 -0.0091688  -0.00924967 -0.00907183 -0.00917119
 -0.00919087 -0.00926346 -0.00934575 -0.00943545 -0.00914466 -0.00915929
 -0.00927174 -0.00912039 -0.00934806 -0.00925713 -0.00918642 -0.00930374
 -0.00941522 -0.00923016 -0.00934856 -0.00920964 -0.00918892 -0.00915225
 -0.00914326 -0.00903408 -0.00924798 -0.00917592 -0.00935069 -0.00912025
 -0.00943248 -0.00923148 -0.00927392 -0.00902199 -0.00909207 -0.00929533
 -0.00928323 -0.00908087 -0.00921714 -0.00929835 -0.00934607 -0.00919146
 -0.00921046 -0.00924268 -0.00923066 -0.00901153 -0.00912661 -0.00920611
 -0.00925437 -0.00922467 -0.00930604 -0.00895326 -0.00905289 -0.0093906
 -0.0090947  -0.0092468  -0.0091563  -0.00917511 -0.00939751 -0.00934315
 -0.00915008 -0.00922585 -0.00923006 -0.00909546 -0.00922464 -0.00932779
 -0.00917804 -0.00924682 -0.00911149 -0.00928524 -0.00930165 -0.00920382
 -0.00907806 -0.00923018 -0.00939692 -0.0093055  -0.00913517 -0.00923464
 -0.00932726 -0.00935555 -0.00919525 -0.00922981 -0.00921327 -0.0092744
 -0.00919354 -0.00925498 -0.0090814  -0.00926116 -0.00916853 -0.00922335
 -0.00921581 -0.00918191 -0.0092103  -0.00914    -0.00923058 -0.0092502
 -0.00917236 -0.00899649 -0.00940586 -0.00938545 -0.00921214 -0.0092241
 -0.00924116 -0.00949127 -0.00935453 -0.00897251 -0.0091505  -0.00914478
 -0.00938524 -0.00891982 -0.00927667 -0.00907287 -0.00925254 -0.00925918
 -0.0093313  -0.00925821 -0.00911847 -0.00920553 -0.00929817 -0.00916691
 -0.00929577 -0.00927753 -0.00937998 -0.00925801 -0.00923522 -0.0093512
 -0.00909448 -0.00927468 -0.00928543 -0.00919252 -0.00926371 -0.00926806
 -0.00915155 -0.00917524 -0.00923629 -0.00918911 -0.00932094 -0.0093394
 -0.00918946 -0.00905398 -0.00940674 -0.00923543 -0.00919943 -0.00919764
 -0.00935828 -0.00918938 -0.00930617 -0.0092355  -0.00913518 -0.00923748
 -0.00913626 -0.00939939 -0.00924981 -0.00927634 -0.00912    -0.0091035
 -0.0093359  -0.00923033 -0.00924597 -0.00906473 -0.00942314 -0.00917575
 -0.009358   -0.00898092 -0.00935555 -0.00932988 -0.00918103 -0.00925653
 -0.00909716 -0.0092109  -0.00930942 -0.00931057 -0.00915459 -0.00925708
 -0.00922061 -0.0092767  -0.00946259 -0.00940579 -0.00912331 -0.0090885
 -0.00932153 -0.00916186 -0.00907315 -0.00925868 -0.00923456 -0.00917077
 -0.00911603 -0.00917759 -0.00920192 -0.00917086 -0.00923423 -0.00916022]"
Pepper Jelly,"[""1 c. hot peppers, chopped"", ""2 c. bell peppers, chopped"", ""6 c. sugar"", ""2 c. white vinegar"", ""2 bottles Certo"", ""1/2 tsp. salt"", ""red or green food coloring""]","[""Boil chopped peppers, vinegar, sugar and salt for 5 minutes. Remove from heat and strain into saucepan."", ""Add Certo and several drops of desired food coloring."", ""Pour into hot sterilized jars and seal with paraffin."", ""Serve with cream cheese and crackers."", ""Great for Christmas gifts.""]","[""sugar"", ""bell peppers"", ""white vinegar"", ""bottles certo"", ""red"", ""hot peppers"", ""salt""]","[-0.00989306 -0.00965584 -0.00984427 -0.00970408 -0.0097727  -0.0096735
 -0.00968387 -0.00969802 -0.00987224 -0.00979961 -0.00973102 -0.00971613
 -0.00969576 -0.00970671 -0.00970112 -0.0098335  -0.00975016 -0.0095878
 -0.00960895 -0.00962638 -0.00982215 -0.00988058 -0.00994675 -0.00987306
 -0.00966684 -0.00958084 -0.0099225  -0.00974892 -0.00982963 -0.0097312
 -0.00987327 -0.0098075  -0.00951099 -0.00965327 -0.00976254 -0.00992662
 -0.00974884 -0.00982483 -0.00989276 -0.00978781 -0.00974331 -0.00975866
 -0.00960378 -0.00991304 -0.00973472 -0.00981673 -0.00984913 -0.00970892
 -0.0099115  -0.00975069 -0.00993194 -0.00960636 -0.00985971 -0.00986858
 -0.00976864 -0.00974691 -0.00974712 -0.00969524 -0.00978181 -0.00990023
 -0.00986731 -0.00983029 -0.00972966 -0.00972608 -0.00991774 -0.00964883
 -0.00964001 -0.00965088 -0.00993066 -0.00975319 -0.00979138 -0.0098049
 -0.00982601 -0.00982587 -0.00971506 -0.00975438 -0.00978139 -0.00976759
 -0.00976346 -0.00972017 -0.00975609 -0.0098524  -0.00972862 -0.00979077
 -0.00986686 -0.00969974 -0.00974449 -0.00975259 -0.00984888 -0.00971928
 -0.00994154 -0.00968439 -0.00971845 -0.00969112 -0.00976976 -0.0098542
 -0.00980935 -0.0097297  -0.00955667 -0.00974642 -0.00981731 -0.00988584
 -0.00978367 -0.00953335 -0.01000483 -0.00975143 -0.00979298 -0.00981567
 -0.00967003 -0.00974242 -0.00960889 -0.00983137 -0.00961043 -0.00970574
 -0.00990696 -0.00971285 -0.0098572  -0.00969421 -0.00977017 -0.00975537
 -0.00972051 -0.00973381 -0.00976897 -0.00963421 -0.009689   -0.00975088
 -0.00992318 -0.0098045  -0.00978425 -0.00983758 -0.00968884 -0.00968724
 -0.00971375 -0.00981628 -0.00979344 -0.00981387 -0.00970286 -0.00974236
 -0.00953025 -0.00992678 -0.00990817 -0.00954748 -0.00978026 -0.00996992
 -0.00969588 -0.00978657 -0.00980355 -0.00967903 -0.00975033 -0.00976385
 -0.00973977 -0.00946934 -0.00994836 -0.00990743 -0.00967009 -0.0096378
 -0.00995852 -0.00976821 -0.00971357 -0.00977565 -0.00966775 -0.00968325
 -0.0098192  -0.00980462 -0.00990174 -0.0097356  -0.00985071 -0.00966609
 -0.00983004 -0.00966966 -0.00980519 -0.00983229 -0.00943571 -0.00975293
 -0.00981882 -0.00976384 -0.00973177 -0.00972093 -0.00984931 -0.00965734
 -0.01000881 -0.0096106  -0.0097042  -0.00986679 -0.00983492 -0.00973278
 -0.00958375 -0.00986387 -0.00944602 -0.00972284 -0.00993117 -0.00977512
 -0.00982475 -0.00975786 -0.00955088 -0.00974956 -0.00983191 -0.00993175
 -0.0096091  -0.00984235 -0.00965948 -0.00968591 -0.00958857 -0.00966057
 -0.01001369 -0.00969103 -0.00975849 -0.00995075 -0.00971864 -0.00973929
 -0.00988736 -0.00969408 -0.00966314 -0.01007654 -0.00967411 -0.00976292
 -0.00965089 -0.00977725 -0.00983681 -0.00977176 -0.00968436 -0.00986527
 -0.00989721 -0.00963536 -0.00988957 -0.00974241 -0.00977609 -0.00977934
 -0.0096813  -0.00959992 -0.0097483  -0.00980654 -0.00978152 -0.00973184
 -0.00996948 -0.00951907 -0.00963662 -0.00971413 -0.00972045 -0.00991289
 -0.00981322 -0.00969061 -0.00979327 -0.00975    -0.00981944 -0.00975606
 -0.0097832  -0.00988303 -0.00973365 -0.00982387 -0.00965788 -0.00971998
 -0.00973567 -0.0098296  -0.00973128 -0.00984813 -0.00978424 -0.00973406
 -0.00968189 -0.00967347 -0.00985335 -0.00980121 -0.00946845 -0.00984489
 -0.00978674 -0.00960239 -0.00981328 -0.00985352 -0.0097874  -0.00980164
 -0.00994104 -0.00968317 -0.00974542 -0.0098251  -0.00977611 -0.00984018
 -0.0098022  -0.00976929 -0.00980858 -0.00988049 -0.00982876 -0.00979731
 -0.00995444 -0.00985634 -0.00972961 -0.00999051 -0.00996112 -0.00988425
 -0.00990408 -0.00978601 -0.0099824  -0.00954944 -0.00983544 -0.00978567
 -0.00973187 -0.00992008 -0.00973565 -0.00959196 -0.00978966 -0.00993452
 -0.0096819  -0.00978757 -0.00991499 -0.00973874 -0.00953494 -0.00973917
 -0.00980558 -0.00971994 -0.01225966 -0.00979706 -0.00979608 -0.00981231
 -0.00962354 -0.00983612 -0.00997956 -0.00991732 -0.00977492 -0.00973497
 -0.00978989 -0.00971809 -0.00981483 -0.00979425 -0.00979109 -0.00977225
 -0.00977018 -0.00986089 -0.00985058 -0.00959961 -0.00973445 -0.00989875
 -0.00969591 -0.00965796 -0.00992893 -0.00969638 -0.0098242  -0.00972938
 -0.01000685 -0.00979962 -0.00990581 -0.00977741 -0.00984316 -0.00975412
 -0.00973442 -0.00980557 -0.00990137 -0.00997461 -0.00949002 -0.00965173
 -0.00969991 -0.0097521  -0.00969853 -0.00968981 -0.00980268 -0.00976781
 -0.00963341 -0.00991268 -0.0098782  -0.00962367 -0.00967373 -0.00981999
 -0.00976295 -0.00989388 -0.00974271 -0.00960232 -0.00957629 -0.00967403
 -0.00987664 -0.00991602 -0.00964044 -0.00973987 -0.00989552 -0.00956288
 -0.00988096 -0.0098057  -0.00980597 -0.00994423 -0.00968322 -0.00974757
 -0.00986424 -0.00975077 -0.00979268 -0.01006774 -0.00979725 -0.00973352
 -0.00991394 -0.00985886 -0.00974061 -0.00975107 -0.00981063 -0.00966354
 -0.00956725 -0.00956943 -0.00982108 -0.00979554 -0.00989059 -0.00992988
 -0.00991748 -0.00968705 -0.00957355 -0.00991614 -0.00964679 -0.0097478
 -0.00952746 -0.00958548 -0.00963991 -0.00972573 -0.00988158 -0.00985686
 -0.00976175 -0.00974487 -0.0096787  -0.00989143 -0.00968975 -0.00984295
 -0.00988262 -0.00977447 -0.00965245 -0.00988646 -0.00979111 -0.0097338
 -0.0097753  -0.00977981 -0.00979845 -0.0097245  -0.00975164 -0.009702
 -0.00967352 -0.00980122 -0.00989144 -0.00965685 -0.00980998 -0.00985374
 -0.00975117 -0.0097936  -0.00983425 -0.00987158 -0.00978683 -0.00963892
 -0.00977362 -0.00981722 -0.00993668 -0.00976613 -0.0098361  -0.00976777
 -0.00991132 -0.00982868 -0.0097937  -0.0097038  -0.00974014 -0.00978949
 -0.00985987 -0.0096577  -0.00978857 -0.0095927  -0.00980323 -0.00979849
 -0.00965979 -0.00957403 -0.0095748  -0.00981199 -0.00968322 -0.00981402
 -0.00993605 -0.0100044  -0.00968132 -0.00982329 -0.00974387 -0.00982175
 -0.00976985 -0.0099664  -0.00972791 -0.0096796  -0.00984593 -0.00956596
 -0.00963168 -0.00968455 -0.00996625 -0.00958437 -0.00970173 -0.00994363
 -0.00992451 -0.00969991 -0.00981781 -0.00972282 -0.00975024 -0.00982808
 -0.00980022 -0.00969655 -0.00976382 -0.00996781 -0.00970682 -0.00965572
 -0.0096631  -0.00995426 -0.00997186 -0.00991492 -0.00962469 -0.00966251
 -0.00975315 -0.00975952 -0.00972075 -0.00979586 -0.00981685 -0.00983782
 -0.00981197 -0.00955236 -0.00958599 -0.00976581 -0.00986736 -0.01000955
 -0.00977013 -0.00962397 -0.00964311 -0.00977634 -0.00965561 -0.00975753
 -0.00989147 -0.00993542 -0.00968905 -0.00990217 -0.00970599 -0.00988752
 -0.00974419 -0.00964144 -0.00975191 -0.00968227 -0.00977326 -0.00980582
 -0.00989867 -0.009879   -0.00979695 -0.00989562 -0.00969047 -0.00971303
 -0.00982196 -0.00980251 -0.00976421 -0.00964673 -0.00959405 -0.00969657
 -0.00972532 -0.00967529 -0.00968041 -0.00952322 -0.01000936 -0.00975324
 -0.00965134 -0.00976981 -0.00971243 -0.0100074  -0.00991127 -0.00966004
 -0.00985268 -0.00973172 -0.00971465 -0.00964998 -0.00971406 -0.00967876
 -0.00976762 -0.00978215 -0.00973895 -0.00988706 -0.00974429 -0.01009324
 -0.00977077 -0.00980859 -0.00987585 -0.00974309 -0.00980405 -0.00949821
 -0.00963634 -0.00967904 -0.00984196 -0.00988687 -0.00986823 -0.00991533
 -0.00958018 -0.00971853 -0.00964317 -0.00967025 -0.00963682 -0.009634
 -0.00982768 -0.00968892 -0.00980511 -0.00995224 -0.00990095 -0.0097985
 -0.00975379 -0.00952568 -0.00993391 -0.00971825 -0.00959509 -0.00988482
 -0.00997318 -0.00985421 -0.00983316 -0.00969028 -0.0096395  -0.00968443
 -0.00972515 -0.00974214 -0.0099421  -0.00962223 -0.00991656 -0.00970582
 -0.00998083 -0.00980066 -0.0098474  -0.00955392 -0.00960454 -0.0097805
 -0.00985329 -0.00971779 -0.00979045 -0.00977861 -0.00991817 -0.00992102
 -0.00976749 -0.00984613 -0.00981256 -0.00972389 -0.00976366 -0.00968854
 -0.0097089  -0.00989431 -0.00977618 -0.00953719 -0.00970672 -0.0098579
 -0.00962653 -0.00975767 -0.0096716  -0.0097194  -0.00994422 -0.00983803
 -0.00975466 -0.00969143 -0.0098433  -0.00987911 -0.00979146 -0.00986662
 -0.00961087 -0.00980189 -0.0096601  -0.00977139 -0.00995371 -0.00974634
 -0.00966367 -0.00966385 -0.00989623 -0.00982084 -0.00967827 -0.00971979
 -0.00980485 -0.00991323 -0.00981032 -0.00971796 -0.00980099 -0.00978212
 -0.00974712 -0.00981672 -0.00964964 -0.0096987  -0.00977477 -0.00971363
 -0.00987478 -0.00972529 -0.00995121 -0.00978776 -0.00975942 -0.00976418
 -0.00971263 -0.00960887 -0.00990292 -0.0099379  -0.00988372 -0.00970297
 -0.00984127 -0.00998188 -0.00975999 -0.00959058 -0.00978488 -0.0096629
 -0.00994874 -0.00957772 -0.00985914 -0.0096648  -0.00996712 -0.00975194
 -0.00988754 -0.00980935 -0.00964942 -0.00984047 -0.00977289 -0.00981253
 -0.00991917 -0.0098619  -0.00983084 -0.00982834 -0.00981594 -0.0097393
 -0.00961715 -0.00974917 -0.00984786 -0.00971512 -0.00981036 -0.00978462
 -0.00968137 -0.00977895 -0.00967877 -0.00974933 -0.00989247 -0.00988361
 -0.00978894 -0.00980515 -0.00994319 -0.00978358 -0.00974594 -0.00966331
 -0.00987717 -0.00977063 -0.00989209 -0.00977206 -0.00972582 -0.00966456
 -0.00974181 -0.00998702 -0.00974075 -0.00990389 -0.00979203 -0.00974152
 -0.00979437 -0.00968162 -0.00994453 -0.00970715 -0.00975022 -0.0097157
 -0.00992213 -0.00960536 -0.00981887 -0.00986798 -0.00992885 -0.00985485
 -0.00969833 -0.00970843 -0.00991029 -0.00982009 -0.00970389 -0.00980051
 -0.00977758 -0.00974694 -0.01002763 -0.00981051 -0.00969048 -0.00967028
 -0.00981173 -0.00975068 -0.0097298  -0.00986229 -0.00980747 -0.0097155
 -0.00969702 -0.00983665 -0.00977695 -0.00972026 -0.00973559 -0.00976355]"
Seven Layer Salad,"[""1 head lettuce"", ""1/2 c. each: onions, celery and green peppers"", ""1 box frozen peas, thawed"", ""1 c. sour cream"", ""1/4 c. salad dressing"", ""2 to 3 Tbsp. sugar"", ""1 c. shredded Cheddar cheese"", ""8 slices crisp bacon, crumbled""]","[""Mix sour cream, salad dressing and sugar then layer.""]","[""head lettuce"", ""sour cream"", ""bacon"", ""sugar"", ""cheddar cheese"", ""onions"", ""salad dressing"", ""frozen peas""]","[-0.01018899 -0.0101727  -0.01008765 -0.01003076 -0.01007239 -0.01012422
 -0.01017509 -0.00990855 -0.01022077 -0.01022597 -0.00998721 -0.01003816
 -0.00997111 -0.01003523 -0.01018405 -0.01024558 -0.00999465 -0.01001584
 -0.01006537 -0.01006066 -0.01009569 -0.01038424 -0.01026329 -0.01019021
 -0.0100452  -0.01004642 -0.01018778 -0.01004852 -0.01018261 -0.01010651
 -0.01019605 -0.0102296  -0.00982277 -0.01018228 -0.01002577 -0.01031191
 -0.00994114 -0.01010106 -0.01029314 -0.01007669 -0.0102551  -0.01014325
 -0.00999097 -0.01022153 -0.01004414 -0.01008759 -0.01015401 -0.01013225
 -0.01028268 -0.01003234 -0.01013497 -0.01013944 -0.01022013 -0.01015452
 -0.01009829 -0.01009181 -0.01014806 -0.01008247 -0.0102267  -0.01017654
 -0.0101177  -0.01003073 -0.01007381 -0.01018436 -0.01019992 -0.01010137
 -0.01006565 -0.01001158 -0.01027185 -0.0100092  -0.01018793 -0.01006777
 -0.01017758 -0.01009554 -0.00999187 -0.01018627 -0.01008863 -0.01016605
 -0.01006611 -0.01012584 -0.01023859 -0.0101805  -0.01001273 -0.01013891
 -0.01019961 -0.00990292 -0.01022149 -0.01019966 -0.01029701 -0.00997354
 -0.0102308  -0.01005249 -0.01002755 -0.01010924 -0.01014177 -0.01027001
 -0.0102823  -0.01010388 -0.01005871 -0.01016533 -0.01018046 -0.01015591
 -0.01013604 -0.00994927 -0.01029195 -0.01017156 -0.01025339 -0.01012776
 -0.00999619 -0.01014382 -0.01008859 -0.01018578 -0.00999022 -0.01004109
 -0.01034203 -0.00995456 -0.01026024 -0.01006507 -0.01011186 -0.01018746
 -0.0101342  -0.01008057 -0.01008742 -0.01000402 -0.01010581 -0.01019299
 -0.01018936 -0.01015146 -0.01014554 -0.01022887 -0.01003976 -0.01017236
 -0.01004088 -0.01011237 -0.01022134 -0.01008714 -0.01018124 -0.01013397
 -0.01000549 -0.01029636 -0.0102365  -0.00999913 -0.01005836 -0.01031067
 -0.01003927 -0.01023161 -0.01005266 -0.01002842 -0.01004444 -0.01009336
 -0.01007192 -0.0098184  -0.0102849  -0.01023457 -0.01009643 -0.01002222
 -0.01022751 -0.01008088 -0.01027381 -0.01019469 -0.00998688 -0.0100196
 -0.01003176 -0.01007965 -0.01008695 -0.01006984 -0.01022812 -0.00995741
 -0.01010221 -0.00999513 -0.01020272 -0.01008261 -0.00985002 -0.0101817
 -0.01016775 -0.01005384 -0.01016778 -0.01010356 -0.0101094  -0.01005038
 -0.01038925 -0.01023201 -0.01009724 -0.0102559  -0.01013353 -0.01021179
 -0.01003247 -0.01009188 -0.00997784 -0.00994081 -0.01028449 -0.01013114
 -0.01013027 -0.01015796 -0.01009592 -0.01011982 -0.01026365 -0.01002858
 -0.00997135 -0.01022456 -0.00997652 -0.01002448 -0.00997154 -0.00997232
 -0.01030005 -0.01018119 -0.01002155 -0.01026957 -0.01019668 -0.01010094
 -0.01024839 -0.01004978 -0.0099242  -0.01020645 -0.01010679 -0.01015905
 -0.01010227 -0.01011657 -0.01020941 -0.01025349 -0.01007726 -0.0100467
 -0.01037979 -0.0101112  -0.01028775 -0.01007509 -0.01019512 -0.01010822
 -0.01006763 -0.01002177 -0.01023583 -0.01025961 -0.01006869 -0.01003687
 -0.01018211 -0.01004195 -0.01015639 -0.01011942 -0.01009991 -0.01022208
 -0.01020725 -0.01019251 -0.01017272 -0.0101733  -0.01017935 -0.01007384
 -0.01012876 -0.01008079 -0.01014559 -0.01026626 -0.0100589  -0.01015648
 -0.00999469 -0.01026239 -0.01019945 -0.01015179 -0.01005602 -0.01019535
 -0.01000428 -0.00999509 -0.01008653 -0.0099882  -0.00999174 -0.01033216
 -0.01011441 -0.01004849 -0.01034188 -0.01022845 -0.01006794 -0.01018542
 -0.01017381 -0.01021429 -0.01036198 -0.0100881  -0.0101931  -0.01031617
 -0.01014333 -0.01016954 -0.01012503 -0.01023974 -0.01014411 -0.01011204
 -0.01024276 -0.01008368 -0.01011233 -0.01037763 -0.01024472 -0.01018698
 -0.01021512 -0.01022798 -0.01001561 -0.00986921 -0.01018096 -0.01031368
 -0.00999991 -0.01015837 -0.01003994 -0.01010772 -0.01004787 -0.01015166
 -0.01007079 -0.0102147  -0.01019575 -0.01002246 -0.0101655  -0.01010155
 -0.0101658  -0.01018892 -0.01252631 -0.01023099 -0.01019612 -0.0101337
 -0.01013047 -0.01015014 -0.01033745 -0.01030394 -0.01016003 -0.01010633
 -0.01014121 -0.01018052 -0.01000943 -0.0100986  -0.01009506 -0.01019532
 -0.01024539 -0.0102132  -0.01020988 -0.01000232 -0.01013126 -0.01030121
 -0.01001601 -0.01011253 -0.01023704 -0.01007217 -0.01025449 -0.01008593
 -0.01038409 -0.01010709 -0.01022078 -0.01017339 -0.0101213  -0.01016442
 -0.01020261 -0.01025889 -0.01025032 -0.01026861 -0.00999538 -0.01000245
 -0.00998854 -0.01014074 -0.01011735 -0.01024603 -0.0099741  -0.01020711
 -0.01001884 -0.01032768 -0.01016195 -0.00996083 -0.00988658 -0.01006998
 -0.01005099 -0.0101972  -0.01022807 -0.00992396 -0.01003898 -0.00996917
 -0.01014373 -0.01027174 -0.01008317 -0.01025931 -0.01017173 -0.0100926
 -0.01024195 -0.01002332 -0.01021535 -0.01012059 -0.01016133 -0.010156
 -0.01016134 -0.01035772 -0.01005689 -0.01030904 -0.01006573 -0.01020561
 -0.0103003  -0.01039196 -0.01007069 -0.01010485 -0.01003303 -0.01025079
 -0.0100254  -0.01008921 -0.01017463 -0.01011596 -0.01011897 -0.01028351
 -0.01029856 -0.01023535 -0.01002643 -0.01008565 -0.01008205 -0.01011023
 -0.01002532 -0.00997504 -0.0101505  -0.01014503 -0.01014125 -0.01014252
 -0.01017288 -0.01018685 -0.00998393 -0.01014243 -0.01015794 -0.01020332
 -0.0102544  -0.01015319 -0.01017937 -0.01019057 -0.01010901 -0.01020586
 -0.00998277 -0.01027945 -0.0102405  -0.0101945  -0.01007378 -0.01013404
 -0.01011255 -0.01006003 -0.01003519 -0.01010202 -0.01005747 -0.01017898
 -0.01014238 -0.01017921 -0.01007992 -0.01030206 -0.01006931 -0.01001328
 -0.01016067 -0.01016416 -0.01020178 -0.01006689 -0.01021803 -0.01017159
 -0.01037856 -0.01016588 -0.01025544 -0.01004183 -0.01007903 -0.01010034
 -0.01021505 -0.0101062  -0.01020026 -0.00998674 -0.01024447 -0.01015535
 -0.01009007 -0.00992958 -0.01016684 -0.01008151 -0.0100834  -0.01008508
 -0.010357   -0.01037131 -0.01002132 -0.01014677 -0.01013045 -0.01018193
 -0.01008603 -0.01030838 -0.01005413 -0.0099563  -0.01024947 -0.00995407
 -0.01018041 -0.01020307 -0.01021756 -0.01002895 -0.01014365 -0.01021449
 -0.01014871 -0.01002574 -0.01024746 -0.01010746 -0.01014163 -0.01025422
 -0.01032498 -0.01002742 -0.01002411 -0.01021624 -0.0100361  -0.00997349
 -0.01012518 -0.01020408 -0.01027091 -0.01014265 -0.01001157 -0.01008822
 -0.01013758 -0.01018963 -0.01015773 -0.01023442 -0.01021548 -0.01023431
 -0.01010751 -0.01003074 -0.01001967 -0.01007529 -0.01009885 -0.01012902
 -0.0102578  -0.01001367 -0.00992191 -0.01009479 -0.0100369  -0.01029193
 -0.01022682 -0.01023711 -0.01017746 -0.01036351 -0.0099875  -0.01026164
 -0.01013318 -0.00991674 -0.01017288 -0.01013186 -0.01012884 -0.01008312
 -0.01031191 -0.01011717 -0.01005846 -0.01018121 -0.01018627 -0.01003199
 -0.01001332 -0.01016274 -0.01013897 -0.01006378 -0.01007595 -0.01015344
 -0.01021576 -0.00999068 -0.00988856 -0.00992295 -0.010304   -0.01030649
 -0.010054   -0.01001337 -0.01021227 -0.01019803 -0.01022755 -0.01016272
 -0.01029992 -0.01030345 -0.01014793 -0.01000965 -0.01002249 -0.01007952
 -0.01026949 -0.01013063 -0.01006073 -0.01040877 -0.0100603  -0.01040767
 -0.01010207 -0.01018695 -0.01033077 -0.01011679 -0.01033588 -0.00992797
 -0.01005904 -0.00996607 -0.01021531 -0.01029516 -0.01000894 -0.01029327
 -0.01005641 -0.01002525 -0.01003019 -0.01011543 -0.01007332 -0.01017852
 -0.01005806 -0.01014242 -0.01021147 -0.01047796 -0.01005373 -0.01018206
 -0.01018233 -0.01008503 -0.01031566 -0.0100251  -0.01010804 -0.01019886
 -0.01027702 -0.0101201  -0.01029071 -0.01004055 -0.00996406 -0.01011243
 -0.01004737 -0.01007164 -0.01012475 -0.01003984 -0.01014502 -0.01004564
 -0.01032443 -0.01005581 -0.01012357 -0.00994793 -0.01013022 -0.01023486
 -0.01025153 -0.01004182 -0.0101373  -0.0102564  -0.01027003 -0.01011588
 -0.01017807 -0.01025143 -0.01001085 -0.0100076  -0.01020272 -0.01008701
 -0.01018559 -0.01023395 -0.0101096  -0.00996637 -0.01006732 -0.01016692
 -0.01004268 -0.0100536  -0.01006491 -0.01007856 -0.01044018 -0.01019453
 -0.01016614 -0.01006326 -0.01025209 -0.01003942 -0.01026922 -0.0102228
 -0.01002277 -0.01010569 -0.01014437 -0.01013619 -0.01015689 -0.01008288
 -0.01011003 -0.01007119 -0.01027049 -0.01016795 -0.01000773 -0.01006813
 -0.01014213 -0.01027464 -0.01008731 -0.01019017 -0.01015269 -0.01014697
 -0.01009827 -0.01032315 -0.01000243 -0.00996048 -0.01019376 -0.01011246
 -0.01012946 -0.01005604 -0.0101946  -0.01000498 -0.01014083 -0.01028308
 -0.01018626 -0.01001324 -0.01045135 -0.01018058 -0.01015635 -0.00996805
 -0.01012871 -0.01034098 -0.01015918 -0.00996306 -0.01023183 -0.01005418
 -0.01043072 -0.00991277 -0.01020121 -0.01003392 -0.01021177 -0.01023122
 -0.01027911 -0.01013313 -0.01009182 -0.0101489  -0.01011779 -0.01010843
 -0.0102345  -0.01016427 -0.01021275 -0.0102641  -0.0102212  -0.01024914
 -0.00992391 -0.01014247 -0.01014607 -0.01024498 -0.0100584  -0.01031712
 -0.01007865 -0.01010433 -0.01005546 -0.01006067 -0.01025763 -0.0101265
 -0.0101406  -0.01008683 -0.01037862 -0.01016948 -0.01019788 -0.0100294
 -0.0102827  -0.01005996 -0.01036818 -0.01019405 -0.01013293 -0.01005721
 -0.0101736  -0.01036024 -0.01011835 -0.01017547 -0.01009336 -0.00999202
 -0.01021579 -0.01015331 -0.01031567 -0.01002487 -0.01016535 -0.0099715
 -0.01025915 -0.00993131 -0.01023857 -0.0101828  -0.0101295  -0.01011892
 -0.01011699 -0.01010587 -0.01019057 -0.01017842 -0.01004462 -0.01014492
 -0.01016376 -0.01008428 -0.01040201 -0.01015822 -0.01013381 -0.01007678
 -0.01024962 -0.01015393 -0.01010319 -0.01018251 -0.01012812 -0.01013724
 -0.01010024 -0.01005454 -0.01007546 -0.01004731 -0.01017409 -0.01011096]"
Surprise Rhubarb Pie,"[""1 c. sifted flour"", ""1 tsp. baking powder"", ""1/2 tsp. salt"", ""2 Tbsp. butter"", ""1 egg, beaten"", ""2 Tbsp. milk"", ""3 c. diced raw rhubarb"", ""1 (3 oz.) pkg. strawberry jello"", ""1/2 c. flour"", ""1 c. sugar"", ""1/2 tsp. cinnamon"", ""1/4 c. melted butter""]","[""Sift together 1 cup flour, baking powder and salt."", ""Cut in butter."", ""Add egg and milk; mix."", ""Press into a greased 9-inch pie plate."", ""Arrange rhubarb in pie shell; sprinkle with jello. Combine remaining ingredients; sprinkle on top of pie."", ""Bake at 350\u00b0 for 50 minutes.""]","[""egg"", ""baking powder"", ""sugar"", ""cinnamon"", ""flour"", ""milk"", ""rhubarb"", ""butter"", ""strawberry jello"", ""salt""]","[-0.01133191 -0.01138188 -0.01137991 -0.01125865 -0.0113269  -0.01109343
 -0.01125497 -0.01125075 -0.0113486  -0.0112924  -0.01135704 -0.01134345
 -0.01129582 -0.01134991 -0.01140355 -0.01120226 -0.01125185 -0.01127404
 -0.0112173  -0.01116691 -0.01115954 -0.01147471 -0.01144778 -0.01137117
 -0.01121155 -0.01119755 -0.01145889 -0.01134857 -0.01131628 -0.01132287
 -0.0114317  -0.01134853 -0.01116056 -0.01133518 -0.01128841 -0.01137375
 -0.01128859 -0.01137192 -0.0113529  -0.01130228 -0.01127825 -0.01143314
 -0.01120063 -0.01136661 -0.01139828 -0.01140507 -0.01157622 -0.01131702
 -0.0114911  -0.01138482 -0.01137337 -0.01124238 -0.01148376 -0.01144321
 -0.01132287 -0.01129458 -0.01117651 -0.01136696 -0.01134    -0.01136439
 -0.0113183  -0.01123247 -0.01123197 -0.01134059 -0.01128644 -0.01120823
 -0.0112696  -0.01113128 -0.01148174 -0.01129721 -0.01132961 -0.01136035
 -0.01130599 -0.01129845 -0.0113099  -0.01148199 -0.01136474 -0.0112036
 -0.01126119 -0.01126477 -0.01136275 -0.01136182 -0.01116851 -0.01127042
 -0.01129265 -0.01116361 -0.01133325 -0.01134284 -0.01145097 -0.01111642
 -0.0115469  -0.01132433 -0.01132856 -0.01120621 -0.01138513 -0.01144183
 -0.01140823 -0.01129609 -0.01118576 -0.01130197 -0.01140511 -0.01145319
 -0.01120676 -0.011205   -0.01130608 -0.0112925  -0.01144402 -0.01148901
 -0.01129426 -0.01129918 -0.01123611 -0.01128904 -0.01124774 -0.01128097
 -0.01154764 -0.01136131 -0.01140565 -0.01128396 -0.01142928 -0.01138719
 -0.01128032 -0.01122482 -0.01131603 -0.01112822 -0.01108803 -0.01142649
 -0.01143169 -0.01130001 -0.0111885  -0.01142369 -0.01128362 -0.01128794
 -0.01126429 -0.0113459  -0.01136869 -0.01131176 -0.0113763  -0.01130747
 -0.01119282 -0.01145697 -0.01152699 -0.01113581 -0.01125291 -0.01148691
 -0.01118484 -0.01127018 -0.01129762 -0.01113077 -0.01133382 -0.01125761
 -0.01124905 -0.01115274 -0.01160746 -0.01142188 -0.01132838 -0.01123241
 -0.01147605 -0.01136751 -0.01135352 -0.0113155  -0.01121497 -0.01113724
 -0.0113199  -0.01137629 -0.01126498 -0.01139637 -0.01123434 -0.01128865
 -0.01142981 -0.01123067 -0.01146632 -0.01137057 -0.01100809 -0.01125633
 -0.01131888 -0.01123528 -0.01127503 -0.01127065 -0.01120525 -0.0112069
 -0.01153413 -0.01128469 -0.01121797 -0.01143332 -0.01126631 -0.01129615
 -0.01124433 -0.01146605 -0.0111603  -0.01125522 -0.01150262 -0.01132885
 -0.01145143 -0.011324   -0.01129605 -0.01127631 -0.01146043 -0.01119476
 -0.01110999 -0.01127956 -0.01128213 -0.01119648 -0.01121015 -0.01128054
 -0.01134873 -0.01132579 -0.01125987 -0.01136541 -0.01123042 -0.01131773
 -0.01137988 -0.01113558 -0.01109788 -0.01140335 -0.01129302 -0.01122198
 -0.0112772  -0.01144886 -0.01134756 -0.01134737 -0.01123865 -0.01127445
 -0.01139609 -0.01120984 -0.01143339 -0.01112887 -0.01126327 -0.01136292
 -0.01126671 -0.01107827 -0.0113116  -0.01132382 -0.01129466 -0.01133092
 -0.01139366 -0.01120086 -0.01128473 -0.01130043 -0.011281   -0.01141928
 -0.01132809 -0.01118916 -0.01133587 -0.01122587 -0.01140945 -0.0113664
 -0.01129406 -0.01127616 -0.01130055 -0.01142194 -0.01134219 -0.01138054
 -0.01119994 -0.01129879 -0.01116758 -0.01140524 -0.01130703 -0.01142141
 -0.01129895 -0.01112225 -0.01131465 -0.01124543 -0.01110371 -0.01146799
 -0.01129429 -0.01124011 -0.01149911 -0.01132954 -0.01120406 -0.01128147
 -0.01146879 -0.01131468 -0.01145698 -0.01116499 -0.01136733 -0.01142308
 -0.01137466 -0.01131623 -0.01131397 -0.01155726 -0.01131992 -0.01125579
 -0.01146679 -0.01135992 -0.01133958 -0.01150923 -0.01136108 -0.01135879
 -0.0115768  -0.01133394 -0.01115432 -0.01119868 -0.01134113 -0.01140385
 -0.01118498 -0.01131715 -0.01123083 -0.01112023 -0.01138327 -0.01134652
 -0.0112472  -0.01128551 -0.01134819 -0.01133993 -0.01127024 -0.01134299
 -0.01120812 -0.01131373 -0.01342759 -0.01145135 -0.01138667 -0.01134391
 -0.01120196 -0.01136231 -0.01138391 -0.01140102 -0.01140444 -0.01125275
 -0.01132006 -0.01138599 -0.01124598 -0.01138672 -0.011325   -0.01140166
 -0.01134146 -0.01123399 -0.01132964 -0.01111671 -0.01131901 -0.01135049
 -0.01117294 -0.01136619 -0.0113568  -0.01135202 -0.01134093 -0.01137174
 -0.01136485 -0.01141458 -0.01125627 -0.0112611  -0.01127187 -0.01127208
 -0.01133055 -0.01130165 -0.01144399 -0.01156045 -0.01117794 -0.01105294
 -0.01127957 -0.01134296 -0.01121645 -0.01137107 -0.01120296 -0.01151639
 -0.0111272  -0.01147772 -0.01128816 -0.01119129 -0.0111404  -0.01125469
 -0.01126554 -0.0113465  -0.01118883 -0.01119723 -0.01117252 -0.01108606
 -0.01121332 -0.01134836 -0.01121838 -0.0113486  -0.01143183 -0.01130176
 -0.01135771 -0.01141113 -0.01145155 -0.01128478 -0.01136173 -0.01130028
 -0.01139642 -0.01135803 -0.01131042 -0.01161131 -0.0112975  -0.01136069
 -0.0114862  -0.01133047 -0.01120244 -0.01123921 -0.0112991  -0.01129661
 -0.01126144 -0.01128488 -0.01123409 -0.01123232 -0.01143502 -0.01143142
 -0.01151149 -0.0112954  -0.01122666 -0.01121619 -0.01116334 -0.01124938
 -0.01124805 -0.011004   -0.01131155 -0.01134398 -0.01139335 -0.01139686
 -0.01140012 -0.01140784 -0.01122283 -0.01137459 -0.01113947 -0.01139857
 -0.01139228 -0.01136317 -0.01114688 -0.0112727  -0.01129861 -0.0113443
 -0.01124282 -0.01134565 -0.01130084 -0.0113784  -0.011349   -0.01134425
 -0.01121498 -0.0112359  -0.01147845 -0.01120022 -0.01138533 -0.01129386
 -0.0113592  -0.01137879 -0.01138061 -0.01143072 -0.01119457 -0.01117998
 -0.01129186 -0.01127076 -0.01138627 -0.01140158 -0.01128285 -0.01129301
 -0.01135201 -0.01138862 -0.01143824 -0.01120512 -0.01135835 -0.01134269
 -0.01137232 -0.01125231 -0.01139513 -0.01118011 -0.01131362 -0.0113645
 -0.011316   -0.01121756 -0.01130866 -0.01124395 -0.01119172 -0.01135753
 -0.01127128 -0.01144557 -0.01123525 -0.01138964 -0.0113979  -0.01139842
 -0.01109853 -0.01152702 -0.01125514 -0.01121417 -0.01137807 -0.0111251
 -0.01139437 -0.01140508 -0.01137717 -0.01133868 -0.01137943 -0.01140976
 -0.01128636 -0.01123    -0.01137781 -0.01125436 -0.01114253 -0.01152576
 -0.01138881 -0.01127863 -0.01130743 -0.01134013 -0.01123638 -0.01120074
 -0.0110909  -0.0114819  -0.01145305 -0.01125772 -0.01115251 -0.01136656
 -0.01142457 -0.01125809 -0.01117758 -0.01139691 -0.01137288 -0.01137481
 -0.01128565 -0.01122694 -0.0111281  -0.01134576 -0.01134721 -0.01145776
 -0.01130006 -0.01127521 -0.01108879 -0.01132637 -0.01116977 -0.01139788
 -0.01139101 -0.01140019 -0.01112679 -0.01147156 -0.01130555 -0.01145498
 -0.01124727 -0.01126758 -0.01140479 -0.01130673 -0.01138781 -0.01120202
 -0.01142657 -0.01145544 -0.01121745 -0.01127934 -0.01134073 -0.01126298
 -0.01149831 -0.01134605 -0.01124473 -0.01120722 -0.01114756 -0.0113709
 -0.01129235 -0.01107364 -0.01120929 -0.0111031  -0.01153235 -0.01138174
 -0.01123552 -0.01139075 -0.01129434 -0.01143353 -0.0113167  -0.01138179
 -0.01140783 -0.01126999 -0.01130566 -0.01117543 -0.01128637 -0.01126784
 -0.01138756 -0.01127185 -0.01135321 -0.01153739 -0.0113376  -0.01147443
 -0.01149895 -0.0114533  -0.01156985 -0.01126903 -0.01138891 -0.01120705
 -0.01128788 -0.01113613 -0.01138298 -0.01134798 -0.01131211 -0.01146984
 -0.01121269 -0.01122697 -0.01126281 -0.01115593 -0.01122876 -0.01119092
 -0.01131593 -0.01130131 -0.01137956 -0.01161331 -0.0113794  -0.01128808
 -0.01130158 -0.01122231 -0.01152172 -0.01141091 -0.0113847  -0.01146378
 -0.01147373 -0.0113648  -0.01143726 -0.01127524 -0.01115965 -0.01118286
 -0.01123568 -0.01132112 -0.01134399 -0.01123101 -0.0114203  -0.01125591
 -0.0115369  -0.01132138 -0.01140919 -0.01126549 -0.01125502 -0.01134063
 -0.01147966 -0.0112152  -0.01142862 -0.01138177 -0.01137468 -0.01123245
 -0.01132391 -0.01148613 -0.01118023 -0.01116966 -0.01138984 -0.01131577
 -0.01117035 -0.01154528 -0.01138703 -0.01117947 -0.0113124  -0.01138638
 -0.01113496 -0.01131082 -0.01119758 -0.01120325 -0.0115138  -0.0113138
 -0.01145775 -0.01135291 -0.0113882  -0.01121539 -0.01128554 -0.01137606
 -0.01124725 -0.01131821 -0.01118437 -0.01135712 -0.01129036 -0.01124728
 -0.01133689 -0.0112965  -0.01139548 -0.01128408 -0.01124338 -0.01133963
 -0.01115347 -0.01140923 -0.01127618 -0.01130853 -0.01151016 -0.01126032
 -0.01134142 -0.01143709 -0.01112385 -0.01123575 -0.01134917 -0.01127013
 -0.01139071 -0.01122878 -0.01134411 -0.01124597 -0.01131643 -0.01137507
 -0.01144341 -0.01134798 -0.01147556 -0.01128619 -0.01132308 -0.01125979
 -0.01144215 -0.01149185 -0.01143397 -0.01120152 -0.01134819 -0.01128875
 -0.01130926 -0.01109232 -0.01140585 -0.01111361 -0.01145766 -0.01134205
 -0.01152275 -0.01133556 -0.01129737 -0.0112471  -0.0114223  -0.01136804
 -0.01149121 -0.01134758 -0.01133269 -0.01137105 -0.01134472 -0.01139587
 -0.01111674 -0.01143773 -0.01130932 -0.01129026 -0.01124817 -0.01130681
 -0.01120667 -0.01126359 -0.01133088 -0.01130217 -0.01123912 -0.01130892
 -0.0112741  -0.01126941 -0.01157674 -0.01134147 -0.01139561 -0.01130912
 -0.01152108 -0.01130341 -0.01138099 -0.01153238 -0.01120582 -0.0112662
 -0.01134559 -0.01155141 -0.01131223 -0.0113286  -0.01120291 -0.01128454
 -0.0114509  -0.0112217  -0.01142985 -0.0112483  -0.01145067 -0.01128465
 -0.01127963 -0.01122264 -0.01130056 -0.01139453 -0.01134717 -0.01148904
 -0.01125762 -0.01131418 -0.0113859  -0.01122686 -0.01130659 -0.01130846
 -0.01128298 -0.01127735 -0.01143517 -0.01122768 -0.01124732 -0.01129752
 -0.01149769 -0.01145666 -0.01137735 -0.01134794 -0.01128553 -0.01129796
 -0.0113624  -0.0113427  -0.01125877 -0.01134906 -0.01137929 -0.01144763]"
Easy Cobbler,"[""your choice of fruit, drained"", ""1 egg"", ""1 1/2 c. sugar"", ""1 stick melted butter"", ""white bread""]","[""Mix together egg, sugar and melted butter."", ""Use white bread; remove crusts and cut into strips."", ""Lay on top of fruit."", ""Pour egg, butter and sugar mixture over top."", ""Bake at 350\u00b0 for 30 minutes.""]","[""egg"", ""sugar"", ""your choice"", ""white bread"", ""butter""]","[-0.00919566 -0.00926629 -0.00911653 -0.00899565 -0.00928264 -0.00908583
 -0.00908268 -0.00906558 -0.00911083 -0.00919689 -0.00901468 -0.00898768
 -0.00904302 -0.00924634 -0.00919047 -0.00896901 -0.00900478 -0.00900474
 -0.0090209  -0.00899828 -0.00904193 -0.00925819 -0.00914033 -0.00925198
 -0.00898286 -0.00908372 -0.00917494 -0.00906874 -0.00929406 -0.00915649
 -0.00908067 -0.00904696 -0.00899004 -0.00906991 -0.00904576 -0.00916203
 -0.00895259 -0.00897845 -0.00925458 -0.00909028 -0.00910476 -0.00908683
 -0.00891766 -0.00915526 -0.00916139 -0.00918793 -0.00920355 -0.00912658
 -0.00924282 -0.00923851 -0.00914832 -0.0090024  -0.00918739 -0.00901907
 -0.0092246  -0.00911845 -0.00903062 -0.0090739  -0.00910235 -0.00918033
 -0.00913615 -0.0090846  -0.008965   -0.00919939 -0.00916435 -0.00886991
 -0.00917421 -0.00903469 -0.00925549 -0.00892058 -0.00904451 -0.00919447
 -0.00913734 -0.00910417 -0.00901664 -0.0092248  -0.009094   -0.00917397
 -0.00905751 -0.00900782 -0.00912264 -0.0091621  -0.00910135 -0.00888787
 -0.00908644 -0.00897038 -0.00900688 -0.00897078 -0.00931123 -0.0090423
 -0.00900154 -0.00920679 -0.00908533 -0.00915207 -0.00916084 -0.00919524
 -0.00906994 -0.00914015 -0.00896035 -0.00904827 -0.00914158 -0.00913359
 -0.00916509 -0.00919097 -0.0091571  -0.00902035 -0.00915458 -0.00924671
 -0.00908099 -0.00894831 -0.00910778 -0.00923683 -0.00900573 -0.0090917
 -0.0092192  -0.00891172 -0.00911383 -0.00895228 -0.00914473 -0.00916281
 -0.00909709 -0.00911024 -0.00908729 -0.00896189 -0.00914928 -0.00925683
 -0.00920109 -0.00900358 -0.00884661 -0.00908785 -0.00899723 -0.0090799
 -0.00918762 -0.00915971 -0.00909992 -0.00900731 -0.0090066  -0.00908785
 -0.00908262 -0.00922166 -0.009169   -0.00883653 -0.0089991  -0.00936773
 -0.00894416 -0.00908509 -0.00900611 -0.00909105 -0.00907118 -0.00912172
 -0.00898719 -0.00894931 -0.00929743 -0.00915478 -0.00915979 -0.00896495
 -0.00930227 -0.00914243 -0.00915259 -0.00904958 -0.00912652 -0.00913026
 -0.00918317 -0.00937037 -0.00904298 -0.0090486  -0.00913991 -0.00906561
 -0.00924568 -0.00897476 -0.0091091  -0.0090216  -0.00882719 -0.00909597
 -0.00925668 -0.00901888 -0.00904206 -0.00904058 -0.00909711 -0.00909419
 -0.00938889 -0.00909426 -0.00899168 -0.00925806 -0.00905166 -0.00920267
 -0.00907743 -0.00925248 -0.00902584 -0.00914351 -0.00901098 -0.00909259
 -0.00914335 -0.00908944 -0.00895507 -0.00904526 -0.00918162 -0.00904347
 -0.00898488 -0.00905692 -0.00902055 -0.00916158 -0.00910148 -0.00908683
 -0.00927303 -0.00911774 -0.00900956 -0.00921968 -0.00917844 -0.00899631
 -0.00916579 -0.0091699  -0.00902477 -0.00915093 -0.00923702 -0.00906662
 -0.00903735 -0.00910299 -0.00915773 -0.00908498 -0.0090525  -0.00923053
 -0.00925351 -0.00902291 -0.00925773 -0.00899767 -0.00901999 -0.00911693
 -0.00917939 -0.00881094 -0.00918132 -0.00922985 -0.0090948  -0.00905148
 -0.00919815 -0.0090359  -0.00898835 -0.00908086 -0.00909139 -0.00911201
 -0.0091726  -0.00903275 -0.00913516 -0.00902883 -0.00927872 -0.00915606
 -0.00909008 -0.00909005 -0.00913508 -0.00918149 -0.00921785 -0.00905277
 -0.00901235 -0.00931674 -0.00903611 -0.00922123 -0.00911797 -0.00913802
 -0.0089843  -0.00896766 -0.00909887 -0.00912014 -0.00896105 -0.00918998
 -0.0091136  -0.0091259  -0.00922078 -0.00916257 -0.00904064 -0.00915631
 -0.00921991 -0.00908838 -0.0090855  -0.00909703 -0.0093412  -0.00932334
 -0.00911155 -0.00909493 -0.0091924  -0.00928996 -0.00916182 -0.00896357
 -0.00906384 -0.00908104 -0.00915831 -0.00922765 -0.00915754 -0.00910774
 -0.00935864 -0.00908499 -0.00919436 -0.00898054 -0.00920782 -0.00924632
 -0.00888455 -0.00907434 -0.00905734 -0.00901485 -0.00912144 -0.00922253
 -0.00906306 -0.00890432 -0.00921649 -0.00922596 -0.00897505 -0.00904421
 -0.00917333 -0.00914035 -0.01149573 -0.00921558 -0.00916864 -0.00914556
 -0.00911416 -0.00915608 -0.00921565 -0.00928058 -0.00915488 -0.00906171
 -0.00917618 -0.0090885  -0.00905433 -0.00922839 -0.00905192 -0.00925692
 -0.0090096  -0.00917314 -0.00926817 -0.00906647 -0.00903799 -0.00920512
 -0.00904522 -0.00915954 -0.00914844 -0.00908505 -0.0090572  -0.00913213
 -0.00936145 -0.0091852  -0.00900314 -0.00901523 -0.00907382 -0.00926163
 -0.00918033 -0.00932498 -0.00911402 -0.00911731 -0.00899073 -0.0089227
 -0.00904914 -0.00896984 -0.00910306 -0.00903508 -0.00902985 -0.00924594
 -0.00895695 -0.00915196 -0.0091438  -0.00903849 -0.00904702 -0.00914218
 -0.00915161 -0.00914061 -0.00902874 -0.00903584 -0.00882663 -0.008978
 -0.00913936 -0.00924532 -0.009061   -0.00915075 -0.0091711  -0.00904707
 -0.00921147 -0.00915007 -0.00910281 -0.00911193 -0.00908119 -0.00901733
 -0.00910574 -0.00907849 -0.00894218 -0.00934235 -0.0089671  -0.00898402
 -0.00916395 -0.00921702 -0.00914687 -0.00907258 -0.0090514  -0.00921218
 -0.00909806 -0.00906184 -0.00915072 -0.00899025 -0.00907366 -0.0091378
 -0.00927872 -0.00914705 -0.00905263 -0.00925879 -0.00899998 -0.00906188
 -0.00905149 -0.00892516 -0.00906491 -0.00921187 -0.00916489 -0.00935303
 -0.00908741 -0.00910459 -0.0089527  -0.00923995 -0.00909276 -0.00915678
 -0.00921795 -0.0090695  -0.00899466 -0.00905521 -0.00900661 -0.00914087
 -0.00907921 -0.00909183 -0.00914156 -0.009205   -0.009122   -0.00910272
 -0.00920834 -0.00908255 -0.00914068 -0.00902921 -0.00905668 -0.00907417
 -0.00927306 -0.00916083 -0.00912007 -0.00917112 -0.00910998 -0.00901885
 -0.00902113 -0.0091413  -0.00914599 -0.00912945 -0.00922903 -0.00910721
 -0.00920146 -0.00913888 -0.00903408 -0.00907929 -0.00913827 -0.00917699
 -0.00918591 -0.00916311 -0.00897057 -0.00905325 -0.00924055 -0.00910557
 -0.0091736  -0.00906603 -0.00907404 -0.00900247 -0.00896988 -0.00923725
 -0.00922986 -0.00919485 -0.00907968 -0.00921328 -0.00920364 -0.00922764
 -0.00905904 -0.00910604 -0.00912604 -0.00893249 -0.00917421 -0.00904595
 -0.00909509 -0.00912396 -0.00918104 -0.00899756 -0.00910619 -0.00916392
 -0.00912388 -0.00899028 -0.00911283 -0.00897235 -0.00917688 -0.0092192
 -0.00925504 -0.00913184 -0.00913204 -0.00925531 -0.00912844 -0.0090484
 -0.00902851 -0.00935732 -0.00905403 -0.00907159 -0.00888939 -0.00911736
 -0.00908536 -0.00912432 -0.00905799 -0.00908451 -0.00913158 -0.00920616
 -0.00902119 -0.00892732 -0.00899585 -0.00919614 -0.00917498 -0.00925681
 -0.00914729 -0.0091291  -0.00886679 -0.00914759 -0.00906583 -0.00921626
 -0.00929952 -0.00903877 -0.00910555 -0.00929791 -0.00904843 -0.00917833
 -0.00913088 -0.0091039  -0.00910715 -0.00910532 -0.00917987 -0.00904101
 -0.00922466 -0.00927977 -0.00928152 -0.00905593 -0.00900857 -0.00910159
 -0.00912519 -0.00915237 -0.00891985 -0.00905621 -0.00903988 -0.00909764
 -0.00915672 -0.00901258 -0.00908408 -0.00894137 -0.0092188  -0.00916284
 -0.00909118 -0.00916186 -0.00904438 -0.00910468 -0.00916259 -0.00915436
 -0.00911731 -0.00919149 -0.00916537 -0.0091074  -0.0090019  -0.00908086
 -0.00922787 -0.00917276 -0.00902492 -0.00923449 -0.00907958 -0.00946383
 -0.00915469 -0.00922083 -0.00913606 -0.00902715 -0.00925145 -0.00903865
 -0.00904507 -0.00894518 -0.00921225 -0.00912312 -0.00909565 -0.00931245
 -0.00887426 -0.00912807 -0.0091856  -0.00917814 -0.00889346 -0.00902605
 -0.00923548 -0.0092416  -0.00923507 -0.00920071 -0.00909106 -0.00905681
 -0.00915063 -0.00905052 -0.00916168 -0.00916672 -0.00918653 -0.00922496
 -0.00921319 -0.0091787  -0.00924318 -0.00897616 -0.0089529  -0.0088971
 -0.00910126 -0.00919516 -0.00919407 -0.00901302 -0.00916736 -0.0091641
 -0.00925296 -0.00896421 -0.00910954 -0.0090345  -0.00912157 -0.00925943
 -0.00914972 -0.00908822 -0.00909215 -0.00905771 -0.00918935 -0.00895141
 -0.00917198 -0.00921855 -0.0089864  -0.00894477 -0.00910807 -0.00926083
 -0.0090005  -0.00914911 -0.0091354  -0.00892589 -0.00897838 -0.00915758
 -0.00907085 -0.00898898 -0.00897671 -0.00894984 -0.00934678 -0.00912695
 -0.00918637 -0.00896082 -0.00916099 -0.00898513 -0.00905675 -0.00911761
 -0.00895386 -0.00913103 -0.0089793  -0.00910385 -0.0091922  -0.00912494
 -0.00916189 -0.00921727 -0.00918341 -0.00912656 -0.00902279 -0.00913554
 -0.0090858  -0.00920967 -0.0091048  -0.00908205 -0.00904395 -0.00891822
 -0.00902585 -0.00917005 -0.00908242 -0.00924544 -0.00925122 -0.00918029
 -0.00919438 -0.00904345 -0.00907645 -0.00913106 -0.00908749 -0.00929832
 -0.00917426 -0.00906742 -0.00909788 -0.00917078 -0.00921617 -0.00897845
 -0.00918958 -0.00907861 -0.00920042 -0.00885981 -0.0090151  -0.00917649
 -0.0091929  -0.00891676 -0.00915243 -0.0090209  -0.00915835 -0.0090272
 -0.00928043 -0.00913505 -0.00907441 -0.00912742 -0.00915752 -0.00933427
 -0.00932138 -0.00915665 -0.00917649 -0.00920533 -0.00922144 -0.00911326
 -0.00888815 -0.00931373 -0.00911926 -0.00906919 -0.00902072 -0.00913059
 -0.00897335 -0.00905728 -0.00905439 -0.0090533  -0.00913327 -0.009155
 -0.00908299 -0.00912494 -0.00908065 -0.00903124 -0.00907683 -0.00894242
 -0.00923017 -0.00903072 -0.0091767  -0.00916723 -0.00905556 -0.00909166
 -0.00921875 -0.0092598  -0.00899377 -0.00884065 -0.00893591 -0.00897221
 -0.00922067 -0.00901442 -0.0092367  -0.00906806 -0.00908117 -0.00912279
 -0.00926862 -0.00901457 -0.00913399 -0.00926199 -0.00901318 -0.00914904
 -0.00901843 -0.00921778 -0.00908691 -0.00899874 -0.00894357 -0.0090862
 -0.0091298  -0.00897621 -0.00928934 -0.00910087 -0.00908291 -0.00908897
 -0.00912509 -0.00905947 -0.00909706 -0.00921488 -0.00909335 -0.00917157
 -0.0089729  -0.00917098 -0.009123   -0.00910368 -0.0091094  -0.00920981]"
Italian Delight,"[""1 lb. hamburger"", ""1/4 tsp. pepper"", ""1 (15 oz.) can whole kernel corn"", ""1/4 lb. American sliced or Velveeta cheese"", ""1/2 small pkg. medium width noodles"", ""1 (8 oz.) can tomato sauce"", ""1/2 to 1 tsp. salt"", ""dash of garlic""]","[""Cook hamburger, stirring, but not browned."", ""Add salt, pepper and garlic."", ""Add tomato sauce; simmer for 20 minutes."", ""Cook noodles; drain."", ""Put a layer of meat sauce in baking dish."", ""Top with noodles and corn (which has been drained) and cheese."", ""Repeat same layer of each, then add cheese."", ""Bake at 350\u00b0 until cheese is melted.""]","[""velveeta cheese"", ""width noodles"", ""whole kernel corn"", ""pepper"", ""salt"", ""garlic"", ""hamburger"", ""tomato sauce""]","[-0.00970998 -0.00962632 -0.00968851 -0.00961655 -0.00956951 -0.00960999
 -0.00951814 -0.00946067 -0.00959509 -0.00963124 -0.00968786 -0.00948541
 -0.00942586 -0.00955339 -0.00964601 -0.00964827 -0.009511   -0.00948527
 -0.00950905 -0.00959361 -0.00959139 -0.00969752 -0.00965436 -0.00966972
 -0.00950632 -0.00947322 -0.009585   -0.00959917 -0.00968307 -0.00946956
 -0.00958204 -0.00961648 -0.00943458 -0.00942982 -0.00962472 -0.00969812
 -0.00960185 -0.00959556 -0.0097323  -0.00955599 -0.00953883 -0.00964825
 -0.00930441 -0.00971262 -0.00965711 -0.00956313 -0.00965519 -0.00945339
 -0.00976331 -0.0096757  -0.00961766 -0.00958104 -0.00952217 -0.00956233
 -0.00967204 -0.0095028  -0.00962299 -0.00948285 -0.00954816 -0.00971083
 -0.00941903 -0.00960251 -0.00949517 -0.00964117 -0.00955562 -0.00954691
 -0.0094274  -0.00953476 -0.00960869 -0.00943736 -0.00954854 -0.00956185
 -0.00958086 -0.00970703 -0.00946044 -0.00965521 -0.00960801 -0.00953505
 -0.00953962 -0.00950819 -0.00953096 -0.00956651 -0.00938426 -0.00951747
 -0.0095721  -0.00953887 -0.00959024 -0.00952393 -0.00955565 -0.00948264
 -0.00966305 -0.00960928 -0.00958449 -0.00949768 -0.00953775 -0.00957183
 -0.00968171 -0.00950483 -0.00955892 -0.00961358 -0.00970404 -0.0095643
 -0.00965152 -0.00952837 -0.00977087 -0.0095611  -0.00958584 -0.00956197
 -0.00945181 -0.00958746 -0.00946937 -0.0096619  -0.00934787 -0.00960355
 -0.00971585 -0.00949776 -0.00953188 -0.00954533 -0.00962187 -0.00961755
 -0.00960755 -0.00959489 -0.00950328 -0.00946609 -0.00942128 -0.00954065
 -0.00969162 -0.00966427 -0.00959245 -0.0096356  -0.00953129 -0.00955051
 -0.00959437 -0.00958969 -0.00969012 -0.00957016 -0.00960008 -0.00955603
 -0.00938943 -0.00965384 -0.00964703 -0.00939272 -0.00963197 -0.00966841
 -0.00958283 -0.00968347 -0.00963725 -0.00956518 -0.00955537 -0.00959613
 -0.00953014 -0.00938377 -0.00981248 -0.00977066 -0.00960839 -0.00949099
 -0.00955992 -0.00958453 -0.00962462 -0.00954501 -0.00947486 -0.00953497
 -0.00957803 -0.00958367 -0.00968834 -0.00957274 -0.00964853 -0.00928192
 -0.00966175 -0.00937141 -0.0095871  -0.0095499  -0.0092766  -0.00946498
 -0.00974319 -0.00939028 -0.00957129 -0.00952625 -0.0095496  -0.00951166
 -0.00985287 -0.0096493  -0.00950642 -0.00971982 -0.00948841 -0.00957878
 -0.00935601 -0.00977168 -0.00941561 -0.00953192 -0.00973667 -0.00958875
 -0.00958138 -0.00961725 -0.00953855 -0.0095897  -0.00955625 -0.00954199
 -0.00936759 -0.0096201  -0.00948119 -0.00949983 -0.00945695 -0.00935382
 -0.00963041 -0.00953719 -0.00951328 -0.00957932 -0.00948357 -0.00963975
 -0.00968542 -0.00951651 -0.00936699 -0.00959008 -0.00950233 -0.00946442
 -0.0094901  -0.00961842 -0.00973025 -0.00959147 -0.00950472 -0.00960827
 -0.0096253  -0.00960725 -0.00969847 -0.00955731 -0.00954758 -0.00951958
 -0.00945472 -0.0095282  -0.00963659 -0.00969974 -0.00960815 -0.00956629
 -0.00962891 -0.00950052 -0.00944285 -0.00955054 -0.00955011 -0.00956714
 -0.00967612 -0.0094784  -0.00952961 -0.00951587 -0.00967551 -0.00963342
 -0.00944656 -0.00958262 -0.00949671 -0.00966333 -0.00949641 -0.00953889
 -0.00956974 -0.00954527 -0.00956444 -0.00969374 -0.0095583  -0.00963557
 -0.00951898 -0.00953879 -0.009689   -0.00962248 -0.00922897 -0.00968752
 -0.00953289 -0.00948174 -0.00968822 -0.0095945  -0.00953048 -0.00961007
 -0.00960881 -0.00939394 -0.00957364 -0.00960833 -0.00954594 -0.00963776
 -0.00964192 -0.00955258 -0.00946142 -0.00960534 -0.00960909 -0.00956303
 -0.00972103 -0.00960988 -0.0095226  -0.00974118 -0.00966783 -0.00975909
 -0.00961443 -0.00954213 -0.00953755 -0.00942121 -0.0095987  -0.00970127
 -0.00940098 -0.00968181 -0.00964999 -0.0094088  -0.00970032 -0.00964281
 -0.00959655 -0.00947269 -0.00964994 -0.00956673 -0.00938236 -0.00952741
 -0.00961718 -0.00952431 -0.01200749 -0.00972583 -0.00962578 -0.00954034
 -0.00954274 -0.00961527 -0.00974989 -0.00965459 -0.00960567 -0.00951354
 -0.00951658 -0.00953216 -0.00952975 -0.00954441 -0.00958011 -0.00963592
 -0.00964192 -0.00971121 -0.00974334 -0.00940193 -0.00969635 -0.00956399
 -0.00938098 -0.0095996  -0.00965124 -0.00951479 -0.00957089 -0.00951488
 -0.00985516 -0.00958267 -0.00967199 -0.00958968 -0.00944873 -0.00944644
 -0.00955418 -0.00967917 -0.00956904 -0.00974194 -0.00930874 -0.00933244
 -0.00945265 -0.00956137 -0.00955002 -0.00949634 -0.00952921 -0.0096867
 -0.00950811 -0.00976533 -0.00945066 -0.00948126 -0.00949877 -0.00950424
 -0.00962343 -0.00958835 -0.00968286 -0.00950401 -0.00940147 -0.0095222
 -0.00954609 -0.00969855 -0.00941723 -0.00960133 -0.00957467 -0.0095002
 -0.00967931 -0.00945893 -0.00963986 -0.00978325 -0.009665   -0.00953287
 -0.00968122 -0.00971711 -0.00961053 -0.00996337 -0.00975901 -0.00958013
 -0.00977619 -0.0097048  -0.00942862 -0.00956374 -0.00953273 -0.00959862
 -0.00947971 -0.00935323 -0.00956469 -0.00957072 -0.00964119 -0.00975863
 -0.0097218  -0.00960494 -0.00947231 -0.00958789 -0.0094895  -0.0095845
 -0.00931015 -0.00945669 -0.00961108 -0.00964586 -0.0096581  -0.00959979
 -0.0096724  -0.00970411 -0.00951162 -0.00943568 -0.00940138 -0.00967123
 -0.00965858 -0.00948427 -0.00931728 -0.00963385 -0.00953163 -0.00957927
 -0.00952859 -0.00948305 -0.00966355 -0.0096166  -0.00952463 -0.00947242
 -0.00945536 -0.00953092 -0.00961172 -0.00957528 -0.00959385 -0.00958066
 -0.00955789 -0.00965003 -0.00963231 -0.00974498 -0.00960437 -0.00954356
 -0.00961288 -0.00966517 -0.0095892  -0.0095592  -0.00954983 -0.00957015
 -0.00964321 -0.00965501 -0.00958528 -0.00952407 -0.00945433 -0.00965698
 -0.00969042 -0.00942491 -0.00949572 -0.00943623 -0.00963118 -0.00960062
 -0.00955682 -0.00951731 -0.00940679 -0.0095833  -0.00949033 -0.00958368
 -0.00974601 -0.00971161 -0.00943511 -0.00958184 -0.00956872 -0.0095563
 -0.00947791 -0.00969085 -0.00955884 -0.00937203 -0.0095578  -0.00944048
 -0.00939593 -0.00967378 -0.00980403 -0.00940004 -0.00951816 -0.00960206
 -0.00956091 -0.00948359 -0.00966771 -0.00953835 -0.00966732 -0.00966115
 -0.00969143 -0.00950123 -0.00951022 -0.00976121 -0.009478   -0.00951061
 -0.00950296 -0.00945045 -0.00968949 -0.00966509 -0.00943099 -0.00952127
 -0.00966398 -0.00951716 -0.00952879 -0.00966535 -0.00959904 -0.00957789
 -0.00953516 -0.00943461 -0.00945992 -0.00955452 -0.00960252 -0.00972179
 -0.00966908 -0.00952244 -0.00947757 -0.00956927 -0.00943276 -0.0096037
 -0.00979427 -0.00967905 -0.00945023 -0.0098658  -0.00956149 -0.00974523
 -0.0096198  -0.00944246 -0.00953871 -0.0095753  -0.009602   -0.00953101
 -0.00976228 -0.00965867 -0.00959682 -0.00967428 -0.00957772 -0.00963681
 -0.00960645 -0.00963055 -0.00958753 -0.00960329 -0.00952153 -0.00943611
 -0.00960775 -0.0095397  -0.0094895  -0.00943092 -0.00969526 -0.00968136
 -0.00947174 -0.00950621 -0.00942096 -0.009734   -0.00973935 -0.0095024
 -0.0096181  -0.00954298 -0.00957898 -0.00954721 -0.00946356 -0.00949849
 -0.00970299 -0.00958134 -0.00947151 -0.00975045 -0.00961711 -0.0098507
 -0.00968668 -0.00960124 -0.00966256 -0.00953846 -0.00973458 -0.00929481
 -0.00946767 -0.00950869 -0.00966561 -0.00957639 -0.0094379  -0.00961829
 -0.00944979 -0.00933625 -0.0095685  -0.00959662 -0.00942259 -0.00947956
 -0.00965668 -0.00959407 -0.00965807 -0.0099143  -0.00955218 -0.00965807
 -0.00952584 -0.00939177 -0.00975897 -0.00962618 -0.00959183 -0.00964396
 -0.00971155 -0.00963146 -0.00971315 -0.00944296 -0.00949003 -0.00954333
 -0.00948701 -0.00948705 -0.00955783 -0.00950311 -0.00968765 -0.00952414
 -0.00979546 -0.00961394 -0.00971446 -0.00957514 -0.00947685 -0.00970557
 -0.00961824 -0.00955985 -0.00961805 -0.00963165 -0.00966704 -0.00948967
 -0.00967412 -0.00967699 -0.00964209 -0.00938604 -0.00954032 -0.00949735
 -0.00949283 -0.00971977 -0.009715   -0.00943999 -0.00943767 -0.00965266
 -0.00942082 -0.00954253 -0.00943356 -0.00951606 -0.0097722  -0.00955212
 -0.00947125 -0.00942218 -0.00957532 -0.00947264 -0.00963097 -0.00964367
 -0.00948165 -0.009648   -0.00948687 -0.00965579 -0.00967225 -0.00956538
 -0.00944927 -0.00960025 -0.00972265 -0.00962164 -0.00957051 -0.00957499
 -0.00966098 -0.00975356 -0.00960061 -0.00958804 -0.00956605 -0.00956377
 -0.00960626 -0.00971289 -0.00947726 -0.00963379 -0.00955864 -0.00955786
 -0.00962823 -0.00970737 -0.00958956 -0.00947627 -0.00955591 -0.00954509
 -0.00957511 -0.00944252 -0.0097925  -0.00959176 -0.00965259 -0.00966567
 -0.0096236  -0.00983576 -0.00970415 -0.00943207 -0.00956209 -0.00947513
 -0.00974887 -0.00934132 -0.00966644 -0.009542   -0.00975034 -0.00956998
 -0.00966016 -0.00962243 -0.009345   -0.0097324  -0.00954411 -0.0096202
 -0.0096566  -0.00965739 -0.0096404  -0.00969536 -0.00960168 -0.00970303
 -0.00940449 -0.00967912 -0.00965513 -0.00956572 -0.00961285 -0.00951548
 -0.00939229 -0.00965109 -0.00960796 -0.00954252 -0.0096983  -0.00958291
 -0.00945903 -0.00952075 -0.00969131 -0.00971871 -0.00956968 -0.00944718
 -0.00978487 -0.00951327 -0.00964638 -0.00964221 -0.0095002  -0.00955808
 -0.00950737 -0.00973443 -0.00954661 -0.00951892 -0.00950325 -0.00962567
 -0.00969874 -0.00941961 -0.00967466 -0.00950421 -0.00959892 -0.0095118
 -0.00965386 -0.00934157 -0.00962278 -0.00956071 -0.00955189 -0.0095704
 -0.00946011 -0.00972971 -0.00964901 -0.00966288 -0.00941747 -0.00968162
 -0.00965088 -0.00971422 -0.00987529 -0.00968179 -0.00951784 -0.00944731
 -0.00958091 -0.00961429 -0.00945171 -0.0096478  -0.00957346 -0.00957362
 -0.00952761 -0.00963087 -0.00953352 -0.00957711 -0.00955614 -0.00946411]"
Chicken And Noodles,"[""1 whole chicken"", ""1 can cream of chicken soup"", ""1 pkg. dumpling noodles"", ""1 can peas""]","[""Boil chicken until done, then debone."", ""Add can of cream of chicken soup; bring to a boil."", ""Then add noodles; add chicken."", ""I add can of peas for color."", ""You don't have to if you don't want to.""]","[""cream of chicken soup"", ""peas"", ""chicken"", ""dumpling noodles""]","[-0.00859669 -0.00870376 -0.00871127 -0.00852405 -0.00858405 -0.00864779
 -0.00877713 -0.00847671 -0.00879562 -0.00880854 -0.0087147  -0.00866715
 -0.00863788 -0.0085783  -0.00876998 -0.00871951 -0.00846891 -0.00865768
 -0.00853358 -0.00849127 -0.00850414 -0.00890229 -0.00881087 -0.00879449
 -0.00856723 -0.00863287 -0.00878238 -0.00865546 -0.0085947  -0.00874731
 -0.00871291 -0.00874507 -0.00834584 -0.00871396 -0.00857274 -0.00883187
 -0.00847031 -0.0085668  -0.00887209 -0.0085318  -0.00867597 -0.00872537
 -0.00850821 -0.00885437 -0.00844314 -0.0088103  -0.00871704 -0.0086476
 -0.00880115 -0.00883222 -0.00858899 -0.00858263 -0.00863266 -0.00868968
 -0.00859005 -0.00836759 -0.00861553 -0.00856174 -0.00870819 -0.00860608
 -0.00859154 -0.00851147 -0.00867268 -0.0087473  -0.00871384 -0.00863489
 -0.00865473 -0.00857626 -0.00866915 -0.00854342 -0.00873214 -0.00864811
 -0.00877234 -0.00863838 -0.00856416 -0.00865807 -0.00864621 -0.0085256
 -0.0086811  -0.00862123 -0.00876699 -0.00876617 -0.00852996 -0.0085499
 -0.00861717 -0.00841262 -0.00881697 -0.00875681 -0.00868033 -0.00850247
 -0.00875569 -0.00856295 -0.00851857 -0.00855832 -0.0087218  -0.00870501
 -0.00870577 -0.00858301 -0.00854463 -0.00862678 -0.00882369 -0.00864335
 -0.00866    -0.00864575 -0.00881408 -0.00874525 -0.00873128 -0.00864247
 -0.00847115 -0.00866867 -0.00870246 -0.00871178 -0.00839942 -0.00864918
 -0.00889519 -0.00848368 -0.00876144 -0.00857015 -0.00877985 -0.00870114
 -0.00864615 -0.00869289 -0.00865542 -0.00840981 -0.0085958  -0.00876736
 -0.00860535 -0.00861151 -0.00868167 -0.00871921 -0.00862757 -0.00853353
 -0.00858687 -0.00864009 -0.00882244 -0.008609   -0.00850267 -0.008759
 -0.00865706 -0.00885516 -0.00886854 -0.00847688 -0.00857174 -0.00875941
 -0.00866834 -0.0086898  -0.00865611 -0.00853855 -0.00867783 -0.00871003
 -0.00856456 -0.00846599 -0.00889527 -0.00875186 -0.00865394 -0.00858788
 -0.00873834 -0.00865472 -0.00867987 -0.00865678 -0.00839179 -0.00870337
 -0.00862226 -0.00874692 -0.00871249 -0.00871163 -0.00858548 -0.00840349
 -0.00873285 -0.00837946 -0.00879606 -0.00848731 -0.00825416 -0.00880789
 -0.00873327 -0.00872279 -0.00875936 -0.0085422  -0.00854808 -0.00853658
 -0.0089688  -0.00876823 -0.00846612 -0.00895261 -0.0085424  -0.0086838
 -0.00859888 -0.00884572 -0.00852229 -0.00834894 -0.00884748 -0.00866157
 -0.00888903 -0.00870019 -0.00858173 -0.00874629 -0.00873305 -0.00846889
 -0.00854453 -0.00884787 -0.00858271 -0.00858595 -0.00860227 -0.00853753
 -0.00881316 -0.0085907  -0.0086457  -0.00881512 -0.00864587 -0.00868782
 -0.00881211 -0.00853424 -0.0084346  -0.00869158 -0.00855059 -0.00871585
 -0.00854491 -0.00872862 -0.0087849  -0.00875319 -0.00860516 -0.00863942
 -0.00892041 -0.00840456 -0.00875153 -0.00851735 -0.00869423 -0.00859723
 -0.00865041 -0.00850618 -0.00877475 -0.00874777 -0.00868979 -0.00868784
 -0.00891374 -0.00856418 -0.00849061 -0.00865881 -0.00859948 -0.00883959
 -0.00868483 -0.00863569 -0.00862059 -0.0088115  -0.0087252  -0.00862013
 -0.0086811  -0.0085329  -0.00862404 -0.00888551 -0.00854092 -0.00867198
 -0.00845759 -0.00883126 -0.008519   -0.008678   -0.00865409 -0.00864879
 -0.00862684 -0.00844356 -0.0086687  -0.00863194 -0.00829476 -0.00893629
 -0.00866755 -0.00851512 -0.00866914 -0.00881842 -0.00859149 -0.00860891
 -0.00863281 -0.00866439 -0.00877941 -0.00858182 -0.00879411 -0.00893436
 -0.00863242 -0.00875454 -0.00871862 -0.00889824 -0.00841586 -0.00871909
 -0.00887927 -0.00859796 -0.00872338 -0.00906672 -0.00876642 -0.00885297
 -0.00879758 -0.00858116 -0.00847015 -0.00833299 -0.00896964 -0.00896076
 -0.0084017  -0.00870984 -0.00861854 -0.00847966 -0.00847834 -0.00888786
 -0.00854901 -0.00869091 -0.00868064 -0.00849028 -0.00878742 -0.008687
 -0.00864095 -0.00877726 -0.01068393 -0.00886592 -0.00889079 -0.00874494
 -0.00856854 -0.00857541 -0.00886482 -0.00899492 -0.00866131 -0.00862435
 -0.00873586 -0.00878421 -0.008527   -0.00860954 -0.00865077 -0.0087197
 -0.00857811 -0.00869103 -0.00870347 -0.0084732  -0.00853527 -0.00879973
 -0.0084753  -0.00865048 -0.00867985 -0.00852497 -0.00864117 -0.00851184
 -0.00893198 -0.00868969 -0.00868568 -0.00858571 -0.00867993 -0.00863427
 -0.0086921  -0.00874061 -0.00877912 -0.00873548 -0.00843694 -0.00848202
 -0.00858426 -0.00866332 -0.00877497 -0.00880408 -0.00844774 -0.00877121
 -0.00844865 -0.0088514  -0.00868875 -0.00845329 -0.00844846 -0.00846588
 -0.00858247 -0.00876022 -0.00868216 -0.008439   -0.00853641 -0.00850699
 -0.00868423 -0.00885127 -0.00849304 -0.00875829 -0.00880039 -0.00856707
 -0.00874955 -0.00871378 -0.00875848 -0.00877752 -0.00868237 -0.00841566
 -0.00883578 -0.00881322 -0.00855574 -0.00889354 -0.00861697 -0.00874991
 -0.00889459 -0.00887327 -0.00858246 -0.00882215 -0.00876848 -0.00883423
 -0.00857934 -0.00866133 -0.00866275 -0.00863104 -0.00885675 -0.00879408
 -0.00889742 -0.00868806 -0.00849066 -0.00868758 -0.00850348 -0.0084978
 -0.00861398 -0.00835234 -0.0086524  -0.00876205 -0.00875288 -0.00875389
 -0.00882624 -0.00874857 -0.00839236 -0.008716   -0.00870484 -0.00869201
 -0.00883446 -0.0086654  -0.00853773 -0.00867264 -0.00864258 -0.00883965
 -0.00850308 -0.00877174 -0.00872508 -0.00860045 -0.00863832 -0.00854301
 -0.00861711 -0.00859417 -0.00863095 -0.00856419 -0.00875092 -0.00868388
 -0.00875839 -0.00876539 -0.00856982 -0.00874321 -0.00854724 -0.00853286
 -0.00866594 -0.00868549 -0.00877573 -0.00864192 -0.00868193 -0.00873117
 -0.00879911 -0.00887671 -0.0087947  -0.00860606 -0.00857634 -0.00866921
 -0.0087218  -0.0086726  -0.0088778  -0.00837984 -0.00865803 -0.0086244
 -0.00855143 -0.00848715 -0.00867946 -0.00865884 -0.00866858 -0.00863595
 -0.00878488 -0.00903562 -0.00851453 -0.00866324 -0.00861526 -0.00883151
 -0.00864219 -0.00880975 -0.00856601 -0.00846091 -0.00881151 -0.00823388
 -0.00869743 -0.00866998 -0.00884083 -0.00849383 -0.00869446 -0.0086135
 -0.00866861 -0.00859223 -0.00873514 -0.00877429 -0.00862466 -0.00869247
 -0.00881777 -0.00861218 -0.00860086 -0.00879134 -0.00860674 -0.00847094
 -0.00872972 -0.00862502 -0.00859841 -0.00870691 -0.00855722 -0.00863075
 -0.00873693 -0.00847912 -0.00855204 -0.00879763 -0.00858947 -0.00882946
 -0.00872798 -0.008506   -0.00847541 -0.0087168  -0.0087083  -0.0087066
 -0.00874239 -0.0084766  -0.00857992 -0.00862811 -0.0084144  -0.00887294
 -0.00867129 -0.00879202 -0.00876405 -0.00890657 -0.00857502 -0.00888474
 -0.00872814 -0.00843488 -0.00858654 -0.00862851 -0.00861517 -0.00861639
 -0.00890662 -0.00864938 -0.00854293 -0.00875629 -0.00880706 -0.00857132
 -0.00861133 -0.00880996 -0.00880074 -0.00872819 -0.00862646 -0.00855
 -0.00867597 -0.00857506 -0.00839793 -0.00843386 -0.00882042 -0.0088721
 -0.00850421 -0.0085592  -0.00860588 -0.00881411 -0.00863565 -0.00861402
 -0.00879627 -0.00882454 -0.00867206 -0.00846429 -0.00850868 -0.00855261
 -0.00868616 -0.00860877 -0.00868913 -0.00896314 -0.00867032 -0.00907085
 -0.00872993 -0.00867761 -0.00877543 -0.00877283 -0.00876619 -0.0084927
 -0.00851302 -0.00846638 -0.00869573 -0.00867335 -0.0086147  -0.0085765
 -0.00846412 -0.00843745 -0.00858911 -0.00866157 -0.00845879 -0.00872389
 -0.00850786 -0.00857353 -0.00869636 -0.00900349 -0.00873763 -0.00864783
 -0.00867645 -0.00859121 -0.00876878 -0.00869903 -0.00865289 -0.00883184
 -0.00878732 -0.0084964  -0.00889975 -0.00852796 -0.00847809 -0.00861657
 -0.00854473 -0.00848109 -0.00867844 -0.00852284 -0.00861875 -0.00856381
 -0.00888988 -0.00866615 -0.00895904 -0.00854636 -0.00859692 -0.00872481
 -0.00873139 -0.00850057 -0.00867829 -0.00883477 -0.00883644 -0.00854626
 -0.0086542  -0.00891745 -0.00856808 -0.00846836 -0.00864466 -0.00858864
 -0.00871136 -0.00876649 -0.0087339  -0.00828163 -0.0085563  -0.0088523
 -0.00852698 -0.00862968 -0.00866279 -0.00856571 -0.00903558 -0.00877006
 -0.00866996 -0.00864612 -0.00896753 -0.00849167 -0.00877447 -0.00881342
 -0.00863252 -0.00864476 -0.00862388 -0.00866696 -0.00874935 -0.00862144
 -0.00855087 -0.0085006  -0.00889529 -0.00864786 -0.00842779 -0.00858498
 -0.00868646 -0.00881436 -0.008549   -0.00888495 -0.00872173 -0.00870632
 -0.00857066 -0.00871108 -0.00851664 -0.00863024 -0.00870858 -0.00867899
 -0.00852024 -0.00863577 -0.00867307 -0.00848152 -0.00866592 -0.00888246
 -0.0085397  -0.00842864 -0.00887211 -0.00884525 -0.00874563 -0.0083683
 -0.00868873 -0.00888757 -0.00869123 -0.00859897 -0.00872828 -0.00858488
 -0.00896715 -0.00839808 -0.00878495 -0.00842557 -0.0087639  -0.00860961
 -0.0089004  -0.00866884 -0.00856168 -0.00856856 -0.0088544  -0.00869428
 -0.00878613 -0.00869996 -0.00873502 -0.00877123 -0.00880269 -0.00882348
 -0.00848749 -0.00872483 -0.00862941 -0.00865459 -0.00844447 -0.00871605
 -0.00855383 -0.00863707 -0.00858335 -0.00859266 -0.0088178  -0.00871082
 -0.00878659 -0.00852078 -0.00899201 -0.00882826 -0.00875213 -0.00869937
 -0.00879471 -0.00865954 -0.00877478 -0.00872467 -0.00848543 -0.0086808
 -0.00865392 -0.00869916 -0.00861304 -0.00868063 -0.0085464  -0.00841815
 -0.00879805 -0.00890637 -0.00870836 -0.00848465 -0.00883858 -0.00867468
 -0.00886684 -0.00841406 -0.00868471 -0.00882339 -0.00878506 -0.00862064
 -0.00849797 -0.00857135 -0.00873819 -0.0087935  -0.00852996 -0.00860245
 -0.00859972 -0.00851188 -0.0089985  -0.00868439 -0.00860594 -0.00848737
 -0.00877583 -0.00867035 -0.00862854 -0.00864825 -0.00863486 -0.00850764
 -0.00864258 -0.00857752 -0.00862052 -0.00868861 -0.00865479 -0.00874297]"
Light As A Feather Muffins,"[""1/8 c. sugar"", ""1/8 c. soft shortening"", ""1/2 egg"", ""7/8 c. sifted flour"", ""2 tsp. baking powder"", ""1/4 tsp. salt"", ""1/2 c. milk""]","[""Mix together sugar and shortening."", ""Blend in egg."", ""Sift together flour, baking powder and salt."", ""Stir in alternately with 1/2 cup milk."", ""Fill greased muffin cups 2/3 full."", ""Bake at 375\u00b0 for 20 minutes.""]","[""egg"", ""baking powder"", ""sugar"", ""shortening"", ""flour"", ""milk"", ""salt""]","[-0.00945263 -0.00931464 -0.00939155 -0.0093552  -0.00941849 -0.0093357
 -0.00941588 -0.00919749 -0.00933109 -0.00944846 -0.00932712 -0.00942927
 -0.00939866 -0.00931373 -0.00948214 -0.00937071 -0.00933993 -0.00920703
 -0.009326   -0.00932976 -0.0092768  -0.00943561 -0.00959352 -0.00933169
 -0.00925678 -0.00928057 -0.00950977 -0.00933369 -0.00927511 -0.00944274
 -0.00935552 -0.00925566 -0.00924467 -0.0093361  -0.00935099 -0.00948647
 -0.00934633 -0.00946638 -0.00955439 -0.00935572 -0.00936415 -0.00948734
 -0.00923404 -0.00949411 -0.00939188 -0.00947876 -0.00938522 -0.00939973
 -0.00948929 -0.00950987 -0.00939247 -0.00935229 -0.00935607 -0.00947046
 -0.00940596 -0.00927506 -0.00934512 -0.00948117 -0.00937834 -0.00946293
 -0.00952241 -0.00940388 -0.00928175 -0.00949232 -0.00939912 -0.00932561
 -0.00936759 -0.00932267 -0.00962991 -0.00927058 -0.00938826 -0.0094141
 -0.0094545  -0.00941916 -0.0093373  -0.00946748 -0.00938767 -0.00932715
 -0.00941518 -0.00940286 -0.00964822 -0.00922679 -0.00924913 -0.00915977
 -0.00940167 -0.0092233  -0.00953672 -0.00936942 -0.00958775 -0.00924005
 -0.00947242 -0.00940853 -0.00934167 -0.00940657 -0.00933205 -0.00969501
 -0.00957335 -0.00928106 -0.00944973 -0.0093555  -0.00937346 -0.00934826
 -0.00930325 -0.00924254 -0.00966245 -0.00941277 -0.00946509 -0.00947127
 -0.00928551 -0.00936392 -0.00925489 -0.00960895 -0.0093754  -0.00929435
 -0.00952821 -0.00927495 -0.00938691 -0.00932553 -0.00947976 -0.00954913
 -0.00941178 -0.0094265  -0.00933135 -0.00914443 -0.0092682  -0.00945067
 -0.00950954 -0.00940886 -0.00935657 -0.00942087 -0.00952308 -0.00938901
 -0.00938204 -0.00951426 -0.00941392 -0.0092156  -0.0093628  -0.00955066
 -0.00932405 -0.0094432  -0.00943585 -0.00914879 -0.00924835 -0.00951177
 -0.00924889 -0.0094846  -0.009528   -0.00940577 -0.00955213 -0.00946162
 -0.00939866 -0.0092192  -0.00955844 -0.00962666 -0.00937057 -0.00937273
 -0.00961205 -0.00932889 -0.00933341 -0.00933649 -0.00939072 -0.00936314
 -0.00939905 -0.00945154 -0.0095808  -0.00931694 -0.00942628 -0.00910606
 -0.0094939  -0.00916365 -0.00938871 -0.00931773 -0.00897827 -0.00943084
 -0.00945224 -0.00931588 -0.0093797  -0.00930585 -0.00941084 -0.00935849
 -0.00968099 -0.00943079 -0.00924206 -0.00944349 -0.00944688 -0.00951705
 -0.00927213 -0.00958853 -0.00932074 -0.00930348 -0.00946624 -0.00948198
 -0.00944836 -0.00925415 -0.00936475 -0.00943697 -0.00938434 -0.00942356
 -0.0093846  -0.00958356 -0.00932749 -0.00938151 -0.00936024 -0.00928787
 -0.00950446 -0.00938441 -0.00933597 -0.00945694 -0.00941376 -0.00945813
 -0.00955903 -0.0092415  -0.00928818 -0.00941693 -0.00941389 -0.00941734
 -0.00941512 -0.00932627 -0.00949714 -0.00941347 -0.00930572 -0.0093248
 -0.00957998 -0.00927047 -0.00948606 -0.00929525 -0.00937926 -0.00959576
 -0.00935909 -0.00920846 -0.00940226 -0.00967563 -0.00937754 -0.00937286
 -0.00955651 -0.00928515 -0.00940247 -0.0093882  -0.00931721 -0.00952781
 -0.00950668 -0.00935846 -0.00923617 -0.00930582 -0.00945313 -0.00930938
 -0.00938588 -0.00936202 -0.00945077 -0.00955247 -0.00952426 -0.00957631
 -0.00932979 -0.0093592  -0.00938366 -0.00942406 -0.0094336  -0.00947197
 -0.00929049 -0.00923019 -0.00933761 -0.00947835 -0.00901932 -0.00943841
 -0.0093949  -0.00937447 -0.00933673 -0.00934252 -0.00929641 -0.00948516
 -0.00940667 -0.00928095 -0.00935425 -0.00923761 -0.00947505 -0.00966596
 -0.00929653 -0.00935522 -0.00943526 -0.0095284  -0.00926127 -0.00923683
 -0.00970086 -0.00938221 -0.00943022 -0.00953951 -0.0093515  -0.00952184
 -0.00965864 -0.00936646 -0.00946939 -0.00927533 -0.00938336 -0.0095893
 -0.00938476 -0.00926269 -0.00932379 -0.00934181 -0.00941268 -0.00952906
 -0.00937779 -0.0093145  -0.00940339 -0.00935468 -0.00945569 -0.00918494
 -0.00943723 -0.00955125 -0.01107682 -0.00943496 -0.00950104 -0.00956105
 -0.00929881 -0.00946773 -0.00951298 -0.00956481 -0.00955433 -0.00928022
 -0.00940098 -0.0094372  -0.00925285 -0.00937107 -0.00922222 -0.00954091
 -0.00945055 -0.00957042 -0.00949981 -0.00923475 -0.00940997 -0.00944379
 -0.00918204 -0.00946376 -0.00932567 -0.00924583 -0.00942832 -0.00931764
 -0.0096373  -0.00945865 -0.00957111 -0.00948147 -0.00931957 -0.00936208
 -0.00930812 -0.00941053 -0.0093796  -0.00958461 -0.00911486 -0.00930222
 -0.00921468 -0.00941812 -0.00951935 -0.00945461 -0.00924311 -0.00944535
 -0.00926648 -0.00958435 -0.00933625 -0.0093857  -0.00921483 -0.00944535
 -0.00946726 -0.00949203 -0.00938412 -0.00929577 -0.00923397 -0.00925399
 -0.0095176  -0.00966881 -0.00930133 -0.00945814 -0.00949895 -0.00926143
 -0.00951847 -0.00932938 -0.00952645 -0.00946939 -0.00939386 -0.00935509
 -0.00939779 -0.00938269 -0.00938361 -0.0097501  -0.00936684 -0.00947367
 -0.00954096 -0.00946225 -0.00925696 -0.00933062 -0.009494   -0.00955823
 -0.00940671 -0.00926542 -0.0094141  -0.00957664 -0.00949082 -0.00947935
 -0.00949344 -0.00953929 -0.00927436 -0.00937731 -0.00930201 -0.00933932
 -0.00911447 -0.00931982 -0.0093679  -0.0093751  -0.00932777 -0.00962181
 -0.00952587 -0.009344   -0.00902853 -0.0094289  -0.00925738 -0.00928619
 -0.00961569 -0.00953641 -0.00939965 -0.00945977 -0.00935516 -0.0095277
 -0.00924684 -0.00945518 -0.00957073 -0.00949689 -0.00925672 -0.00919223
 -0.00953056 -0.00935956 -0.00942824 -0.00925011 -0.00945583 -0.00952518
 -0.00974511 -0.00935255 -0.00946374 -0.00954077 -0.00945504 -0.00936597
 -0.00948222 -0.00954979 -0.00941958 -0.00946631 -0.00950385 -0.00939769
 -0.00954629 -0.00968471 -0.00952917 -0.00929961 -0.00938485 -0.00934726
 -0.0094995  -0.00941901 -0.0094246  -0.00921667 -0.00936857 -0.00948023
 -0.00942002 -0.00923266 -0.00936256 -0.00924424 -0.00931839 -0.00952582
 -0.00934185 -0.00939639 -0.00926195 -0.00956896 -0.00935547 -0.00952431
 -0.00936614 -0.00948375 -0.00931032 -0.00911768 -0.00946129 -0.00924572
 -0.00939731 -0.00946483 -0.0096427  -0.00940359 -0.00931707 -0.00938901
 -0.00957415 -0.00931659 -0.00946327 -0.00913686 -0.00932046 -0.00953974
 -0.00951309 -0.00931063 -0.00934472 -0.00955027 -0.00940176 -0.0094454
 -0.00926218 -0.00936384 -0.00946964 -0.00953714 -0.00921398 -0.00930916
 -0.00946451 -0.00928843 -0.00937339 -0.00959915 -0.00961708 -0.00946054
 -0.00940352 -0.00933264 -0.00923934 -0.00938944 -0.00939025 -0.00960736
 -0.00942583 -0.00922327 -0.00930433 -0.00949568 -0.00932301 -0.00928289
 -0.00944924 -0.00930774 -0.00933761 -0.00964478 -0.00934265 -0.00951939
 -0.00939632 -0.00915239 -0.00933218 -0.00932067 -0.00946287 -0.00953509
 -0.009631   -0.00960862 -0.0093446  -0.00943679 -0.00951224 -0.00933582
 -0.00951157 -0.00935281 -0.00932005 -0.00943024 -0.00930158 -0.00942776
 -0.00932358 -0.00934013 -0.0092717  -0.00899449 -0.0096385  -0.0095027
 -0.0093153  -0.00930844 -0.00933636 -0.00958437 -0.00954867 -0.00940139
 -0.00948979 -0.00940645 -0.00936581 -0.00930053 -0.00937176 -0.00932028
 -0.00946372 -0.00936414 -0.00948458 -0.00970529 -0.00932668 -0.00952545
 -0.00954122 -0.00942562 -0.00958521 -0.00946471 -0.0094934  -0.0092859
 -0.00946973 -0.00916505 -0.0094551  -0.00942332 -0.0093652  -0.00935663
 -0.00926692 -0.00939539 -0.00936453 -0.00933485 -0.00928501 -0.00941195
 -0.00942074 -0.00929055 -0.00941469 -0.00956565 -0.00931907 -0.00940367
 -0.00943531 -0.0092007  -0.00945902 -0.00946125 -0.00938349 -0.0096077
 -0.00955001 -0.0093825  -0.0096741  -0.00938417 -0.00908561 -0.00927716
 -0.00939561 -0.00931783 -0.00939009 -0.00922993 -0.00946207 -0.00935633
 -0.00949793 -0.00933302 -0.0094993  -0.00934133 -0.00928504 -0.00942878
 -0.00944135 -0.00937136 -0.00943385 -0.00952036 -0.00962961 -0.00949999
 -0.00945369 -0.00949178 -0.00928731 -0.0091476  -0.00942217 -0.00938509
 -0.00933476 -0.009478   -0.00938916 -0.00915355 -0.00923491 -0.0093583
 -0.00931956 -0.00933928 -0.00924104 -0.00910861 -0.00971676 -0.00941575
 -0.0095713  -0.00931419 -0.00958909 -0.00931649 -0.00945743 -0.00942376
 -0.00925296 -0.00954174 -0.009328   -0.00938007 -0.00948248 -0.00927974
 -0.00931186 -0.00935032 -0.00931189 -0.00926052 -0.00939956 -0.00923469
 -0.00940906 -0.00933317 -0.00928101 -0.00934287 -0.0094049  -0.00920461
 -0.00937855 -0.00950285 -0.00929816 -0.00947144 -0.00936042 -0.00934488
 -0.00943526 -0.00924952 -0.00956349 -0.00931449 -0.00934764 -0.00955731
 -0.00940579 -0.0091887  -0.00949987 -0.00941882 -0.00950138 -0.00926685
 -0.00943725 -0.00943789 -0.00947091 -0.00912515 -0.00950729 -0.00930075
 -0.0095738  -0.0092415  -0.00953192 -0.00922927 -0.00949048 -0.00947686
 -0.00965182 -0.00953643 -0.00920699 -0.00949704 -0.00950047 -0.00941635
 -0.00950753 -0.00953554 -0.00933717 -0.00946482 -0.00951779 -0.00948845
 -0.00916949 -0.00953801 -0.00926712 -0.00933246 -0.0094211  -0.00933167
 -0.0092568  -0.00945831 -0.00945837 -0.00935296 -0.00941799 -0.00939177
 -0.00934712 -0.00936413 -0.0095141  -0.00942111 -0.00938631 -0.00931886
 -0.00964546 -0.00936865 -0.00939199 -0.00935769 -0.00928891 -0.00928586
 -0.00945693 -0.00945989 -0.00941422 -0.00933704 -0.00936965 -0.00931241
 -0.00936248 -0.00938351 -0.00948281 -0.0093074  -0.00938821 -0.00945541
 -0.00953838 -0.00919299 -0.009443   -0.00946649 -0.00941427 -0.00939725
 -0.00946075 -0.00939614 -0.00948217 -0.00941644 -0.00927714 -0.00937905
 -0.00943284 -0.00952563 -0.00959066 -0.00946597 -0.00936634 -0.00931866
 -0.00956241 -0.0095547  -0.00948928 -0.00954376 -0.00939756 -0.00938956
 -0.00926167 -0.00961777 -0.00935722 -0.00937241 -0.00939294 -0.0094169 ]"
Old Fashioned Baked Brown Bread,"[""1 c. light molasses"", ""1/2 c. firmly packed brown sugar"", ""4 c. graham flour"", ""2 c. buttermilk"", ""2 Tbsp. butter or margarine, melted"", ""1 heaping tsp. baking soda"", ""1 tsp. salt"", ""1 c. raisins""]","[""In large bowl, stir all ingredients together, mixing well. Batter makes enough to fill 8 (10 3/4 ounce) soup cans."", ""Oil containers well and fill not quite 2/3 full."", ""Bake in 350\u00b0 oven for approximately 45 to 50 minutes."", ""Test with a straw for doneness."", ""Cool in containers for ten minutes before removing to cake rack."", ""Serve warm or cool with butter or margarine."", ""This bread freezes well."", ""This loaf is ideal for slicing and spreading with cream cheese or your choice of spread.""]","[""buttermilk"", ""graham flour"", ""brown sugar"", ""baking soda"", ""raisins"", ""light molasses"", ""butter"", ""salt""]","[-0.00984516 -0.00983182 -0.00996732 -0.00987014 -0.00980926 -0.00975979
 -0.00988567 -0.00968614 -0.00987737 -0.01004328 -0.00984083 -0.00985287
 -0.00974638 -0.00979092 -0.01000479 -0.00988524 -0.00980571 -0.00983896
 -0.00982497 -0.00974283 -0.00982843 -0.01003576 -0.00994431 -0.0099
 -0.00980237 -0.00981824 -0.00986098 -0.00992461 -0.0099885  -0.00988844
 -0.00999375 -0.00987815 -0.00966915 -0.0098951  -0.00984968 -0.01003663
 -0.00984302 -0.00993723 -0.0101566  -0.0098136  -0.00992976 -0.00989702
 -0.00961101 -0.00989881 -0.00987575 -0.0099336  -0.00979368 -0.00982378
 -0.00998555 -0.00992789 -0.00987471 -0.00993376 -0.00980255 -0.00990248
 -0.00986016 -0.0096996  -0.00992923 -0.00983777 -0.00975138 -0.00990662
 -0.00977461 -0.00987149 -0.00988902 -0.00992531 -0.00991817 -0.00976857
 -0.00984789 -0.00973854 -0.00999158 -0.00981238 -0.00984151 -0.00990267
 -0.00994579 -0.00987809 -0.00978219 -0.00996907 -0.00982122 -0.00987729
 -0.00994434 -0.00993991 -0.00998024 -0.0100183  -0.0098102  -0.00976234
 -0.00994247 -0.00972023 -0.00994328 -0.00988929 -0.00990909 -0.00970707
 -0.00986667 -0.00988337 -0.00984344 -0.00973748 -0.00999397 -0.00993839
 -0.00994623 -0.00980569 -0.00972128 -0.00978459 -0.00988639 -0.00983447
 -0.00984502 -0.00980232 -0.01000896 -0.00989567 -0.00983843 -0.00986457
 -0.00975008 -0.00993797 -0.0098134  -0.00982879 -0.00967499 -0.00983093
 -0.01008545 -0.00973235 -0.00988058 -0.00987561 -0.01001292 -0.00992149
 -0.00993345 -0.00988306 -0.00985705 -0.00969595 -0.00986193 -0.00984419
 -0.00999518 -0.0098129  -0.00979741 -0.00998204 -0.00978966 -0.00977579
 -0.0098651  -0.00993593 -0.00995775 -0.00976472 -0.00982302 -0.00985741
 -0.00973867 -0.00991864 -0.00992418 -0.00969023 -0.00986505 -0.00998416
 -0.00996774 -0.00992211 -0.00984946 -0.00990598 -0.00988078 -0.00979586
 -0.00985666 -0.00970221 -0.00998476 -0.00992423 -0.00995638 -0.00987845
 -0.01005919 -0.00988069 -0.00990056 -0.00985778 -0.00982304 -0.00979345
 -0.00986891 -0.00994899 -0.00986187 -0.00996294 -0.00993024 -0.009683
 -0.01000144 -0.00979007 -0.00993742 -0.00981231 -0.00947619 -0.00990942
 -0.0100174  -0.00981026 -0.00984808 -0.00984507 -0.00992323 -0.00975375
 -0.01019198 -0.0099309  -0.00975451 -0.00994214 -0.00979111 -0.00992311
 -0.00987083 -0.01004127 -0.00975281 -0.00987575 -0.0100325  -0.00989791
 -0.00989267 -0.00990741 -0.00975309 -0.01001077 -0.00995369 -0.00983059
 -0.00998052 -0.00998922 -0.00973502 -0.00985727 -0.00981705 -0.00980514
 -0.00997376 -0.0096709  -0.00973402 -0.0099929  -0.00978664 -0.00985364
 -0.00991626 -0.00981829 -0.00960714 -0.00987484 -0.00993567 -0.00984827
 -0.00974116 -0.00992725 -0.00997605 -0.00987307 -0.00973555 -0.00986468
 -0.01008196 -0.00981828 -0.0100276  -0.00983027 -0.0097652  -0.0098778
 -0.009792   -0.0097388  -0.00989508 -0.01002552 -0.00983564 -0.00987465
 -0.00992837 -0.00982986 -0.00978086 -0.00993097 -0.00975989 -0.00995405
 -0.00996269 -0.00993559 -0.0096839  -0.00988551 -0.00989411 -0.00983669
 -0.00991263 -0.00980929 -0.00985177 -0.01001555 -0.00977092 -0.00998558
 -0.00971135 -0.01003439 -0.00982921 -0.00991786 -0.00990854 -0.00990369
 -0.00983843 -0.0097911  -0.00983644 -0.00983904 -0.0096795  -0.01001629
 -0.0098846  -0.00985417 -0.00995796 -0.00991584 -0.00990667 -0.0099265
 -0.0098841  -0.0097079  -0.00993584 -0.00977458 -0.00984776 -0.01008473
 -0.00987358 -0.0098397  -0.00983503 -0.00998134 -0.00988455 -0.00973781
 -0.00999758 -0.00987997 -0.00986687 -0.01001249 -0.00996046 -0.00996769
 -0.00993674 -0.00980543 -0.00984457 -0.00955836 -0.01000031 -0.0100452
 -0.00960434 -0.00986927 -0.00991166 -0.00976388 -0.00979039 -0.01007625
 -0.00974219 -0.00977457 -0.00996498 -0.00978411 -0.00984776 -0.00985883
 -0.00993463 -0.01009405 -0.01218403 -0.00998629 -0.00992066 -0.01001982
 -0.00975448 -0.00996433 -0.00999462 -0.00999938 -0.00983968 -0.00978735
 -0.00986111 -0.00997693 -0.00978765 -0.00987946 -0.00977958 -0.0099506
 -0.00990363 -0.00992834 -0.0099639  -0.0098367  -0.00979374 -0.00999688
 -0.00973388 -0.00991051 -0.01001706 -0.00981826 -0.00978634 -0.00984578
 -0.01011532 -0.00991534 -0.00989747 -0.00994822 -0.00981771 -0.00980023
 -0.00978899 -0.00995623 -0.009891   -0.00996165 -0.00965441 -0.00979652
 -0.00973827 -0.00980413 -0.00994408 -0.00988702 -0.00974483 -0.00996248
 -0.0096816  -0.01000763 -0.0098101  -0.00972895 -0.00972547 -0.00983811
 -0.00989899 -0.00994998 -0.00996479 -0.00980105 -0.00972591 -0.00974153
 -0.00986557 -0.01008866 -0.00984641 -0.00984841 -0.0100612  -0.00983456
 -0.0100539  -0.00985565 -0.00999155 -0.00996797 -0.00984144 -0.00976306
 -0.01000831 -0.00998399 -0.0098214  -0.01021573 -0.00991331 -0.00991775
 -0.00999345 -0.00993704 -0.00969858 -0.00993916 -0.00983507 -0.00998809
 -0.00974384 -0.0098796  -0.00991336 -0.0099838  -0.00998532 -0.01008615
 -0.0100125  -0.00992717 -0.00968864 -0.00989075 -0.0099521  -0.00990722
 -0.00974682 -0.00971026 -0.00986628 -0.01001695 -0.00987674 -0.00990619
 -0.00996318 -0.0097932  -0.0097143  -0.00985383 -0.00975607 -0.00986481
 -0.01003544 -0.0097659  -0.00974206 -0.00993332 -0.0098496  -0.01003625
 -0.00976629 -0.00993159 -0.01005792 -0.00993583 -0.00979461 -0.00982852
 -0.00989739 -0.0098435  -0.00976066 -0.00980683 -0.00990852 -0.00995468
 -0.00998144 -0.00993713 -0.00985343 -0.00995443 -0.00990891 -0.00985077
 -0.00992293 -0.01001301 -0.0099615  -0.00990405 -0.00991249 -0.00976425
 -0.01001211 -0.0101003  -0.00996321 -0.00974766 -0.00978382 -0.00995778
 -0.00984554 -0.00983847 -0.00996479 -0.00963443 -0.00984453 -0.00990797
 -0.00983977 -0.00987833 -0.00988971 -0.00984155 -0.00978875 -0.00978852
 -0.00999053 -0.01007774 -0.00976618 -0.0099257  -0.00998575 -0.00998237
 -0.0098847  -0.00990475 -0.00987127 -0.00973837 -0.00989319 -0.009673
 -0.00980439 -0.0098306  -0.01000273 -0.00973832 -0.00985227 -0.00998994
 -0.00991805 -0.00979021 -0.00992261 -0.00973658 -0.00983466 -0.00995198
 -0.01001521 -0.00987468 -0.00974084 -0.00996732 -0.00991437 -0.00991825
 -0.00986349 -0.00997037 -0.00991536 -0.00997012 -0.00977642 -0.00982816
 -0.00980893 -0.00981542 -0.0097871  -0.01001092 -0.00992054 -0.00998639
 -0.00980439 -0.0097743  -0.00976061 -0.00981662 -0.00993706 -0.01004368
 -0.00998957 -0.00979804 -0.00987917 -0.00989834 -0.00973887 -0.01006549
 -0.01000016 -0.0099584  -0.00988405 -0.01013501 -0.00986393 -0.01000656
 -0.00994733 -0.00978827 -0.00985318 -0.00980848 -0.00982746 -0.00975751
 -0.01005353 -0.00996497 -0.00990579 -0.00984554 -0.00985784 -0.00978731
 -0.00994796 -0.01001075 -0.00992867 -0.00993751 -0.00975055 -0.00977578
 -0.0098755  -0.00980308 -0.00991303 -0.00970624 -0.01000866 -0.01004858
 -0.009794   -0.00972377 -0.00976    -0.00994226 -0.00996294 -0.00988825
 -0.01003859 -0.00999066 -0.00991137 -0.00969044 -0.00974311 -0.00976348
 -0.00993936 -0.00982014 -0.00971258 -0.01009444 -0.0099027  -0.01010607
 -0.00999362 -0.0097564  -0.0098872  -0.00991168 -0.00998943 -0.00974679
 -0.00972373 -0.00981109 -0.00991191 -0.00986969 -0.00983443 -0.01000134
 -0.00979396 -0.00978426 -0.00990751 -0.00993559 -0.00965408 -0.0098344
 -0.00989812 -0.00987281 -0.01001992 -0.01003677 -0.0099411  -0.00985934
 -0.00983714 -0.00974371 -0.01010302 -0.00986765 -0.00988782 -0.01003086
 -0.00996538 -0.00992231 -0.0100171  -0.009879   -0.00963522 -0.00977187
 -0.00983743 -0.00977324 -0.00996878 -0.00979379 -0.00998681 -0.00976937
 -0.00996004 -0.00989629 -0.00995702 -0.0098477  -0.00979238 -0.01009993
 -0.00996171 -0.00972437 -0.00986457 -0.00996094 -0.01000162 -0.00980964
 -0.00993601 -0.00997224 -0.00981206 -0.00958837 -0.00983961 -0.00995083
 -0.00989138 -0.01007011 -0.00994685 -0.00961415 -0.009792   -0.00989313
 -0.0097552  -0.00987213 -0.00978053 -0.00968911 -0.01011543 -0.00992849
 -0.00992531 -0.00989105 -0.00993094 -0.00986775 -0.00993571 -0.00993277
 -0.00975995 -0.00977995 -0.00988542 -0.00991854 -0.00991002 -0.00981154
 -0.00977262 -0.01003417 -0.00997341 -0.00983786 -0.00969324 -0.00979843
 -0.00991087 -0.00988583 -0.00977239 -0.00991875 -0.00984357 -0.00993427
 -0.00985481 -0.00997492 -0.00978672 -0.00997689 -0.00995717 -0.00982563
 -0.00990311 -0.00984577 -0.00983208 -0.00981735 -0.00992818 -0.01014455
 -0.0098223  -0.00973457 -0.00991271 -0.01002037 -0.00999579 -0.00985808
 -0.00986614 -0.01006347 -0.00992924 -0.00979069 -0.00999715 -0.00979876
 -0.00996572 -0.00966697 -0.00999357 -0.00971587 -0.00996542 -0.01003392
 -0.01003913 -0.00991662 -0.00990125 -0.00992708 -0.00993631 -0.00983235
 -0.01003775 -0.0100155  -0.0100165  -0.00995218 -0.00995235 -0.01005305
 -0.00981881 -0.00996357 -0.00981373 -0.00983557 -0.00988005 -0.00985614
 -0.0098065  -0.00982821 -0.00992894 -0.00975879 -0.00991311 -0.00991683
 -0.00977212 -0.00979299 -0.00988781 -0.00988172 -0.00988155 -0.00969568
 -0.01004785 -0.00988967 -0.01003127 -0.00996644 -0.00979032 -0.00986494
 -0.00982489 -0.01003287 -0.00981743 -0.00991121 -0.00974977 -0.00983715
 -0.00993626 -0.00996768 -0.00992433 -0.00968739 -0.00995471 -0.00987738
 -0.01002368 -0.00974888 -0.00998342 -0.00994599 -0.009909   -0.00982174
 -0.0099039  -0.01002582 -0.0098922  -0.00989037 -0.00972495 -0.00989194
 -0.00980319 -0.00977861 -0.01004168 -0.0099251  -0.00977101 -0.00971128
 -0.01004157 -0.00991332 -0.0098304  -0.01005206 -0.0098986  -0.00975827
 -0.00974312 -0.00998559 -0.00999619 -0.0098679  -0.00981289 -0.00982424]"
Chocolate Caramel Pecan Cheese Cake,"[""2 c. vanilla wafer crumbs"", ""6 Tbsp. butter, melted"", ""14 oz. Kraft caramels"", ""5 oz. evaporated milk"", ""1 c. pecans, chopped"", ""16 oz. cream cheese, softened"", ""1/2 c. sugar"", ""1 tsp. vanilla"", ""2 eggs"", ""1/2 c. semi-sweet chocolate chips, melted""]","[""Crust:"", ""Combine vanilla crumbs and melted butter; press into bottom of spring-form pan."", ""Bake at 350\u00b0 for 10 minutes.""]","[""caramels"", ""sugar"", ""vanilla"", ""eggs"", ""pecans"", ""vanilla wafer crumbs"", ""cream cheese"", ""milk"", ""semi-sweet chocolate chips"", ""butter""]","[-0.00959246 -0.00949476 -0.00947672 -0.00940302 -0.00947488 -0.00938868
 -0.00956713 -0.00929506 -0.00960731 -0.00954402 -0.00951357 -0.0096794
 -0.00950334 -0.00944468 -0.00967725 -0.00953969 -0.00954093 -0.00941962
 -0.00944144 -0.00939338 -0.00943839 -0.00980056 -0.00973538 -0.00956075
 -0.00940818 -0.00956938 -0.00974001 -0.00946483 -0.00945439 -0.00959174
 -0.00968902 -0.00957683 -0.00931303 -0.00955585 -0.00944533 -0.00967513
 -0.0095053  -0.00961602 -0.00988263 -0.00938584 -0.0095584  -0.00969244
 -0.0094     -0.00959853 -0.00946088 -0.00969211 -0.00955975 -0.00964589
 -0.00967013 -0.00956272 -0.00958643 -0.00946817 -0.00979454 -0.00962114
 -0.00947896 -0.00932559 -0.00950019 -0.00964481 -0.00957125 -0.00953043
 -0.0098185  -0.00950135 -0.00958165 -0.00973036 -0.00974742 -0.0095701
 -0.00950372 -0.00926048 -0.00989608 -0.0097212  -0.00962444 -0.00958247
 -0.009628   -0.00955628 -0.0094865  -0.00965561 -0.00960599 -0.00956331
 -0.0096973  -0.00953357 -0.00979969 -0.0096769  -0.00927932 -0.00939987
 -0.00957493 -0.00935618 -0.00965857 -0.00956377 -0.00970256 -0.00930537
 -0.00974839 -0.00966886 -0.00951337 -0.00945187 -0.00958306 -0.00968135
 -0.00971508 -0.00952137 -0.0095103  -0.00943481 -0.00951933 -0.00955644
 -0.00948414 -0.0093728  -0.00989694 -0.00969218 -0.00970759 -0.0096234
 -0.00944004 -0.00962268 -0.00942431 -0.00969069 -0.00945127 -0.00950195
 -0.00975689 -0.0094213  -0.00963404 -0.00950077 -0.00964896 -0.00970935
 -0.00968599 -0.00965426 -0.00959252 -0.00931409 -0.00960085 -0.00963133
 -0.00971709 -0.00960506 -0.00940838 -0.00961809 -0.00951469 -0.00959934
 -0.0095873  -0.00969962 -0.00958292 -0.00944023 -0.00944608 -0.00956931
 -0.00948938 -0.00972664 -0.00979632 -0.00944868 -0.00944877 -0.00962527
 -0.00935016 -0.0095509  -0.0097414  -0.0094232  -0.00955078 -0.0094882
 -0.00962192 -0.00934871 -0.00975417 -0.00973084 -0.00956859 -0.00952588
 -0.00970122 -0.00955912 -0.00957988 -0.00951418 -0.00948614 -0.00956884
 -0.00959246 -0.00958138 -0.00969007 -0.00943668 -0.00954775 -0.00929917
 -0.00960627 -0.00935779 -0.00972744 -0.00956356 -0.00913847 -0.00968764
 -0.00960098 -0.00959228 -0.00959332 -0.00951721 -0.00946196 -0.0095767
 -0.00990225 -0.0095251  -0.00947013 -0.00968507 -0.00954008 -0.00966665
 -0.00939944 -0.00979064 -0.0095024  -0.00946471 -0.00963049 -0.00960241
 -0.00964722 -0.00967667 -0.00945368 -0.00970384 -0.00971719 -0.00963192
 -0.00938898 -0.00964304 -0.00952522 -0.00945302 -0.00945923 -0.0095663
 -0.00973127 -0.0095962  -0.00948695 -0.0097287  -0.00954977 -0.00964462
 -0.00970251 -0.00932628 -0.00942096 -0.00966417 -0.0096121  -0.00956793
 -0.00966371 -0.00957509 -0.00963137 -0.00955043 -0.0095109  -0.00955717
 -0.00983324 -0.00943279 -0.00952012 -0.00932324 -0.00955236 -0.00953708
 -0.00953983 -0.00935443 -0.00961162 -0.00969032 -0.0095661  -0.0095934
 -0.00970233 -0.00942159 -0.00951599 -0.00965512 -0.00947972 -0.0098633
 -0.00980539 -0.00960025 -0.00931103 -0.00978045 -0.00970396 -0.00964245
 -0.00955377 -0.00962769 -0.00950365 -0.00974662 -0.00957937 -0.009683
 -0.00963739 -0.00965382 -0.00959191 -0.00952231 -0.00953502 -0.00966559
 -0.00968254 -0.00935362 -0.00939117 -0.00943398 -0.00927414 -0.00965341
 -0.00963066 -0.00954213 -0.00967849 -0.00955611 -0.00953396 -0.00952549
 -0.00969109 -0.00964545 -0.00955584 -0.00942281 -0.00957825 -0.00986205
 -0.0096179  -0.00951538 -0.00962851 -0.00981781 -0.00960117 -0.00950587
 -0.0098036  -0.00945811 -0.00962994 -0.00979706 -0.00965001 -0.00966266
 -0.00971233 -0.00968132 -0.00949696 -0.00922795 -0.00972822 -0.0096954
 -0.00950296 -0.00957655 -0.0093767  -0.00938061 -0.00938253 -0.00967663
 -0.00947187 -0.0095364  -0.00974122 -0.00961118 -0.00951804 -0.00935601
 -0.00946405 -0.00978435 -0.01134186 -0.00967629 -0.00981667 -0.00976527
 -0.00958763 -0.00966242 -0.00975392 -0.00978381 -0.00969326 -0.00960069
 -0.00967075 -0.00969131 -0.00931296 -0.00962947 -0.00953607 -0.00974977
 -0.0095073  -0.00977005 -0.00963787 -0.00943995 -0.00959007 -0.00973155
 -0.00951039 -0.00955112 -0.00947269 -0.00953477 -0.00959342 -0.0095324
 -0.009766   -0.00954742 -0.00965212 -0.00968165 -0.00961405 -0.00964124
 -0.00953028 -0.00957468 -0.0097521  -0.00978898 -0.0093327  -0.0094681
 -0.0093786  -0.00963757 -0.00966657 -0.00971573 -0.00924734 -0.00965489
 -0.00944191 -0.00978192 -0.00959937 -0.00945873 -0.00949441 -0.00953683
 -0.00954317 -0.00973066 -0.00959362 -0.00934975 -0.00930334 -0.00943362
 -0.00972354 -0.00980281 -0.00941338 -0.00960493 -0.00970184 -0.00948658
 -0.00954931 -0.0096366  -0.00980222 -0.00968234 -0.00959226 -0.00941296
 -0.00965148 -0.00969387 -0.00963677 -0.00989166 -0.00965848 -0.00969266
 -0.00968776 -0.00961623 -0.00950841 -0.00950118 -0.00965692 -0.00970744
 -0.00954307 -0.00957858 -0.00969367 -0.00961149 -0.00971149 -0.00973838
 -0.00990366 -0.009696   -0.00938948 -0.00965337 -0.00957939 -0.00965561
 -0.00945464 -0.00947546 -0.00952764 -0.00957651 -0.00973131 -0.00970924
 -0.00979271 -0.00963612 -0.00925389 -0.00970089 -0.00944465 -0.00956301
 -0.00978134 -0.00968899 -0.00952449 -0.0096174  -0.00958704 -0.00970525
 -0.00940432 -0.00971064 -0.00975088 -0.00978016 -0.00946961 -0.00942316
 -0.00950338 -0.00965531 -0.00961075 -0.00936911 -0.00961447 -0.00966332
 -0.00965101 -0.00951653 -0.0095266  -0.00966813 -0.00942341 -0.0095177
 -0.00960735 -0.0096686  -0.00967969 -0.00953497 -0.00955365 -0.00961415
 -0.00980496 -0.00986754 -0.0096457  -0.00946133 -0.00945217 -0.00945308
 -0.00964889 -0.0095105  -0.00975426 -0.00938869 -0.00965235 -0.0096951
 -0.00956917 -0.00948154 -0.00964872 -0.00949791 -0.00937605 -0.00979538
 -0.00955987 -0.00982192 -0.00949777 -0.00964155 -0.00949772 -0.00970191
 -0.00936829 -0.00961999 -0.00956022 -0.00942956 -0.00967926 -0.0092369
 -0.00955382 -0.00957905 -0.0097052  -0.00934103 -0.00960407 -0.00968957
 -0.00964441 -0.00943712 -0.00963613 -0.00939182 -0.009438   -0.00984538
 -0.00981118 -0.00953827 -0.00946101 -0.00966221 -0.00946088 -0.00947346
 -0.00948949 -0.00961157 -0.00956107 -0.00960511 -0.00935433 -0.00956039
 -0.00967907 -0.00943311 -0.0094781  -0.00976333 -0.00976339 -0.00967643
 -0.00953767 -0.00949451 -0.00934973 -0.00953611 -0.00953993 -0.0097052
 -0.00965212 -0.00939194 -0.00947015 -0.00958058 -0.00938588 -0.00945635
 -0.00971216 -0.00958409 -0.00956304 -0.00987013 -0.00952709 -0.0097457
 -0.00940232 -0.00937496 -0.00958538 -0.00955712 -0.00970463 -0.00949034
 -0.00971616 -0.00954094 -0.00949432 -0.00963543 -0.0095832  -0.00949862
 -0.00953877 -0.00945481 -0.00972979 -0.00945024 -0.00941302 -0.00977101
 -0.00961492 -0.0095062  -0.00941532 -0.00932708 -0.00976546 -0.00976027
 -0.00945542 -0.00958484 -0.00947055 -0.00981213 -0.00961193 -0.00966367
 -0.00963331 -0.00972819 -0.00958205 -0.00944264 -0.00958732 -0.00954503
 -0.00976458 -0.00951231 -0.0096623  -0.00997951 -0.00946969 -0.00972895
 -0.00971989 -0.00959612 -0.00970808 -0.00965521 -0.00979515 -0.00961588
 -0.0094538  -0.0093691  -0.0095755  -0.00983126 -0.00949118 -0.00958874
 -0.00957811 -0.00947832 -0.00934858 -0.00954425 -0.00942391 -0.00956559
 -0.00962338 -0.00953181 -0.00958018 -0.00989927 -0.00940968 -0.00962282
 -0.00971696 -0.00955821 -0.0097485  -0.00940605 -0.00955399 -0.00971995
 -0.00979263 -0.0094772  -0.00968646 -0.00952382 -0.00929021 -0.00945465
 -0.00956822 -0.00953035 -0.00962464 -0.00933309 -0.00945749 -0.00950305
 -0.0096794  -0.00951134 -0.00966722 -0.00938904 -0.00946173 -0.00964762
 -0.00970459 -0.00950692 -0.00967302 -0.00968994 -0.00972667 -0.00961237
 -0.00950333 -0.0096     -0.00944755 -0.00927729 -0.00952412 -0.00962561
 -0.00957477 -0.00968629 -0.00963172 -0.00927982 -0.00950886 -0.00942889
 -0.00938331 -0.00960054 -0.00939659 -0.00938152 -0.00984881 -0.00958488
 -0.00970152 -0.00944341 -0.00981159 -0.00949062 -0.00967047 -0.00957536
 -0.00935814 -0.00965316 -0.00968573 -0.00951642 -0.00972746 -0.00961255
 -0.00955688 -0.00963136 -0.00970183 -0.00942155 -0.00938654 -0.00950741
 -0.00955458 -0.00965922 -0.00942551 -0.00939827 -0.00952187 -0.00944921
 -0.00959289 -0.00960061 -0.00939564 -0.00958879 -0.00955683 -0.00959127
 -0.0095834  -0.00950773 -0.00977109 -0.00957068 -0.00946334 -0.00985444
 -0.00952253 -0.00941355 -0.00968166 -0.00956867 -0.00969807 -0.00948148
 -0.00964255 -0.00982214 -0.00973799 -0.0093269  -0.00966342 -0.00944108
 -0.00980056 -0.00931579 -0.00972361 -0.00940091 -0.00985822 -0.00959741
 -0.0098553  -0.00957589 -0.00971273 -0.00958044 -0.00965459 -0.0096792
 -0.00974876 -0.00971151 -0.00958927 -0.00958962 -0.00955354 -0.0097181
 -0.00945287 -0.00962459 -0.00952861 -0.00957882 -0.00954531 -0.0095409
 -0.00954471 -0.00973016 -0.00973122 -0.00947874 -0.0096213  -0.00963144
 -0.00964794 -0.0094724  -0.00971265 -0.00973187 -0.00972649 -0.00943338
 -0.00981733 -0.00958888 -0.00966882 -0.00957568 -0.0093955  -0.00942069
 -0.00974029 -0.00983458 -0.00958748 -0.00971407 -0.00949473 -0.00952089
 -0.00949009 -0.00969326 -0.00970478 -0.00940614 -0.00954361 -0.00963172
 -0.00981535 -0.00934994 -0.00957487 -0.00968273 -0.00980553 -0.00951479
 -0.0096323  -0.00938904 -0.00974016 -0.00970287 -0.00953628 -0.00960823
 -0.00956103 -0.00943811 -0.00973021 -0.00955014 -0.00943045 -0.00937236
 -0.00979131 -0.00983151 -0.00975929 -0.00964293 -0.00951176 -0.00960864
 -0.00949597 -0.00957337 -0.00959834 -0.00956914 -0.00954553 -0.00956464]"
Afternoon Soda,"[""1 c. cream soda"", ""1 c. buttermilk"", ""2 Tbsp. sugar"", ""1/2 c. favorite fruit (fresh or frozen)"", ""4 ice cubes""]","[""Place all ingredients in blender."", ""Blend until ice cubes are crushed."", ""Makes a blender full."", ""For low calories, use Sweet 'N Low and diet cream soda.""]","[""buttermilk"", ""sugar"", ""cream soda"", ""cubes"", ""favorite fruit""]","[-0.00885293 -0.00887651 -0.00878152 -0.0087197  -0.00883067 -0.00885489
 -0.0088068  -0.00869298 -0.00878675 -0.00883365 -0.0088302  -0.00868747
 -0.00872056 -0.00880947 -0.0088333  -0.00887144 -0.00872506 -0.00866059
 -0.00866558 -0.00880249 -0.00886631 -0.00897854 -0.00876847 -0.00886057
 -0.00873807 -0.00875284 -0.00893816 -0.00869828 -0.0089346  -0.00879658
 -0.00889868 -0.00886921 -0.0086014  -0.00866327 -0.00875519 -0.00890529
 -0.0088103  -0.00888121 -0.0089027  -0.00870601 -0.00883611 -0.00884831
 -0.00878999 -0.00891798 -0.00878989 -0.00872249 -0.00881953 -0.00894122
 -0.00896211 -0.00879906 -0.00889778 -0.00874169 -0.00884099 -0.0086882
 -0.00882364 -0.00876067 -0.00873577 -0.00879957 -0.0088059  -0.00884557
 -0.00866947 -0.00888581 -0.00883647 -0.0087798  -0.00877387 -0.00876707
 -0.00875151 -0.0088205  -0.00889274 -0.00865689 -0.00880414 -0.00881806
 -0.00879318 -0.00886281 -0.00876579 -0.00884099 -0.0087266  -0.0088503
 -0.00879363 -0.00886814 -0.00880383 -0.00875064 -0.00867712 -0.00873842
 -0.00894813 -0.00871686 -0.00880516 -0.00886039 -0.00874499 -0.00872523
 -0.00901693 -0.00871192 -0.00878731 -0.00883331 -0.00882473 -0.00890975
 -0.00899549 -0.00870223 -0.00874416 -0.00896618 -0.00891973 -0.00886837
 -0.00879668 -0.00867129 -0.00890176 -0.00881875 -0.00895061 -0.00896877
 -0.00867742 -0.00880462 -0.00877989 -0.00890053 -0.00873215 -0.0088294
 -0.00889574 -0.00870177 -0.00879841 -0.00877605 -0.00891297 -0.00878383
 -0.00888432 -0.00883303 -0.00886032 -0.00875194 -0.00877674 -0.00882873
 -0.00890792 -0.00886428 -0.00864348 -0.00887457 -0.00875721 -0.00887952
 -0.00869469 -0.00882635 -0.008778   -0.00874903 -0.0087959  -0.00884142
 -0.00870768 -0.00890212 -0.00886548 -0.00861694 -0.00885472 -0.00899913
 -0.00879751 -0.00884246 -0.00878647 -0.00875227 -0.00887583 -0.00880254
 -0.00881204 -0.00864327 -0.00896524 -0.00904995 -0.00881647 -0.00875054
 -0.00886699 -0.00888091 -0.0089955  -0.00880035 -0.00863192 -0.00873898
 -0.00887973 -0.00874521 -0.00883371 -0.00878032 -0.00891387 -0.00872833
 -0.00877262 -0.0088433  -0.00881072 -0.00892768 -0.00865397 -0.00888934
 -0.00891826 -0.008736   -0.00876997 -0.00868477 -0.00882001 -0.00880369
 -0.00911643 -0.00887099 -0.00887187 -0.0089613  -0.00876528 -0.0088668
 -0.00868532 -0.00881283 -0.00872305 -0.0086766  -0.00892364 -0.00883937
 -0.00883131 -0.00881537 -0.00880034 -0.00880618 -0.00888077 -0.00884492
 -0.00871752 -0.00879985 -0.00854444 -0.00874747 -0.00867069 -0.00881206
 -0.00901168 -0.00871686 -0.00870952 -0.00891703 -0.00886292 -0.00876268
 -0.00906105 -0.00867751 -0.00868132 -0.00881537 -0.00879194 -0.00878396
 -0.00873182 -0.00884853 -0.00886691 -0.00876878 -0.00877844 -0.00880085
 -0.00895109 -0.00875653 -0.00885402 -0.00881356 -0.00869424 -0.00884193
 -0.00871402 -0.00872638 -0.00885174 -0.00892404 -0.00890479 -0.00870989
 -0.00876938 -0.00871901 -0.00885996 -0.00882315 -0.00884355 -0.00886358
 -0.0088709  -0.00883885 -0.00878147 -0.00864911 -0.00887672 -0.00877161
 -0.00881373 -0.00871062 -0.00888608 -0.00892656 -0.00876671 -0.00887089
 -0.00880061 -0.00891635 -0.00881036 -0.00886199 -0.00883854 -0.00888178
 -0.00859038 -0.00868561 -0.0088043  -0.00876546 -0.00860484 -0.00890313
 -0.00871923 -0.00877047 -0.00886916 -0.00892345 -0.0088734  -0.00881376
 -0.00890161 -0.00875648 -0.0088175  -0.00887075 -0.00887156 -0.00896847
 -0.00871835 -0.00882826 -0.00876565 -0.00885101 -0.00878295 -0.00877673
 -0.00894588 -0.00878577 -0.00869271 -0.00898576 -0.00888247 -0.0089415
 -0.0089092  -0.00882579 -0.00872586 -0.0086526  -0.00881882 -0.00879267
 -0.00857899 -0.00880303 -0.00881634 -0.008814   -0.00885955 -0.00872819
 -0.00876882 -0.00874625 -0.00892774 -0.0087425  -0.00873542 -0.00881401
 -0.00882272 -0.0088246  -0.01131552 -0.00888511 -0.00890454 -0.0088064
 -0.00879274 -0.00883972 -0.00881829 -0.00882314 -0.00885151 -0.00874335
 -0.00885943 -0.00872659 -0.0088317  -0.00874614 -0.00877095 -0.00896604
 -0.00886869 -0.00893162 -0.00886509 -0.00869672 -0.00884301 -0.00883988
 -0.00871557 -0.00881046 -0.00889097 -0.00865338 -0.00877809 -0.00871167
 -0.0089433  -0.0088524  -0.00875009 -0.00885401 -0.00885469 -0.00876887
 -0.00876177 -0.00882868 -0.00875634 -0.00889407 -0.00865703 -0.00863738
 -0.00863547 -0.00883242 -0.00892476 -0.00869975 -0.0087749  -0.00881529
 -0.00867078 -0.00896973 -0.00887629 -0.00866235 -0.00866497 -0.00877106
 -0.00872882 -0.00892491 -0.00887669 -0.00869428 -0.00877914 -0.00886166
 -0.00885947 -0.00897481 -0.00877059 -0.00890746 -0.008868   -0.0087118
 -0.00895343 -0.00884834 -0.00890746 -0.00889089 -0.00883271 -0.00873532
 -0.00882632 -0.00897826 -0.00880806 -0.00911891 -0.00896489 -0.00869482
 -0.00886783 -0.00886968 -0.00860136 -0.00877161 -0.00876191 -0.00879623
 -0.0087147  -0.00867287 -0.00876475 -0.00880796 -0.00878739 -0.00889112
 -0.00893675 -0.00875424 -0.00872457 -0.00876903 -0.0087873  -0.00882159
 -0.00864447 -0.00865664 -0.00881812 -0.00891519 -0.00881786 -0.00883674
 -0.00899244 -0.00885646 -0.00885854 -0.00884357 -0.00884719 -0.00883929
 -0.00896142 -0.00875642 -0.00882966 -0.00893403 -0.00877274 -0.00881491
 -0.00869607 -0.00888791 -0.00879495 -0.00876753 -0.00892657 -0.00877387
 -0.00885648 -0.00875862 -0.00891479 -0.00871837 -0.0087563  -0.0089008
 -0.0089283  -0.00887417 -0.00885361 -0.00905866 -0.00877699 -0.00876251
 -0.00883872 -0.00879872 -0.0088743  -0.00881445 -0.00879839 -0.00883239
 -0.008937   -0.00893623 -0.00882364 -0.00874805 -0.00883159 -0.00886629
 -0.00886121 -0.00885308 -0.00866317 -0.00865321 -0.00891579 -0.00894496
 -0.00877561 -0.0087296  -0.00867912 -0.00896924 -0.0086842  -0.00872958
 -0.00899663 -0.0089347  -0.00871314 -0.00885797 -0.00892185 -0.00873004
 -0.00876898 -0.00903691 -0.00885128 -0.00875247 -0.00877461 -0.0086357
 -0.00888672 -0.00875831 -0.00891449 -0.00880039 -0.00878607 -0.00888839
 -0.00890144 -0.00878942 -0.00884911 -0.00876228 -0.00879365 -0.00894091
 -0.00882961 -0.00885412 -0.00873746 -0.00894502 -0.00878289 -0.00875911
 -0.00867097 -0.00871152 -0.00888104 -0.00880913 -0.0087332  -0.00874726
 -0.00876697 -0.00889183 -0.00873822 -0.0088555  -0.00891963 -0.00889666
 -0.00868677 -0.00849341 -0.00873659 -0.00870367 -0.00881199 -0.00899839
 -0.00894213 -0.00876908 -0.00870655 -0.00881743 -0.00875361 -0.00882486
 -0.00896716 -0.00892689 -0.00874016 -0.00888522 -0.00877429 -0.00894532
 -0.00886531 -0.00873945 -0.00887834 -0.00880588 -0.00880219 -0.00878165
 -0.00889181 -0.00880173 -0.00881101 -0.00885177 -0.00878904 -0.00875222
 -0.00881929 -0.00893494 -0.00877161 -0.00880409 -0.00877433 -0.0087501
 -0.0088498  -0.00876023 -0.00866739 -0.00867484 -0.00902566 -0.00880109
 -0.00883251 -0.00876504 -0.00889389 -0.0089596  -0.00895965 -0.00894248
 -0.00891318 -0.00890501 -0.00878591 -0.00869461 -0.00868759 -0.0087219
 -0.00879101 -0.00880251 -0.00873267 -0.00892853 -0.00877171 -0.00905884
 -0.00896369 -0.00890493 -0.00888674 -0.00867518 -0.00894267 -0.00862293
 -0.00887468 -0.00870519 -0.00895047 -0.00870341 -0.00867155 -0.00890187
 -0.00871751 -0.00862695 -0.00875214 -0.0088327  -0.00886549 -0.00873986
 -0.00887627 -0.00885081 -0.00889452 -0.00899142 -0.00884417 -0.00881772
 -0.00875513 -0.00869347 -0.00891968 -0.00880414 -0.00875447 -0.00888254
 -0.00883584 -0.00883182 -0.00907678 -0.00872647 -0.00872388 -0.00878474
 -0.00876281 -0.00873491 -0.00887621 -0.00869421 -0.00879603 -0.00875612
 -0.00904129 -0.00887587 -0.00881455 -0.00868928 -0.00876841 -0.00896515
 -0.00887825 -0.00878033 -0.0088279  -0.00891972 -0.00886889 -0.00870757
 -0.00889687 -0.00886637 -0.00877821 -0.00858616 -0.008957   -0.00882537
 -0.00878413 -0.00894881 -0.00884515 -0.00870649 -0.00884424 -0.00887632
 -0.00876877 -0.00873544 -0.00887351 -0.00879324 -0.00899174 -0.00882722
 -0.00878065 -0.00875971 -0.00880846 -0.00873058 -0.00869689 -0.00887868
 -0.00871461 -0.00877273 -0.00870513 -0.00893176 -0.00892928 -0.00896501
 -0.00881958 -0.00870703 -0.00890541 -0.00886821 -0.00872373 -0.00884211
 -0.00874008 -0.00896084 -0.00881692 -0.00887111 -0.00887833 -0.00882126
 -0.00889064 -0.00897632 -0.00874695 -0.00881061 -0.00881763 -0.00881493
 -0.00880545 -0.00892749 -0.00881783 -0.00868842 -0.00884532 -0.00883463
 -0.0088562  -0.00873331 -0.00886861 -0.0087913  -0.00883511 -0.00871372
 -0.0089304  -0.00894564 -0.00882623 -0.00866637 -0.00890531 -0.00881505
 -0.00884376 -0.00867769 -0.00883332 -0.00866801 -0.0088187  -0.00881287
 -0.00890599 -0.00879751 -0.00874259 -0.0088865  -0.00868052 -0.00883837
 -0.00887921 -0.00881262 -0.00889752 -0.00887359 -0.0089644  -0.00895569
 -0.00868816 -0.00886858 -0.0089109  -0.00886488 -0.00876179 -0.00887405
 -0.00876056 -0.0089979  -0.00881487 -0.00878606 -0.00878353 -0.00887961
 -0.00880104 -0.00884592 -0.00896505 -0.00875318 -0.00877078 -0.00874043
 -0.00897435 -0.00867762 -0.00890217 -0.00888932 -0.00878495 -0.00882166
 -0.0087694  -0.00894327 -0.00874773 -0.00877836 -0.00869454 -0.00875598
 -0.00885342 -0.00871221 -0.00899823 -0.00875088 -0.00878995 -0.00886473
 -0.00887787 -0.00879256 -0.0088522  -0.00888329 -0.00883205 -0.00882058
 -0.00894657 -0.00876403 -0.00874936 -0.00886757 -0.00865503 -0.00880017
 -0.00891454 -0.00888368 -0.00910336 -0.00889886 -0.00881556 -0.00880158
 -0.00887904 -0.0089151  -0.00877215 -0.0089286  -0.00884248 -0.00869962
 -0.00884378 -0.00886973 -0.0087783  -0.00881316 -0.0088017  -0.00884485]"
Lemon Squares,"[""2 eggs"", ""1/3 c. oil"", ""1 box yellow cake mix (pudding in the mix)"", ""1 tsp. lemon juice"", ""8 oz. cream cheese"", ""1/3 c. sugar""]","[""Mix 1 egg, oil and cake mix until it has a crumbly texture. Put all but 1 cup into a 9 x 13-inch pan."", ""Bake for 10 minutes at 350\u00b0.""]","[""oil"", ""sugar"", ""lemon juice"", ""eggs"", ""cream cheese"", ""yellow cake""]","[-0.00883658 -0.00883148 -0.00886529 -0.0086616  -0.0088336  -0.00866309
 -0.00877059 -0.00860806 -0.00876826 -0.00880706 -0.00879132 -0.00874226
 -0.00871351 -0.0087588  -0.00880421 -0.00888634 -0.00872466 -0.00858916
 -0.00866241 -0.00867959 -0.00876771 -0.00892808 -0.00887176 -0.00891835
 -0.00860733 -0.00862681 -0.00884335 -0.0087886  -0.00877276 -0.0086834
 -0.00888362 -0.00876376 -0.00857718 -0.00874892 -0.00875067 -0.00888544
 -0.00878932 -0.00878055 -0.00891127 -0.0087435  -0.00876227 -0.00879996
 -0.00859995 -0.00892597 -0.0087354  -0.00873389 -0.00890626 -0.00876414
 -0.00888921 -0.00876561 -0.00891215 -0.00868478 -0.00885502 -0.00879885
 -0.00877909 -0.00879791 -0.00866203 -0.00870763 -0.00869676 -0.00883893
 -0.0088354  -0.00877344 -0.00873781 -0.00876644 -0.00887717 -0.00876511
 -0.00858841 -0.00871619 -0.00894314 -0.00869197 -0.00873718 -0.0088205
 -0.00878864 -0.00889587 -0.00868547 -0.00883333 -0.00873182 -0.00875521
 -0.00874088 -0.00866252 -0.00885053 -0.00885321 -0.00861415 -0.00869576
 -0.00891083 -0.00867248 -0.00881595 -0.00880742 -0.00889564 -0.00867321
 -0.00894726 -0.00875687 -0.00866759 -0.00871152 -0.00874534 -0.00894069
 -0.00888352 -0.00867125 -0.00864321 -0.00869897 -0.00892905 -0.00885574
 -0.008801   -0.00861036 -0.00902684 -0.00879575 -0.00890134 -0.00887734
 -0.00865927 -0.00877019 -0.00871339 -0.00876782 -0.00853666 -0.00857311
 -0.00893525 -0.00866345 -0.00876714 -0.0086788  -0.00885891 -0.00878092
 -0.00880168 -0.00883981 -0.00868483 -0.00865635 -0.00863295 -0.00883319
 -0.0089667  -0.00884412 -0.0088044  -0.00886234 -0.00879504 -0.00877702
 -0.00876215 -0.00885842 -0.0088435  -0.00879779 -0.00880568 -0.00873642
 -0.00863804 -0.00900136 -0.00884209 -0.00847629 -0.00877951 -0.00892582
 -0.00866572 -0.0088406  -0.00877837 -0.0086486  -0.00880017 -0.00877399
 -0.00869467 -0.00853418 -0.00889121 -0.00900614 -0.0087292  -0.00865953
 -0.00891436 -0.00875848 -0.0088203  -0.00876353 -0.00872583 -0.00867341
 -0.00879131 -0.0087205  -0.00879185 -0.00878346 -0.00879139 -0.00860886
 -0.00881895 -0.00860082 -0.00872838 -0.00876179 -0.00850982 -0.00871553
 -0.00880781 -0.00879297 -0.00868779 -0.00871291 -0.00873967 -0.00868231
 -0.00905349 -0.00878075 -0.00880434 -0.00885973 -0.00886845 -0.00878074
 -0.00859809 -0.00894796 -0.00851584 -0.00869711 -0.00892646 -0.00886413
 -0.00871575 -0.00878028 -0.00868872 -0.00882215 -0.00882036 -0.00881162
 -0.00864447 -0.00881022 -0.00860386 -0.00871021 -0.0086404  -0.00869871
 -0.00883264 -0.0086566  -0.00868043 -0.00900506 -0.0088284  -0.00876921
 -0.00889668 -0.00869208 -0.00856277 -0.00889069 -0.00864636 -0.00880872
 -0.00867995 -0.00883242 -0.00886656 -0.00883451 -0.00870636 -0.00877567
 -0.00880735 -0.00874713 -0.0088406  -0.00870147 -0.00860671 -0.0088104
 -0.00864928 -0.00867133 -0.00880514 -0.00885346 -0.00881927 -0.00866604
 -0.00882429 -0.00864366 -0.00868342 -0.00882774 -0.00867878 -0.0088652
 -0.00890278 -0.00879663 -0.00870229 -0.00879487 -0.00883016 -0.0087876
 -0.00870612 -0.00884879 -0.00864935 -0.0089334  -0.00874874 -0.00874167
 -0.00886721 -0.00879856 -0.00871848 -0.00883374 -0.0088125  -0.0087782
 -0.00873226 -0.00865165 -0.00880689 -0.00876565 -0.00852395 -0.00892857
 -0.0087698  -0.00860814 -0.00893656 -0.00883952 -0.00873699 -0.0087808
 -0.00891814 -0.00875402 -0.00874582 -0.00881342 -0.00882643 -0.009018
 -0.00879762 -0.00873969 -0.00872538 -0.00889511 -0.00876856 -0.00881488
 -0.00888566 -0.0088176  -0.00862506 -0.00900368 -0.00886368 -0.00891117
 -0.00893849 -0.00880764 -0.00882663 -0.00855909 -0.00880179 -0.00891469
 -0.00865249 -0.00879294 -0.00879717 -0.00860391 -0.00881325 -0.00879324
 -0.00863693 -0.00874821 -0.00888706 -0.00880669 -0.00861341 -0.0085969
 -0.00886722 -0.00878388 -0.01119317 -0.00884367 -0.00880506 -0.00877469
 -0.00877629 -0.00887182 -0.00892213 -0.00895166 -0.00881045 -0.00879071
 -0.0087244  -0.00867884 -0.0087459  -0.00878241 -0.0088247  -0.00883604
 -0.00877711 -0.00891991 -0.00886102 -0.00864717 -0.0088138  -0.00885547
 -0.00866109 -0.00877835 -0.0089553  -0.00865689 -0.00870214 -0.00869878
 -0.0089642  -0.0088716  -0.0089356  -0.00879331 -0.00887492 -0.00868744
 -0.00869827 -0.00879155 -0.00882636 -0.00896486 -0.00857602 -0.00865568
 -0.00864054 -0.00877022 -0.00870879 -0.00869236 -0.0087642  -0.00883379
 -0.00863583 -0.00888115 -0.00880743 -0.00865192 -0.00853899 -0.00871041
 -0.00872766 -0.00889625 -0.00883412 -0.00858807 -0.00859002 -0.00874598
 -0.00886048 -0.00900799 -0.0087337  -0.00873366 -0.00877809 -0.00864378
 -0.008865   -0.00880308 -0.00887282 -0.00882471 -0.00878118 -0.00871136
 -0.00885483 -0.0089276  -0.00881703 -0.00911083 -0.00887544 -0.00872009
 -0.00886775 -0.0088874  -0.00875224 -0.00875654 -0.00878265 -0.00876038
 -0.00871095 -0.00849924 -0.00886397 -0.00879188 -0.00875871 -0.00884853
 -0.0088901  -0.00871802 -0.00872136 -0.00883072 -0.00870756 -0.00876287
 -0.00861748 -0.00869384 -0.0087277  -0.00878866 -0.00888719 -0.00877505
 -0.00886019 -0.00882602 -0.00873615 -0.00889401 -0.00872561 -0.00877658
 -0.00898678 -0.00880684 -0.00874741 -0.00886592 -0.00873554 -0.00879952
 -0.00867769 -0.008766   -0.00884024 -0.00882401 -0.00867992 -0.00873954
 -0.00878159 -0.00874996 -0.00896816 -0.00862713 -0.00875895 -0.00886767
 -0.0088434  -0.00878739 -0.00882737 -0.00900664 -0.00873254 -0.00855966
 -0.00874979 -0.00883524 -0.00892575 -0.00878451 -0.0088376  -0.00876094
 -0.00896452 -0.00889573 -0.008797   -0.00865676 -0.0087541  -0.00882365
 -0.00877741 -0.00877779 -0.0086537  -0.00860577 -0.00885734 -0.00889738
 -0.00872369 -0.00863705 -0.00868154 -0.0088366  -0.00871478 -0.00878702
 -0.00885141 -0.00896157 -0.00874455 -0.00887258 -0.00881117 -0.00882394
 -0.00872561 -0.00900655 -0.00871235 -0.00871671 -0.0087549  -0.0086771
 -0.00869832 -0.00873254 -0.00892038 -0.0087161  -0.00872876 -0.00890603
 -0.00880391 -0.0085935  -0.008898   -0.00860786 -0.00875877 -0.00895621
 -0.00892058 -0.00883365 -0.00872088 -0.00891318 -0.008689   -0.00874888
 -0.00860356 -0.00886199 -0.00896472 -0.00882681 -0.0086418  -0.00867464
 -0.00875672 -0.00877099 -0.0087455  -0.00889918 -0.00886446 -0.00885697
 -0.00875823 -0.00860372 -0.00869909 -0.00882392 -0.00889469 -0.00897397
 -0.00891325 -0.00869177 -0.00869389 -0.00878922 -0.00865766 -0.00873109
 -0.00896079 -0.0088516  -0.00867702 -0.00895699 -0.00878293 -0.00894389
 -0.00881628 -0.00866542 -0.00884174 -0.00865746 -0.00883574 -0.00878076
 -0.00888445 -0.00891098 -0.00870276 -0.00890161 -0.0087026  -0.00875754
 -0.00885367 -0.00884182 -0.00866185 -0.0086898  -0.00866688 -0.00877545
 -0.00879415 -0.0086689  -0.00871723 -0.00854737 -0.00909544 -0.00877709
 -0.00882207 -0.00876408 -0.00874964 -0.00891365 -0.00891451 -0.00878421
 -0.00897185 -0.00882921 -0.00873352 -0.00861897 -0.00871254 -0.00868591
 -0.00886374 -0.00880487 -0.00865903 -0.00887437 -0.00868808 -0.0089977
 -0.00874579 -0.00888877 -0.00890212 -0.00871639 -0.00890004 -0.00862578
 -0.00862154 -0.00863296 -0.00883369 -0.00887759 -0.00875326 -0.00885941
 -0.00865395 -0.0086754  -0.00873753 -0.00861171 -0.00861545 -0.00867231
 -0.00892585 -0.00883317 -0.00880447 -0.00899215 -0.00884354 -0.00882755
 -0.00879902 -0.00868415 -0.00895153 -0.00875691 -0.00871463 -0.00882576
 -0.0089398  -0.00880047 -0.00892308 -0.00869865 -0.00867529 -0.00867678
 -0.00880196 -0.00873409 -0.00883934 -0.00863165 -0.00881739 -0.00874801
 -0.00897751 -0.00882064 -0.00881386 -0.0085964  -0.00862344 -0.0087621
 -0.00884056 -0.00867295 -0.00879274 -0.00886446 -0.00886863 -0.00880922
 -0.00885299 -0.0088544  -0.00880648 -0.00862561 -0.00877582 -0.00870291
 -0.0086687  -0.00888897 -0.00877464 -0.00857688 -0.00869279 -0.008772
 -0.00867446 -0.00874101 -0.00882168 -0.00862691 -0.00886225 -0.00878613
 -0.0087316  -0.00865387 -0.0087022  -0.00873387 -0.00877405 -0.00883543
 -0.00854995 -0.00880671 -0.00877139 -0.00885196 -0.00883748 -0.0087689
 -0.00876662 -0.0086491  -0.00881821 -0.00888488 -0.00874304 -0.00877937
 -0.00874702 -0.00895212 -0.00878537 -0.00869377 -0.00881216 -0.00879857
 -0.00888268 -0.00886881 -0.00872464 -0.00872038 -0.00873334 -0.00880144
 -0.0088854  -0.0088281  -0.00892803 -0.00872433 -0.00881048 -0.00879
 -0.0089076  -0.00862681 -0.00886593 -0.00877292 -0.00892096 -0.00883475
 -0.00888114 -0.00886433 -0.0087987  -0.00856598 -0.00881395 -0.00867568
 -0.00893742 -0.00853041 -0.00887935 -0.00863142 -0.00883088 -0.00875979
 -0.00894714 -0.00879575 -0.00863387 -0.00878989 -0.00875754 -0.00879182
 -0.00885953 -0.00884735 -0.00878773 -0.0088794  -0.00886477 -0.00879026
 -0.00856876 -0.00878121 -0.00891548 -0.00871644 -0.00874428 -0.00872901
 -0.00866327 -0.00886613 -0.00875529 -0.00869896 -0.00887212 -0.00877244
 -0.00876486 -0.00884792 -0.00883233 -0.00875639 -0.00868333 -0.00873394
 -0.00890937 -0.00875002 -0.00891735 -0.00883056 -0.00860481 -0.00861354
 -0.00875284 -0.00901013 -0.0087248  -0.00877323 -0.00875004 -0.00868933
 -0.00880246 -0.00880437 -0.00895359 -0.00865783 -0.00879867 -0.00874935
 -0.00897471 -0.00868574 -0.0088136  -0.00888594 -0.00886909 -0.00877025
 -0.00875483 -0.00879144 -0.00884733 -0.00884834 -0.00871773 -0.00883744
 -0.00886202 -0.00883764 -0.00905973 -0.00883825 -0.0087769  -0.008724
 -0.00884177 -0.00889964 -0.00872495 -0.00882476 -0.00877859 -0.00873933
 -0.00870274 -0.00883434 -0.00873725 -0.00870795 -0.00876446 -0.0087939 ]"
Stewed Tomatoes,"[""1 large can tomatoes"", ""1/2 stick butter or margarine"", ""1 c. sugar"", ""2 slices toast, cut into small cubes"", ""1/4 tsp. salt""]","[""Mix all ingredients except toast."", ""Cook slowly for 30 minutes."", ""Add toast cubes."", ""Let stand 10 minutes before serving.""]","[""sugar"", ""tomatoes"", ""cubes"", ""butter"", ""salt""]","[-0.00868484 -0.00866664 -0.00882824 -0.0085805  -0.00874334 -0.00868928
 -0.00870161 -0.00843736 -0.00884208 -0.00870974 -0.00863574 -0.00866539
 -0.00875654 -0.00872141 -0.00877123 -0.0087921  -0.00865062 -0.00866368
 -0.00854772 -0.0084844  -0.00849167 -0.00891992 -0.00887678 -0.00871765
 -0.00855801 -0.00865372 -0.00875532 -0.00864927 -0.00877956 -0.00873007
 -0.00887703 -0.00875587 -0.00842505 -0.00868028 -0.00858132 -0.00892643
 -0.00859941 -0.00874627 -0.00892041 -0.00854907 -0.00881582 -0.00871552
 -0.00848722 -0.00882005 -0.00855486 -0.00881431 -0.00858693 -0.00867231
 -0.00885114 -0.00878562 -0.00869771 -0.00869769 -0.0086492  -0.00870591
 -0.00872656 -0.00843635 -0.00871178 -0.0087211  -0.00862941 -0.0086885
 -0.00880807 -0.00874167 -0.00882444 -0.00876259 -0.00877952 -0.00866397
 -0.00875149 -0.00849673 -0.00887895 -0.00869338 -0.00872638 -0.00866016
 -0.00884746 -0.00869298 -0.00866107 -0.0087392  -0.00869319 -0.00869519
 -0.00874339 -0.00879109 -0.0087423  -0.00886693 -0.00867771 -0.00864337
 -0.00870367 -0.0084948  -0.00877422 -0.00876398 -0.0088005  -0.00862946
 -0.00890525 -0.00870344 -0.00856572 -0.00865421 -0.00878348 -0.00866987
 -0.00876763 -0.0085927  -0.00859311 -0.0086153  -0.00880584 -0.00869572
 -0.00866575 -0.00861185 -0.00887729 -0.00880491 -0.00888914 -0.00875145
 -0.00863604 -0.00876682 -0.00866765 -0.00860571 -0.00851268 -0.00868503
 -0.00898866 -0.00859576 -0.00874274 -0.00869615 -0.0088624  -0.00878123
 -0.00868057 -0.0087474  -0.00869959 -0.00848405 -0.00882037 -0.00891913
 -0.00872502 -0.00864347 -0.00868561 -0.00879317 -0.00868635 -0.00856547
 -0.00876584 -0.00871664 -0.00883018 -0.00855608 -0.00857285 -0.00872668
 -0.00857298 -0.00894496 -0.00890762 -0.00852591 -0.00853556 -0.00886615
 -0.00868127 -0.00871892 -0.00868584 -0.00857248 -0.00873074 -0.00876334
 -0.00861928 -0.0085481  -0.00894014 -0.00883146 -0.00869921 -0.00866096
 -0.00878816 -0.00875294 -0.00875821 -0.00866551 -0.00848274 -0.00877676
 -0.00862807 -0.00872558 -0.00883306 -0.0087275  -0.00874649 -0.00863306
 -0.00879497 -0.00840652 -0.00875749 -0.00854907 -0.00836684 -0.00885882
 -0.00873869 -0.00869694 -0.00875514 -0.0086522  -0.00872724 -0.00847863
 -0.00901267 -0.00881095 -0.00862608 -0.00893395 -0.00870178 -0.00882645
 -0.00857505 -0.00893812 -0.00845539 -0.00846785 -0.00888588 -0.00873082
 -0.0089416  -0.00875069 -0.00860734 -0.00882212 -0.00875454 -0.00869064
 -0.00859652 -0.00893039 -0.00854644 -0.00862008 -0.00861722 -0.00860184
 -0.00895681 -0.00859231 -0.00872777 -0.00894169 -0.00868185 -0.00874563
 -0.008875   -0.00862087 -0.00845155 -0.0087894  -0.00869771 -0.00878237
 -0.00870267 -0.00874913 -0.00881833 -0.00876696 -0.00859369 -0.00877394
 -0.00900341 -0.00855616 -0.00886268 -0.00857378 -0.00873411 -0.00868337
 -0.00869781 -0.00864695 -0.0087709  -0.00883451 -0.0087181  -0.00865311
 -0.00901552 -0.00848847 -0.00864775 -0.00880497 -0.00864656 -0.00889268
 -0.00876558 -0.008681   -0.00859399 -0.00888208 -0.00879287 -0.00873601
 -0.00874046 -0.00863405 -0.00864569 -0.00890759 -0.00858312 -0.00880799
 -0.00858311 -0.00895318 -0.00863732 -0.00883064 -0.00876302 -0.00875541
 -0.00866859 -0.00857175 -0.00861002 -0.00874762 -0.00849275 -0.00883466
 -0.00866404 -0.00855361 -0.00880671 -0.00876144 -0.00872782 -0.00878719
 -0.00880486 -0.00871872 -0.00866724 -0.00863895 -0.00883917 -0.00900938
 -0.00868194 -0.00881013 -0.00873536 -0.00885503 -0.00868811 -0.00866161
 -0.00899174 -0.00868027 -0.00875201 -0.0089229  -0.00882272 -0.00876671
 -0.00891313 -0.00871243 -0.00862666 -0.00838747 -0.0087532  -0.00895202
 -0.00857981 -0.00872346 -0.00875564 -0.00863903 -0.00857513 -0.00890134
 -0.00855452 -0.00874704 -0.00876297 -0.00861129 -0.00885512 -0.00863653
 -0.00877688 -0.00885985 -0.01085775 -0.00882491 -0.00877505 -0.00879486
 -0.00855959 -0.00868494 -0.00903821 -0.00889822 -0.00873265 -0.00869856
 -0.00868527 -0.00884622 -0.00861935 -0.00868677 -0.00865002 -0.00885335
 -0.00868898 -0.0088551  -0.00881861 -0.00863146 -0.00858156 -0.00877291
 -0.00863713 -0.00872515 -0.0088388  -0.00860618 -0.00872966 -0.00864608
 -0.00893416 -0.00866636 -0.0087567  -0.00876185 -0.00874253 -0.00862822
 -0.0087026  -0.00876388 -0.00887852 -0.00884127 -0.00849819 -0.00863578
 -0.00857503 -0.0087652  -0.00878961 -0.00876031 -0.00849336 -0.00872985
 -0.00864201 -0.00884725 -0.00876399 -0.00855829 -0.00862343 -0.00862453
 -0.008622   -0.00886908 -0.00880963 -0.00853912 -0.00849579 -0.00864178
 -0.00884603 -0.00894876 -0.00857647 -0.00879499 -0.00881312 -0.00853073
 -0.00879813 -0.00872978 -0.00889997 -0.00873262 -0.00875952 -0.00859097
 -0.00888737 -0.00883877 -0.0087179  -0.00898215 -0.00866743 -0.00877957
 -0.00890857 -0.00878853 -0.00864802 -0.0086802  -0.00876666 -0.0088849
 -0.00860181 -0.00880199 -0.00879163 -0.00863906 -0.00888496 -0.00893557
 -0.0089825  -0.00878816 -0.00852249 -0.00881617 -0.00864099 -0.00865078
 -0.00859558 -0.00847224 -0.00866359 -0.00880082 -0.00883479 -0.00871298
 -0.00874322 -0.00881379 -0.00849549 -0.00870569 -0.00876916 -0.00879257
 -0.00882075 -0.00863969 -0.00863476 -0.00873939 -0.00871237 -0.00884543
 -0.00867035 -0.00883802 -0.00878628 -0.00870886 -0.00846522 -0.0085541
 -0.00874453 -0.00864209 -0.00866441 -0.0086638  -0.00862829 -0.00869088
 -0.00874751 -0.00879643 -0.00853472 -0.00888896 -0.0085878  -0.00861615
 -0.00880152 -0.00882342 -0.00881626 -0.00861803 -0.00869343 -0.00880956
 -0.00879357 -0.00892867 -0.00887907 -0.00864861 -0.00877504 -0.00866601
 -0.00871258 -0.00872097 -0.00888755 -0.00838968 -0.00874232 -0.00875439
 -0.00868066 -0.00856222 -0.00878188 -0.00861247 -0.00872273 -0.00884398
 -0.0088907  -0.00899377 -0.00863333 -0.00868072 -0.00880957 -0.00882624
 -0.00864538 -0.0088173  -0.00861858 -0.00863402 -0.00877216 -0.00862685
 -0.0086192  -0.00877266 -0.00892719 -0.00862399 -0.0087793  -0.00881883
 -0.00870638 -0.00858289 -0.00878441 -0.00874302 -0.00858076 -0.0087146
 -0.00882137 -0.00873887 -0.00862644 -0.00884261 -0.00877087 -0.00873733
 -0.00874935 -0.00883408 -0.00872201 -0.0088136  -0.00859298 -0.0087039
 -0.00877229 -0.00870683 -0.00867422 -0.00892411 -0.00876528 -0.00876818
 -0.0086018  -0.00850937 -0.00847475 -0.00876296 -0.0088084  -0.00888735
 -0.00880438 -0.00859236 -0.0087068  -0.00869062 -0.00856071 -0.00889908
 -0.00882941 -0.00877858 -0.00872297 -0.00897372 -0.00867023 -0.00891656
 -0.00859924 -0.00851387 -0.0086577  -0.00859152 -0.00873307 -0.00862946
 -0.00885893 -0.008767   -0.00854189 -0.00874812 -0.00870104 -0.00868431
 -0.00869332 -0.00879014 -0.00891479 -0.00876668 -0.00866889 -0.00867907
 -0.00862346 -0.00858786 -0.00862885 -0.00838304 -0.00894815 -0.00886464
 -0.00867087 -0.00869087 -0.00866191 -0.00881408 -0.00876689 -0.00873043
 -0.00883839 -0.00887116 -0.00879921 -0.00847807 -0.00859206 -0.00869181
 -0.00868264 -0.00859814 -0.00870766 -0.00893818 -0.00864629 -0.00903957
 -0.008833   -0.00883004 -0.00877982 -0.00886285 -0.00880969 -0.00857301
 -0.00849047 -0.00849484 -0.00869983 -0.00893268 -0.00873195 -0.00876029
 -0.00850129 -0.00865371 -0.00861003 -0.00873613 -0.00849927 -0.00867093
 -0.00867613 -0.00856586 -0.008874   -0.00901312 -0.00875726 -0.00883571
 -0.00875282 -0.00855794 -0.00884372 -0.00877929 -0.00875618 -0.00882796
 -0.00892387 -0.00865898 -0.00891619 -0.00857933 -0.00836864 -0.00867562
 -0.00872605 -0.00859825 -0.00869282 -0.00856008 -0.00870823 -0.008601
 -0.00892066 -0.00871679 -0.00887422 -0.00851568 -0.00861909 -0.00888355
 -0.00875222 -0.00856703 -0.00880207 -0.00881878 -0.00880652 -0.00872562
 -0.0087071  -0.00881202 -0.00863887 -0.00853992 -0.00864374 -0.00862366
 -0.00884669 -0.00882272 -0.0087197  -0.00836419 -0.00857321 -0.00882434
 -0.00858901 -0.00873658 -0.0085784  -0.00859373 -0.00900749 -0.00873814
 -0.00876674 -0.0087641  -0.00885211 -0.00871739 -0.00884119 -0.00868772
 -0.00864973 -0.00870686 -0.00873031 -0.00876022 -0.00872078 -0.00869642
 -0.008609   -0.00863209 -0.00889034 -0.00872109 -0.00857802 -0.00867091
 -0.00879524 -0.00882365 -0.00871548 -0.00889203 -0.00874261 -0.00887355
 -0.00879468 -0.00883678 -0.00863903 -0.00880811 -0.00873137 -0.00867299
 -0.00864172 -0.00873551 -0.00881311 -0.00853783 -0.00880624 -0.00895133
 -0.00855845 -0.00852221 -0.00882094 -0.00883425 -0.00885967 -0.00868726
 -0.00867309 -0.00893247 -0.00880978 -0.00872979 -0.00877149 -0.00858481
 -0.00892023 -0.00857363 -0.0089018  -0.00854745 -0.00874012 -0.00871332
 -0.00890179 -0.0088449  -0.00868188 -0.00860057 -0.00883429 -0.00875998
 -0.00890942 -0.00885735 -0.00886526 -0.00879116 -0.00877689 -0.00873163
 -0.00860273 -0.00868301 -0.00866037 -0.00872282 -0.0086353  -0.00876314
 -0.00869459 -0.00870072 -0.00881079 -0.00855565 -0.00883983 -0.00879703
 -0.00871931 -0.00862664 -0.0088842  -0.00877728 -0.00875696 -0.00862979
 -0.00886174 -0.0086919  -0.00886949 -0.00880702 -0.00857151 -0.00877836
 -0.00877689 -0.00878533 -0.00865037 -0.00876925 -0.00859592 -0.00848274
 -0.00882985 -0.00877956 -0.00879134 -0.00853709 -0.00886338 -0.00872818
 -0.0089275  -0.00847849 -0.00884319 -0.00890356 -0.00888199 -0.0086196
 -0.00868018 -0.00870415 -0.00883983 -0.0088683  -0.00855885 -0.00876178
 -0.00864456 -0.00856981 -0.00889541 -0.00873006 -0.0086671  -0.00867172
 -0.00884186 -0.00878374 -0.00869799 -0.00874029 -0.00873613 -0.00856879
 -0.00870683 -0.0087073  -0.0086277  -0.00884894 -0.00871934 -0.00875171]"
Aunt Frances'S White Brownies,"[""1/2 c. margarine, melted"", ""1 c. sugar"", ""1 c. unsifted flour"", ""2 eggs, beaten"", ""1 tsp. almond extract"", ""sugar and pecan pieces""]","[""Mix first 5 ingredients together."", ""Put in greased 8 x 8-inch pan."", ""(Double recipe to use 9 x 13-inch pan.)"", ""Sprinkle sugar and pecan pieces on top."", ""Bake at 325\u00b0 for 30 minutes.""]","[""sugar"", ""eggs"", ""flour"", ""margarine"", ""almond extract""]","[-0.00879272 -0.0087439  -0.00876818 -0.0087648  -0.00861809 -0.00859223
 -0.00864143 -0.00843764 -0.00894146 -0.00877768 -0.00870466 -0.00879577
 -0.0086176  -0.0085693  -0.00885121 -0.00871726 -0.00864073 -0.00845318
 -0.00873676 -0.00860675 -0.00860321 -0.00883161 -0.00893434 -0.00872683
 -0.00867064 -0.00853908 -0.00870777 -0.00881695 -0.00866342 -0.00875461
 -0.00864536 -0.00870961 -0.00852747 -0.00863277 -0.00888692 -0.00881099
 -0.00873375 -0.0088382  -0.00901544 -0.00870707 -0.00887001 -0.00888027
 -0.00862126 -0.00877372 -0.00869524 -0.00873466 -0.00873716 -0.00871695
 -0.00870691 -0.00882952 -0.00874205 -0.00863613 -0.00862341 -0.00869286
 -0.00874306 -0.00850494 -0.00870002 -0.00876366 -0.00869745 -0.00876014
 -0.00871623 -0.00875802 -0.00852805 -0.00879632 -0.00878398 -0.00868372
 -0.00860862 -0.00861186 -0.00888304 -0.00855135 -0.00872617 -0.00883749
 -0.0086249  -0.00882643 -0.00869634 -0.00869709 -0.00876909 -0.00871947
 -0.00867452 -0.00881285 -0.00876289 -0.00866418 -0.00862971 -0.00857662
 -0.00872132 -0.00853522 -0.00889169 -0.00876789 -0.00879777 -0.0085422
 -0.00891374 -0.00869112 -0.00876099 -0.00867181 -0.0086624  -0.00891555
 -0.00880975 -0.00879184 -0.00874274 -0.0085999  -0.0087731  -0.00872414
 -0.00868214 -0.00851891 -0.00913699 -0.00877737 -0.00869886 -0.00878894
 -0.00872283 -0.00889641 -0.00869929 -0.00879141 -0.00874343 -0.00878962
 -0.0089238  -0.00854368 -0.00874124 -0.00874958 -0.00889622 -0.00866841
 -0.00869128 -0.00877745 -0.00871733 -0.00860886 -0.00864105 -0.00869253
 -0.00895727 -0.00873999 -0.00845571 -0.00890989 -0.00865976 -0.0086029
 -0.00856181 -0.00896299 -0.00875126 -0.00856605 -0.00864308 -0.00877726
 -0.00861793 -0.00876763 -0.00864064 -0.00855324 -0.00871499 -0.00874549
 -0.00861447 -0.00877067 -0.00881297 -0.00874112 -0.00874628 -0.00877178
 -0.0086816  -0.00853048 -0.00879098 -0.0088735  -0.0088636  -0.00882776
 -0.00877784 -0.00863907 -0.00875311 -0.00866174 -0.00857332 -0.00868106
 -0.00865961 -0.00857819 -0.00877732 -0.00871491 -0.00871376 -0.00842181
 -0.00891755 -0.00859822 -0.00868868 -0.00859632 -0.00833317 -0.00880346
 -0.00865074 -0.00863333 -0.00863005 -0.00876232 -0.00873258 -0.00864092
 -0.00898139 -0.0087962  -0.00874299 -0.00877506 -0.00868484 -0.00868985
 -0.00858796 -0.00896159 -0.00858156 -0.00868281 -0.00878687 -0.00884743
 -0.00882107 -0.00867329 -0.0086652  -0.00881997 -0.00872314 -0.00880412
 -0.00865179 -0.00882916 -0.00862887 -0.00876568 -0.00874124 -0.00852418
 -0.00868217 -0.00856536 -0.00878766 -0.00874286 -0.00871979 -0.00857509
 -0.00879363 -0.00855311 -0.00847036 -0.00856971 -0.00870484 -0.00879489
 -0.00868768 -0.00871823 -0.00894007 -0.00865486 -0.00881898 -0.00862538
 -0.00894391 -0.00869877 -0.00886448 -0.00857247 -0.0084699  -0.00882024
 -0.00850259 -0.00866242 -0.0088195  -0.00877981 -0.00873153 -0.00870569
 -0.00880518 -0.00874759 -0.00880679 -0.00882771 -0.00862543 -0.00873556
 -0.0089114  -0.00864197 -0.00853671 -0.00870005 -0.0086981  -0.00858163
 -0.00861662 -0.00863948 -0.00885694 -0.00891612 -0.00861297 -0.00892378
 -0.00868929 -0.00876078 -0.00876091 -0.00880369 -0.00875057 -0.00869166
 -0.00870465 -0.00844281 -0.00859983 -0.00863409 -0.00843993 -0.00877888
 -0.00870851 -0.00875963 -0.00877287 -0.00875229 -0.00863867 -0.00879625
 -0.00877883 -0.00867484 -0.00871926 -0.00874699 -0.00873927 -0.00893384
 -0.00862123 -0.00867422 -0.00868261 -0.00882421 -0.00885731 -0.00862576
 -0.00900804 -0.00877326 -0.00886159 -0.00884541 -0.00869801 -0.00885693
 -0.00889035 -0.00869203 -0.00856856 -0.0085177  -0.0086919  -0.00899713
 -0.00863285 -0.00866205 -0.00871475 -0.00859337 -0.00872622 -0.00895432
 -0.00865481 -0.00867234 -0.00877391 -0.00868004 -0.00867563 -0.00852851
 -0.00876403 -0.00889913 -0.01060758 -0.00870354 -0.00876449 -0.00885133
 -0.00855444 -0.00886601 -0.00872163 -0.00878391 -0.0088587  -0.00852984
 -0.00866031 -0.00878135 -0.00859765 -0.00877782 -0.00864879 -0.00882907
 -0.00878956 -0.00888496 -0.00878267 -0.00856767 -0.00891259 -0.0088128
 -0.00862756 -0.00874757 -0.00872401 -0.00836838 -0.00869423 -0.00873354
 -0.00903774 -0.00875596 -0.00884955 -0.00880459 -0.00870257 -0.00884859
 -0.00867725 -0.00882048 -0.00880909 -0.00889268 -0.0086029  -0.00866046
 -0.00855284 -0.00875499 -0.00879271 -0.00868574 -0.00859027 -0.00870398
 -0.00863865 -0.00902949 -0.00858726 -0.00866713 -0.00859704 -0.00863849
 -0.00879724 -0.00890178 -0.00879031 -0.00867208 -0.00863753 -0.00864993
 -0.00885287 -0.00894345 -0.00852094 -0.00869677 -0.00886527 -0.00857157
 -0.00876003 -0.00880142 -0.00892477 -0.00891664 -0.0087392  -0.00876425
 -0.00876514 -0.00889187 -0.00883225 -0.00927963 -0.0088081  -0.00861368
 -0.00873785 -0.00888689 -0.00865442 -0.00881344 -0.00874834 -0.00891177
 -0.00860159 -0.00850546 -0.00882555 -0.00894309 -0.00886459 -0.00888238
 -0.00888894 -0.00872325 -0.00867954 -0.00866089 -0.0087318  -0.00859441
 -0.00850167 -0.00859767 -0.0086627  -0.00878291 -0.0088218  -0.00877226
 -0.00881993 -0.00869102 -0.00854292 -0.00872646 -0.00855971 -0.00861421
 -0.00892703 -0.00872963 -0.00871899 -0.00870956 -0.00868379 -0.00896916
 -0.00853985 -0.00878387 -0.00882888 -0.00870674 -0.00847758 -0.00849332
 -0.00879413 -0.00854064 -0.00884173 -0.00849787 -0.00877695 -0.00879239
 -0.00880862 -0.00875995 -0.00876637 -0.00897774 -0.00871334 -0.0087948
 -0.00873095 -0.00893217 -0.00881743 -0.00882686 -0.00870394 -0.00875929
 -0.00893444 -0.00888746 -0.00886377 -0.00855817 -0.00888133 -0.00865076
 -0.00876098 -0.00864277 -0.00861079 -0.00866093 -0.0086212  -0.00876862
 -0.00863729 -0.00869166 -0.00877048 -0.00875382 -0.00859434 -0.00879551
 -0.00884456 -0.00883544 -0.0085664  -0.00879505 -0.00869    -0.00883539
 -0.00877523 -0.00876964 -0.00860989 -0.00855    -0.0088162  -0.00852426
 -0.0086692  -0.00870926 -0.00887675 -0.00865775 -0.00867447 -0.0086111
 -0.00864032 -0.00856558 -0.00883983 -0.00853701 -0.00872394 -0.00879509
 -0.00879761 -0.00862834 -0.00869818 -0.00879592 -0.00871486 -0.00884989
 -0.00865267 -0.00850614 -0.00880678 -0.00878251 -0.00858209 -0.00856726
 -0.00873229 -0.00870611 -0.00871422 -0.00880194 -0.00898554 -0.00882444
 -0.00871936 -0.00874531 -0.0085582  -0.00872675 -0.00880462 -0.00882019
 -0.00882919 -0.00864801 -0.00872509 -0.008913   -0.00856959 -0.00862284
 -0.00893293 -0.00857446 -0.00869314 -0.00900674 -0.00868045 -0.00891976
 -0.00867482 -0.00861086 -0.0086459  -0.00871934 -0.00866961 -0.00879008
 -0.00894513 -0.00887667 -0.00861418 -0.00881428 -0.00874441 -0.00864849
 -0.00900836 -0.00885737 -0.00868067 -0.00871304 -0.00869602 -0.00873521
 -0.00864276 -0.00870574 -0.00869268 -0.00867364 -0.00887602 -0.0087061
 -0.00860721 -0.00851745 -0.00857452 -0.00892351 -0.00882417 -0.00881939
 -0.0086832  -0.0087677  -0.00865908 -0.00866241 -0.00861002 -0.00868101
 -0.00876698 -0.00863743 -0.008605   -0.00889692 -0.00872971 -0.00884708
 -0.00887603 -0.00873957 -0.00878871 -0.0086579  -0.00896832 -0.00856548
 -0.00868182 -0.00856019 -0.00881084 -0.00877675 -0.0087102  -0.00877959
 -0.00860967 -0.00863965 -0.00875297 -0.0088384  -0.00854632 -0.00881525
 -0.00877435 -0.00881782 -0.00880021 -0.00903433 -0.00876188 -0.00889384
 -0.00856873 -0.00847431 -0.00897105 -0.00875279 -0.00880063 -0.00880955
 -0.00889245 -0.00866376 -0.0088043  -0.00860769 -0.00848381 -0.00857984
 -0.00861246 -0.0087058  -0.00875908 -0.0086123  -0.00871835 -0.00866972
 -0.00877533 -0.00879696 -0.00881528 -0.00864953 -0.00871079 -0.00867397
 -0.00883154 -0.00861089 -0.00871812 -0.00890563 -0.00879062 -0.00862847
 -0.00878876 -0.00886874 -0.00845422 -0.00841548 -0.00866633 -0.00855077
 -0.00865622 -0.00891666 -0.00873124 -0.00856974 -0.00863931 -0.00875811
 -0.00870904 -0.00864397 -0.00865673 -0.00860105 -0.00899596 -0.0086481
 -0.00877371 -0.00863938 -0.00898405 -0.00864023 -0.00866125 -0.00867785
 -0.00865202 -0.00889067 -0.00863786 -0.00876606 -0.00867834 -0.00870804
 -0.00875856 -0.00865284 -0.0087458  -0.00874417 -0.00862339 -0.00863466
 -0.00875374 -0.00882403 -0.00862871 -0.00874217 -0.00864512 -0.00860699
 -0.0087479  -0.00892067 -0.00859186 -0.00872253 -0.00859676 -0.00885881
 -0.00884655 -0.00872895 -0.008845   -0.00877497 -0.00883319 -0.00887302
 -0.00879302 -0.00855413 -0.00870782 -0.0087998  -0.00881942 -0.00861541
 -0.00867876 -0.00878204 -0.00864797 -0.00851286 -0.00884622 -0.00854986
 -0.0087741  -0.00868115 -0.00881656 -0.00849642 -0.00872521 -0.00876979
 -0.00901881 -0.00880396 -0.00855506 -0.00891949 -0.00874461 -0.00878044
 -0.00874109 -0.00878778 -0.00868816 -0.00880924 -0.00878118 -0.00872156
 -0.00855898 -0.00879062 -0.0086823  -0.00861041 -0.00868878 -0.00874085
 -0.00850823 -0.00876573 -0.00880559 -0.00865002 -0.00875806 -0.00872278
 -0.0086153  -0.0087608  -0.00876529 -0.00878284 -0.00879849 -0.00854292
 -0.00901512 -0.00873337 -0.00883675 -0.00875753 -0.00866323 -0.00854997
 -0.00884388 -0.0088549  -0.00861552 -0.00877185 -0.00864049 -0.00868197
 -0.00885161 -0.00861272 -0.0088599  -0.00856083 -0.00878214 -0.00876566
 -0.0088848  -0.00855215 -0.008684   -0.008798   -0.00881638 -0.00870439
 -0.00881945 -0.00889649 -0.00869466 -0.00879483 -0.00876703 -0.00875867
 -0.00870301 -0.00867913 -0.0090977  -0.00869181 -0.00864753 -0.0087145
 -0.0088129  -0.00887706 -0.00877888 -0.00872019 -0.00876474 -0.00865925
 -0.00861933 -0.0089306  -0.00873304 -0.00870774 -0.00866634 -0.00875705]"
Scalloped Potatoes,"[""1 qt. or so peeled and sliced potatoes"", ""1 c. cream or milk"", ""2 Tbsp. butter"", ""1 lb. Colby cheese (Longhorn style) or 1 block Cheddar cheese"", ""salt and pepper to taste"", ""1/3 c. oil""]","[""In a large frying pan, put enough cooking oil to fry potatoes. Cook potatoes until half-done; add milk or cream, butter, salt and pepper."", ""Simmer about 5 minutes."", ""Add cheese over top of potatoes and milk mixture."", ""Let simmer until cheese has melted and mixture has thickened a little."", ""Serve hot.""]","[""potatoes"", ""oil"", ""colby cheese"", ""cream"", ""butter"", ""salt""]","[-0.00944775 -0.00929332 -0.00947552 -0.00932849 -0.00937021 -0.00930312
 -0.00936574 -0.009149   -0.00946644 -0.0094902  -0.0093249  -0.00938214
 -0.0092882  -0.00932845 -0.00959356 -0.00935624 -0.0093131  -0.00925638
 -0.00937652 -0.00927433 -0.00925838 -0.00950319 -0.00949564 -0.00940763
 -0.00928944 -0.00925206 -0.00938866 -0.00944882 -0.00936077 -0.00930004
 -0.00942722 -0.00940476 -0.00916636 -0.00921279 -0.00944015 -0.00962063
 -0.00940882 -0.00932554 -0.00947162 -0.00940267 -0.00934876 -0.00933403
 -0.00920148 -0.00938313 -0.00935091 -0.00939916 -0.00932014 -0.00926133
 -0.00945503 -0.00934606 -0.00949523 -0.00937279 -0.00936437 -0.00940142
 -0.00942724 -0.00931989 -0.00927701 -0.00932046 -0.00926901 -0.00951637
 -0.00934041 -0.00940286 -0.00930544 -0.00933351 -0.00934687 -0.00924502
 -0.00926046 -0.00926136 -0.00951731 -0.00928922 -0.00934565 -0.00941157
 -0.00936952 -0.00941467 -0.00921207 -0.00948837 -0.0093524  -0.00929602
 -0.00925194 -0.0094604  -0.00932237 -0.0093101  -0.00933409 -0.00926865
 -0.00935739 -0.00931819 -0.00943756 -0.0094176  -0.00943551 -0.00922312
 -0.0094079  -0.00940438 -0.0093279  -0.00920699 -0.00931211 -0.00937583
 -0.00945729 -0.00928011 -0.00930901 -0.00928594 -0.00939959 -0.00938039
 -0.00927276 -0.00918807 -0.00949623 -0.00941076 -0.00936435 -0.00938905
 -0.00939739 -0.009412   -0.00929769 -0.00933672 -0.00919219 -0.00928284
 -0.00947685 -0.00919149 -0.00939604 -0.00942864 -0.00932726 -0.00946858
 -0.00949027 -0.00934642 -0.00932472 -0.00915731 -0.00925665 -0.0093934
 -0.00951823 -0.00935349 -0.00937887 -0.00937765 -0.00931161 -0.00922939
 -0.00940792 -0.00932251 -0.00940673 -0.00929526 -0.00934501 -0.00935277
 -0.00912235 -0.00946602 -0.00944436 -0.00908143 -0.00934684 -0.00935092
 -0.00933936 -0.00946047 -0.00935585 -0.00923265 -0.00947727 -0.00935207
 -0.00936869 -0.00923603 -0.00942546 -0.00953041 -0.00935392 -0.00931034
 -0.00938192 -0.00948884 -0.00935459 -0.00924524 -0.00926434 -0.00933356
 -0.00944661 -0.00934422 -0.00943938 -0.00934215 -0.00941697 -0.00928038
 -0.00941925 -0.00913687 -0.00934159 -0.00927613 -0.00900477 -0.00918013
 -0.0093786  -0.00928255 -0.00926636 -0.00935339 -0.00939795 -0.00919011
 -0.00963933 -0.00941017 -0.00935935 -0.00934443 -0.00943543 -0.00938004
 -0.00925538 -0.00959041 -0.00922582 -0.00932713 -0.00956355 -0.00945857
 -0.0093976  -0.00933573 -0.00926479 -0.00943648 -0.00934465 -0.00948964
 -0.00923195 -0.00947093 -0.00924555 -0.00929705 -0.00920273 -0.00918601
 -0.00950553 -0.0092495  -0.0093927  -0.00942439 -0.00935939 -0.00936382
 -0.00937913 -0.00919421 -0.00918796 -0.0094023  -0.00930537 -0.00940374
 -0.00928153 -0.0094744  -0.00949178 -0.00931355 -0.00929551 -0.00946073
 -0.00939532 -0.00929923 -0.00945898 -0.00926719 -0.00920057 -0.00929581
 -0.00935113 -0.00938531 -0.00945084 -0.00944506 -0.00923964 -0.00927418
 -0.00942573 -0.00928006 -0.00929877 -0.00944141 -0.00937911 -0.00945072
 -0.00952888 -0.00925198 -0.00919992 -0.0094134  -0.00941965 -0.00941794
 -0.00922516 -0.00931541 -0.0092917  -0.0094325  -0.00934342 -0.00937625
 -0.00937015 -0.00950001 -0.0093301  -0.00944647 -0.00941951 -0.00946492
 -0.00925074 -0.00925837 -0.00936201 -0.00934658 -0.00913372 -0.00937805
 -0.00933748 -0.00926842 -0.00933562 -0.00929434 -0.00937101 -0.00934279
 -0.0093189  -0.00924649 -0.00930932 -0.00936168 -0.00937131 -0.00957419
 -0.00927848 -0.00933139 -0.00929832 -0.00950254 -0.0093776  -0.00924223
 -0.00952328 -0.00942786 -0.00916573 -0.00942147 -0.00939331 -0.00938904
 -0.0094698  -0.00939058 -0.00938386 -0.00911951 -0.00933686 -0.00941206
 -0.00929676 -0.00935122 -0.00944468 -0.00924213 -0.00938018 -0.00946622
 -0.00938577 -0.00928125 -0.00940203 -0.00935992 -0.00924171 -0.00932679
 -0.0093728  -0.00947665 -0.01154377 -0.0094058  -0.00930514 -0.00948849
 -0.00917704 -0.00940554 -0.00951952 -0.00938101 -0.00940718 -0.00929563
 -0.00926464 -0.00940378 -0.00934995 -0.0093926  -0.00936883 -0.00948394
 -0.0093519  -0.00940796 -0.00956448 -0.00934523 -0.00933105 -0.00941381
 -0.0091942  -0.0094203  -0.00948518 -0.00917137 -0.00932539 -0.00925315
 -0.00951558 -0.00943372 -0.00940039 -0.00937907 -0.0093325  -0.00932821
 -0.00933375 -0.00945623 -0.00934293 -0.00944537 -0.00916802 -0.00925943
 -0.00920844 -0.00944154 -0.00936865 -0.00929994 -0.0092086  -0.00946732
 -0.00916429 -0.00961442 -0.00924348 -0.009283   -0.00923759 -0.00935511
 -0.0093283  -0.00948638 -0.00938425 -0.00929583 -0.00924043 -0.00925362
 -0.0095107  -0.00954234 -0.00926005 -0.00942949 -0.00946775 -0.00923106
 -0.00943502 -0.00934355 -0.00953152 -0.00934474 -0.00926726 -0.00931923
 -0.00939665 -0.00939654 -0.0092652  -0.00969162 -0.00939123 -0.00929307
 -0.00938276 -0.00946862 -0.00925764 -0.00947387 -0.00934079 -0.00940383
 -0.00933653 -0.00934579 -0.00938047 -0.00938884 -0.00940891 -0.00949303
 -0.00952588 -0.0093462  -0.00930831 -0.00935739 -0.00932723 -0.00932023
 -0.00909391 -0.00925001 -0.00930807 -0.00939179 -0.00935299 -0.0092892
 -0.00946112 -0.00938998 -0.0092855  -0.0093585  -0.00934279 -0.00928473
 -0.00957695 -0.00927826 -0.00927284 -0.00936921 -0.00925846 -0.00946196
 -0.00922811 -0.00934985 -0.00942416 -0.00927602 -0.00924062 -0.00932041
 -0.00938347 -0.009308   -0.00937104 -0.00935739 -0.00931758 -0.00937808
 -0.00938821 -0.0093199  -0.00930292 -0.00962935 -0.00931185 -0.00935185
 -0.00931923 -0.00950634 -0.00938819 -0.00944843 -0.00930826 -0.00930204
 -0.0094083  -0.00944165 -0.00931989 -0.00921263 -0.00937535 -0.00945131
 -0.00932746 -0.00932337 -0.00945099 -0.0091533  -0.00939075 -0.00943076
 -0.00924954 -0.00922895 -0.00935425 -0.00939271 -0.00925847 -0.0093591
 -0.00937351 -0.00944114 -0.00926079 -0.00947394 -0.00941349 -0.0093948
 -0.00932189 -0.00935261 -0.00925035 -0.00915262 -0.00928655 -0.00930068
 -0.00914816 -0.00926663 -0.00953706 -0.00931416 -0.00923649 -0.0094326
 -0.00931687 -0.00918565 -0.00944907 -0.00925337 -0.009364   -0.00946715
 -0.00940888 -0.00928603 -0.00928096 -0.0093996  -0.00932301 -0.00938489
 -0.00919318 -0.00938893 -0.00959432 -0.00933148 -0.00928491 -0.00928914
 -0.00934287 -0.00941012 -0.00932415 -0.00945244 -0.00951179 -0.0093291
 -0.00934289 -0.00925437 -0.009245   -0.00941852 -0.00950947 -0.00952243
 -0.00935247 -0.00936288 -0.00934145 -0.00944998 -0.00917922 -0.00947773
 -0.00958522 -0.00942344 -0.00935214 -0.00950585 -0.00956589 -0.0094945
 -0.00936976 -0.00925362 -0.00931497 -0.009318   -0.00942838 -0.00934242
 -0.00941384 -0.00946203 -0.00931501 -0.00933156 -0.00938743 -0.00934827
 -0.00957986 -0.00943802 -0.00918731 -0.00940765 -0.00926687 -0.00928403
 -0.00930994 -0.00924884 -0.0093288  -0.0092242  -0.00943627 -0.00936079
 -0.00930567 -0.00931226 -0.00920287 -0.00944534 -0.00953477 -0.0093055
 -0.00936972 -0.00945299 -0.00938813 -0.00925479 -0.00924646 -0.00925262
 -0.00939142 -0.0093326  -0.00931841 -0.00944127 -0.00926839 -0.00952122
 -0.00947291 -0.00945043 -0.00935866 -0.00941217 -0.00955036 -0.00924105
 -0.00928333 -0.00929255 -0.0093944  -0.0094073  -0.00935693 -0.00941566
 -0.00922275 -0.00921964 -0.00930678 -0.00925013 -0.00912969 -0.0093846
 -0.00947755 -0.00936901 -0.00932612 -0.0095591  -0.00935161 -0.00940137
 -0.00937925 -0.00917012 -0.00939925 -0.00932197 -0.00938878 -0.00932664
 -0.0094401  -0.00945909 -0.00951578 -0.0094209  -0.00915441 -0.00929798
 -0.00939503 -0.00934126 -0.00930911 -0.00924915 -0.00945047 -0.00931997
 -0.00948888 -0.00939481 -0.00940986 -0.00933753 -0.00919552 -0.00945828
 -0.00938089 -0.00930738 -0.00932458 -0.00934475 -0.00935804 -0.00931174
 -0.00936256 -0.00947046 -0.00936797 -0.00920152 -0.00933582 -0.00924995
 -0.00932614 -0.00955915 -0.00938803 -0.00926001 -0.00930243 -0.0093306
 -0.00921755 -0.00933379 -0.00925686 -0.00922827 -0.0095237  -0.00924964
 -0.00929723 -0.00915391 -0.00932694 -0.00937536 -0.00927329 -0.00942365
 -0.0092173  -0.00938206 -0.0092914  -0.00930802 -0.00937988 -0.00928834
 -0.00941232 -0.00935788 -0.00939864 -0.00935413 -0.00933082 -0.00928282
 -0.00934077 -0.00945798 -0.00933109 -0.00915367 -0.00933971 -0.00940409
 -0.00948722 -0.00936382 -0.00925295 -0.00938967 -0.00928724 -0.00929413
 -0.009521   -0.00931417 -0.0093907  -0.00919113 -0.00953536 -0.00939808
 -0.00940021 -0.00921289 -0.0094743  -0.00938066 -0.00944629 -0.0094589
 -0.00928265 -0.00943491 -0.00939207 -0.00927459 -0.00949335 -0.00916645
 -0.00938799 -0.0091948  -0.00947951 -0.00928385 -0.00940904 -0.00941039
 -0.00954339 -0.00935824 -0.00919988 -0.00940464 -0.00935151 -0.00934496
 -0.00940602 -0.00948345 -0.00943099 -0.00941535 -0.00938785 -0.0093683
 -0.00928061 -0.00943414 -0.00926923 -0.00936307 -0.00926102 -0.00923215
 -0.00933608 -0.00937555 -0.00947604 -0.00927081 -0.00936979 -0.00936772
 -0.00921388 -0.00934181 -0.00937921 -0.00944414 -0.0093538  -0.00918102
 -0.00950789 -0.00925831 -0.00945028 -0.00949366 -0.00927089 -0.00941401
 -0.00937647 -0.00948237 -0.00936977 -0.00935155 -0.00932453 -0.0092063
 -0.00943039 -0.00938232 -0.00951059 -0.00921677 -0.00939645 -0.00929098
 -0.0095022  -0.00917884 -0.00944502 -0.00946196 -0.00944868 -0.00933825
 -0.009382   -0.00941152 -0.00942339 -0.00939163 -0.0093735  -0.00953593
 -0.00932836 -0.00930115 -0.009506   -0.00931036 -0.00929196 -0.00933565
 -0.00935086 -0.0094276  -0.00941898 -0.00936851 -0.00935407 -0.00934321
 -0.00938512 -0.00954297 -0.00942845 -0.00932476 -0.00927894 -0.00935991]"
Seafood Macaroni Salad,"[""1 1/2 lb. cooked shrimp, peeled and deveined"", ""1 lb. cooked crab meat"", ""6 c. cooked shell macaroni"", ""2 c. chopped raw cauliflower"", ""2 c. sliced celery"", ""1/4 c. chopped parsley"", ""1 c. chopped sweet pickles"", ""1/4 c. chopped onion"", ""6 boiled eggs, chopped"", ""1 Tbsp. capers, chopped"", ""3 Tbsp. lemon juice"", ""mayonnaise as needed""]","[""Cut large size shrimp into bite sized pieces."", ""Sprinkle with lemon juice."", ""Mix all ingredients together."", ""Chill."", ""Serve on salad greens."", ""Garnish with tomato wedges."", ""Serves 12 to 15.""]","[""sweet pickles"", ""lemon juice"", ""eggs"", ""onion"", ""crab meat"", ""celery"", ""capers"", ""mayonnaise"", ""parsley"", ""cauliflower"", ""shrimp"", ""cooked shell macaroni""]","[-0.0105107  -0.01068714 -0.01062818 -0.01046822 -0.01031931 -0.01061442
 -0.01056979 -0.01025273 -0.01065661 -0.01072755 -0.01055761 -0.01045372
 -0.01049304 -0.01050578 -0.01052223 -0.01064112 -0.01054354 -0.01047237
 -0.0105585  -0.0104272  -0.01040977 -0.01085074 -0.01064383 -0.01048568
 -0.01056768 -0.01052535 -0.01059834 -0.01054859 -0.01057234 -0.01052137
 -0.01060172 -0.0105123  -0.01043614 -0.01058448 -0.01040285 -0.01068886
 -0.01027632 -0.01055919 -0.01070787 -0.01036983 -0.01062782 -0.01058441
 -0.01018532 -0.01062533 -0.01040483 -0.01059618 -0.01053298 -0.01060992
 -0.01071238 -0.01057944 -0.01048538 -0.0105554  -0.01059083 -0.01059079
 -0.01037076 -0.0102945  -0.01057079 -0.01052236 -0.01067798 -0.01056027
 -0.01043175 -0.01052155 -0.01059419 -0.01073254 -0.01049215 -0.01045671
 -0.01050691 -0.01043501 -0.01066913 -0.01048333 -0.01063657 -0.01040628
 -0.0106616  -0.01045566 -0.01044565 -0.01060066 -0.0105696  -0.0104614
 -0.01052598 -0.01061145 -0.01059518 -0.01058013 -0.0103939  -0.01046897
 -0.01065181 -0.01040546 -0.01066705 -0.01062243 -0.0106708  -0.0103636
 -0.0106809  -0.01043889 -0.0103864  -0.01055804 -0.01059359 -0.01048489
 -0.01069378 -0.01040872 -0.0104042  -0.01045546 -0.01062648 -0.01048016
 -0.01048507 -0.01042986 -0.01067304 -0.01058751 -0.01077722 -0.01058516
 -0.0103915  -0.01055602 -0.01054408 -0.01057295 -0.01042854 -0.01063582
 -0.01082878 -0.01039352 -0.01056684 -0.01053194 -0.01060611 -0.01061618
 -0.01061513 -0.01059079 -0.01062009 -0.01029303 -0.01057763 -0.01067633
 -0.01056095 -0.01057596 -0.01045592 -0.01075414 -0.01048976 -0.01048204
 -0.01051449 -0.01058755 -0.01065641 -0.01049737 -0.01059676 -0.01068974
 -0.01054769 -0.010755   -0.01064442 -0.01048123 -0.01056561 -0.01069209
 -0.01046595 -0.01053191 -0.01052761 -0.01047808 -0.01046611 -0.01054531
 -0.01036209 -0.01038606 -0.01073066 -0.01064166 -0.0106407  -0.01048323
 -0.01057373 -0.01051339 -0.01064544 -0.01057255 -0.01040262 -0.0105725
 -0.01054161 -0.01059761 -0.01061467 -0.01051903 -0.01054444 -0.01029181
 -0.01051041 -0.01037706 -0.01070842 -0.01046171 -0.01020816 -0.01064924
 -0.01052094 -0.01054128 -0.01061181 -0.01052593 -0.01036968 -0.01054205
 -0.010921   -0.01064169 -0.01044225 -0.01075854 -0.0103506  -0.01079411
 -0.01033657 -0.01065795 -0.01042612 -0.0103949  -0.01067868 -0.01055034
 -0.010678   -0.01057116 -0.0105218  -0.01053584 -0.01073531 -0.01041688
 -0.01045368 -0.01065821 -0.0104434  -0.01042465 -0.01048333 -0.01042265
 -0.01080968 -0.01070515 -0.01042847 -0.0107271  -0.01054862 -0.01051746
 -0.01072064 -0.01048566 -0.01034775 -0.01056676 -0.01049755 -0.01056432
 -0.01052455 -0.01055429 -0.01071781 -0.01058428 -0.01043275 -0.01050048
 -0.01088163 -0.01043512 -0.01066688 -0.0105351  -0.0106275  -0.01051551
 -0.01054804 -0.01026866 -0.01062898 -0.01067583 -0.01052146 -0.01049886
 -0.01077215 -0.0103726  -0.01057423 -0.01056986 -0.01055295 -0.01076536
 -0.01066095 -0.01064918 -0.0105511  -0.01075333 -0.01054964 -0.01051952
 -0.01058587 -0.01054787 -0.01050047 -0.01062427 -0.01039445 -0.0106405
 -0.01036566 -0.01077991 -0.01052147 -0.01060205 -0.01048762 -0.01073309
 -0.01048241 -0.01039086 -0.01046497 -0.0104345  -0.01025024 -0.0106599
 -0.01054865 -0.0105936  -0.01068223 -0.0106417  -0.01063683 -0.01055411
 -0.01062651 -0.01058028 -0.01081466 -0.01050112 -0.01066027 -0.01074368
 -0.01070063 -0.01049222 -0.01054252 -0.01060204 -0.01047288 -0.01051379
 -0.010751   -0.01045291 -0.01076821 -0.01084242 -0.0107671  -0.01065108
 -0.01075849 -0.01060837 -0.01049501 -0.0103961  -0.01069759 -0.01075751
 -0.01042948 -0.01064062 -0.01039834 -0.01051941 -0.01049335 -0.0107486
 -0.0104273  -0.01061975 -0.01048134 -0.01045326 -0.01062879 -0.01046892
 -0.01049165 -0.01072937 -0.01217493 -0.01067475 -0.01070842 -0.01053467
 -0.01053042 -0.01066282 -0.01066353 -0.01081395 -0.01061903 -0.01056033
 -0.01054086 -0.01062244 -0.01039438 -0.0104286  -0.01046904 -0.01067766
 -0.01050326 -0.01068219 -0.01067899 -0.01036552 -0.0105212  -0.01072318
 -0.01045736 -0.01053687 -0.01055068 -0.01049013 -0.01063001 -0.01053341
 -0.01092567 -0.01057539 -0.01063574 -0.01057936 -0.01060143 -0.01063737
 -0.0105522  -0.01057774 -0.01074217 -0.01064999 -0.01034982 -0.01047749
 -0.01049574 -0.01062258 -0.010699   -0.01072374 -0.01018324 -0.01065495
 -0.01042974 -0.01071216 -0.01060701 -0.01040574 -0.0104028  -0.01058957
 -0.0105186  -0.01057225 -0.01052685 -0.01046735 -0.01035029 -0.01043507
 -0.01043979 -0.01073346 -0.0104262  -0.01071427 -0.01069083 -0.01047324
 -0.01082391 -0.0105654  -0.01072392 -0.0106724  -0.01057691 -0.01047804
 -0.01059403 -0.01072448 -0.01043326 -0.01076673 -0.01055833 -0.01063075
 -0.01082332 -0.01060679 -0.01061667 -0.01057587 -0.01049352 -0.01062834
 -0.01051389 -0.01057866 -0.01058118 -0.01061768 -0.010652   -0.01075027
 -0.01082367 -0.01068402 -0.01047879 -0.01056689 -0.01038358 -0.01053126
 -0.01053481 -0.01038755 -0.01059827 -0.01066208 -0.01060242 -0.01066222
 -0.01073889 -0.01065418 -0.01032858 -0.01062547 -0.01048569 -0.01062975
 -0.01061064 -0.01058946 -0.01050604 -0.01051827 -0.01062795 -0.01068874
 -0.01039685 -0.01072007 -0.01081265 -0.01057008 -0.01043365 -0.01034722
 -0.01051531 -0.01054001 -0.01051165 -0.01054764 -0.01059194 -0.01058266
 -0.01054502 -0.01061909 -0.01051648 -0.01058762 -0.01054754 -0.01038004
 -0.01063104 -0.01056634 -0.01052121 -0.01041605 -0.01061328 -0.01066788
 -0.01072679 -0.01078083 -0.01067261 -0.01038578 -0.01054545 -0.0104511
 -0.01067653 -0.01049854 -0.01074027 -0.01024482 -0.01054791 -0.01059358
 -0.0105442  -0.01045881 -0.01079989 -0.01055521 -0.01052823 -0.0105797
 -0.01062592 -0.01091532 -0.01043841 -0.01052969 -0.0106235  -0.01081042
 -0.01043204 -0.01069625 -0.01043109 -0.01038295 -0.01074137 -0.01027216
 -0.01059789 -0.01051044 -0.01067098 -0.01037604 -0.01066205 -0.01060241
 -0.01058488 -0.01049212 -0.01068847 -0.01057066 -0.01050763 -0.01063113
 -0.01090351 -0.01052175 -0.01036516 -0.01077441 -0.01054691 -0.01042225
 -0.01051212 -0.01064688 -0.01051104 -0.01070221 -0.0103203  -0.01060265
 -0.0104894  -0.01055122 -0.01043411 -0.01068647 -0.01051719 -0.01055925
 -0.01051618 -0.01048404 -0.01039826 -0.01055796 -0.01053581 -0.01060576
 -0.01072309 -0.01041507 -0.01034365 -0.01042413 -0.01046351 -0.01060696
 -0.01069658 -0.01065457 -0.01062701 -0.0108311  -0.01031196 -0.01077197
 -0.01051616 -0.01030305 -0.01057006 -0.0106048  -0.01056229 -0.0104409
 -0.01080097 -0.01061397 -0.01048692 -0.01063287 -0.01063646 -0.0104995
 -0.01051925 -0.01063937 -0.01055611 -0.01059741 -0.01051963 -0.01059623
 -0.01065536 -0.01049159 -0.01033743 -0.01025606 -0.01074869 -0.01069671
 -0.01052839 -0.01053434 -0.01059664 -0.01061635 -0.01054849 -0.01056086
 -0.01070179 -0.01081841 -0.01060375 -0.01038635 -0.01043912 -0.01049108
 -0.01066237 -0.01054141 -0.01058442 -0.01094333 -0.01060547 -0.01093593
 -0.01064423 -0.01052045 -0.01079649 -0.01053982 -0.01072764 -0.01046004
 -0.01059021 -0.0102839  -0.01062534 -0.01076008 -0.01047015 -0.01069557
 -0.01039951 -0.01039276 -0.01056749 -0.01065052 -0.01038069 -0.01058588
 -0.01057305 -0.01064428 -0.01056892 -0.01092414 -0.01040836 -0.01056794
 -0.01062895 -0.01049482 -0.01072281 -0.010585   -0.01053885 -0.01076667
 -0.01065629 -0.01037448 -0.01074012 -0.01054874 -0.01023839 -0.01068086
 -0.01036593 -0.01045681 -0.0106505  -0.01051429 -0.01057528 -0.01040046
 -0.01080645 -0.01054335 -0.01070487 -0.01047145 -0.01063539 -0.01065429
 -0.01064851 -0.01044732 -0.01065984 -0.01073942 -0.01068702 -0.01043098
 -0.01063142 -0.01078885 -0.0104198  -0.01029879 -0.010596   -0.01054816
 -0.01068801 -0.01063875 -0.01053305 -0.01030924 -0.01050362 -0.01067475
 -0.01055029 -0.01049288 -0.01040745 -0.01041398 -0.01091183 -0.01062959
 -0.01061584 -0.01055656 -0.01082886 -0.01055073 -0.01067    -0.01068999
 -0.01048118 -0.01056575 -0.0105792  -0.01063073 -0.0106641  -0.01054688
 -0.0105631  -0.01054943 -0.01071592 -0.01047042 -0.01031117 -0.01050452
 -0.01065619 -0.01074523 -0.01057059 -0.01070786 -0.01051036 -0.01062323
 -0.01056196 -0.01067088 -0.01034759 -0.01051451 -0.01066577 -0.01063584
 -0.0104938  -0.01051002 -0.01056079 -0.01054156 -0.0106162  -0.0108929
 -0.01051948 -0.01037121 -0.01075674 -0.0107176  -0.0106255  -0.0103237
 -0.01055483 -0.01070855 -0.01061536 -0.01040738 -0.01049997 -0.0104529
 -0.01087555 -0.0103451  -0.01061703 -0.01040864 -0.01071888 -0.01062366
 -0.01074868 -0.01066189 -0.01049221 -0.01048925 -0.01065415 -0.01059324
 -0.01068637 -0.01066586 -0.0106619  -0.01059435 -0.0105383  -0.01071621
 -0.01028535 -0.01056394 -0.01060218 -0.01053627 -0.01049801 -0.01072208
 -0.0105528  -0.01064066 -0.01061948 -0.01048962 -0.01063503 -0.01056749
 -0.01056612 -0.01040166 -0.01085862 -0.01061174 -0.01065557 -0.01044036
 -0.01073246 -0.01056841 -0.01070204 -0.01064098 -0.01046062 -0.01053943
 -0.01060204 -0.01064767 -0.01059235 -0.01063944 -0.01039068 -0.01055544
 -0.01063574 -0.01062837 -0.01067804 -0.01047973 -0.01050049 -0.01049256
 -0.01064908 -0.01035248 -0.01068603 -0.010706   -0.010597   -0.01051452
 -0.01058165 -0.01049021 -0.01053965 -0.01062634 -0.01042092 -0.01056355
 -0.01058366 -0.01044955 -0.01073404 -0.01071618 -0.01051934 -0.01046208
 -0.01065053 -0.01056547 -0.01058889 -0.01058702 -0.0105488  -0.01046665
 -0.01055966 -0.01050836 -0.01048578 -0.01054441 -0.01058207 -0.01062549]"
Date Loaf Candy,"[""3 c. sugar"", ""1 c. Pet milk"", ""1 (8 oz.) pkg. dates, chopped"", ""pinch of salt"", ""1 c. pecans"", ""1 tsp. vanilla"", ""1/2 stick oleo""]","[""Cook sugar and milk until it boils."", ""Add dates and salt. Cook to soft ball stage."", ""Add oleo, nuts and vanilla."", ""Beat until firm and holds shape on spoon."", ""Pour candy in row on wet cup towel."", ""Roll."", ""When cold, slice.""]","[""oleo"", ""sugar"", ""vanilla"", ""pet milk"", ""pecans"", ""dates"", ""salt""]","[-0.00882973 -0.00892912 -0.00880738 -0.00877747 -0.0088246  -0.00869864
 -0.00880969 -0.00868182 -0.00886055 -0.00891641 -0.00882526 -0.0087941
 -0.00883018 -0.00876049 -0.00897009 -0.00890114 -0.0088883  -0.00864798
 -0.00875658 -0.00875181 -0.00878293 -0.00895994 -0.00896178 -0.00885032
 -0.00869237 -0.00882619 -0.00896142 -0.00882491 -0.00878202 -0.00882424
 -0.00889314 -0.00881459 -0.00863847 -0.00887847 -0.00882193 -0.00897089
 -0.0088372  -0.0088803  -0.00892793 -0.00880969 -0.00882874 -0.00888888
 -0.00872376 -0.00884361 -0.00898254 -0.00890042 -0.00897983 -0.00876772
 -0.0089376  -0.00879762 -0.00890406 -0.00880019 -0.00889507 -0.00890753
 -0.00882453 -0.00884598 -0.00881906 -0.0088654  -0.00875866 -0.00880934
 -0.00871265 -0.00877482 -0.0087716  -0.00889948 -0.009049   -0.00880298
 -0.00868328 -0.00870094 -0.0090521  -0.00889681 -0.00881661 -0.0088802
 -0.00880012 -0.00888307 -0.00877943 -0.00890533 -0.00883504 -0.00883999
 -0.00878807 -0.00876109 -0.00889014 -0.00885261 -0.00863157 -0.00876859
 -0.00896761 -0.00876069 -0.00890584 -0.00897497 -0.00903539 -0.00857389
 -0.00896085 -0.00880925 -0.00877429 -0.00880374 -0.00895826 -0.00897008
 -0.00891096 -0.00874458 -0.00867854 -0.00876776 -0.00900447 -0.0088829
 -0.00887436 -0.0086382  -0.00900619 -0.00887038 -0.00895387 -0.00890903
 -0.00873071 -0.00892543 -0.00873072 -0.00888519 -0.0086954  -0.00869634
 -0.00902843 -0.00875104 -0.00891541 -0.00875902 -0.00904982 -0.00883242
 -0.00889739 -0.00892649 -0.00874831 -0.00863523 -0.00868232 -0.00882044
 -0.00897897 -0.00891219 -0.00878797 -0.00894549 -0.00879755 -0.00885855
 -0.00889649 -0.00891941 -0.00884344 -0.00884859 -0.00881282 -0.00876781
 -0.00871108 -0.00901709 -0.00892425 -0.008697   -0.00886505 -0.0089851
 -0.00870461 -0.00890132 -0.0088161  -0.0087442  -0.00880098 -0.00868543
 -0.00879011 -0.00862606 -0.00900283 -0.00905191 -0.00873741 -0.00880908
 -0.00899126 -0.0087782  -0.00895134 -0.00886263 -0.00883157 -0.00876814
 -0.00883355 -0.00880009 -0.00890632 -0.00883006 -0.00875376 -0.00884241
 -0.00892059 -0.00868932 -0.00893431 -0.00871837 -0.00858776 -0.00883784
 -0.00883081 -0.00873271 -0.00869623 -0.00889973 -0.00888592 -0.00871665
 -0.00909225 -0.00866723 -0.00869222 -0.00891057 -0.00887031 -0.00884748
 -0.00871414 -0.00892633 -0.00862984 -0.00880987 -0.00907798 -0.00891902
 -0.00881859 -0.00892589 -0.00874461 -0.00896194 -0.00890911 -0.00889504
 -0.00873022 -0.00883531 -0.00877873 -0.00875167 -0.00871776 -0.00880739
 -0.00897199 -0.0087311  -0.00881142 -0.00893766 -0.00884172 -0.00883201
 -0.0088892  -0.00874383 -0.00865348 -0.00902004 -0.00886447 -0.00890078
 -0.00872101 -0.00882599 -0.00902048 -0.00889404 -0.00868541 -0.00881975
 -0.00903399 -0.00877219 -0.00893411 -0.00879463 -0.00895021 -0.0087732
 -0.00877033 -0.00872173 -0.00887111 -0.00887762 -0.00885574 -0.00876759
 -0.00894543 -0.00868493 -0.008765   -0.00878937 -0.00879545 -0.00895482
 -0.00895315 -0.0087444  -0.00881225 -0.00893782 -0.00907426 -0.00885416
 -0.00881953 -0.00887054 -0.00880766 -0.00896986 -0.00889306 -0.00876471
 -0.00874362 -0.00879909 -0.00879791 -0.00886277 -0.00887998 -0.00875744
 -0.00876039 -0.00874329 -0.00875517 -0.00882523 -0.00863568 -0.00891303
 -0.00892201 -0.00876165 -0.00891906 -0.00882684 -0.0087395  -0.0088342
 -0.00898956 -0.00882816 -0.00880392 -0.0088955  -0.00896266 -0.00915116
 -0.00878242 -0.00874512 -0.00886334 -0.00896015 -0.00888299 -0.00879961
 -0.00891474 -0.00887377 -0.00874286 -0.00903696 -0.00886989 -0.00892288
 -0.0090181  -0.00880086 -0.00883912 -0.00853594 -0.008923   -0.00904353
 -0.00874034 -0.00877534 -0.00878048 -0.00866538 -0.00890445 -0.00883466
 -0.00859157 -0.00869993 -0.00894785 -0.00873311 -0.00882091 -0.00875556
 -0.00885576 -0.00889378 -0.01126135 -0.00885084 -0.00902006 -0.00895324
 -0.0088723  -0.00895538 -0.0088024  -0.00897068 -0.00886125 -0.00895418
 -0.0088929  -0.00889494 -0.00887155 -0.00882467 -0.00883604 -0.00890635
 -0.00889217 -0.00899073 -0.00885003 -0.00868298 -0.00887921 -0.008913
 -0.00876121 -0.00880319 -0.00894361 -0.0086921  -0.00895066 -0.00888051
 -0.00897022 -0.00890482 -0.00891648 -0.0088876  -0.00882549 -0.00896555
 -0.00880072 -0.0088951  -0.00889106 -0.00895881 -0.00869977 -0.00874528
 -0.00880258 -0.00873504 -0.00888937 -0.00884916 -0.00875036 -0.0089943
 -0.00876458 -0.0089285  -0.00879198 -0.00872996 -0.00865862 -0.00878043
 -0.00888599 -0.00889297 -0.00881877 -0.00876571 -0.00874646 -0.00882614
 -0.00895396 -0.00902647 -0.00883873 -0.00889441 -0.0088149  -0.00878624
 -0.00899167 -0.00888114 -0.00882235 -0.00894284 -0.00885139 -0.00873403
 -0.00896653 -0.00901248 -0.00891033 -0.00914249 -0.00888612 -0.00884026
 -0.00888822 -0.00887465 -0.00878626 -0.00879387 -0.0088764  -0.00893472
 -0.00880299 -0.00859868 -0.00897121 -0.0089372  -0.00895163 -0.00902679
 -0.00916564 -0.00875642 -0.00874188 -0.00897943 -0.00882886 -0.00882804
 -0.00877316 -0.00869525 -0.00878649 -0.00886826 -0.00901156 -0.0089553
 -0.00887675 -0.008811   -0.00871092 -0.00899891 -0.00880828 -0.00891863
 -0.00892276 -0.00886007 -0.00875094 -0.0088879  -0.00880143 -0.00890194
 -0.00883605 -0.00882887 -0.00885704 -0.00893308 -0.00891379 -0.00886765
 -0.00892724 -0.0088296  -0.00900348 -0.00885036 -0.00892472 -0.00896531
 -0.00895385 -0.00887319 -0.00896718 -0.00911657 -0.00882973 -0.00871802
 -0.00895444 -0.00883417 -0.0090271  -0.00891257 -0.00883658 -0.0089504
 -0.00908788 -0.00899721 -0.00887302 -0.00870665 -0.00882415 -0.00886918
 -0.0088859  -0.00878466 -0.00883595 -0.00865381 -0.00893622 -0.00896764
 -0.00883203 -0.00871456 -0.00886423 -0.00879623 -0.00869959 -0.00893001
 -0.00886108 -0.00898984 -0.00875754 -0.00888061 -0.00895512 -0.00880337
 -0.00879399 -0.0091418  -0.00885859 -0.0087435  -0.00886517 -0.00864094
 -0.00886872 -0.00884288 -0.00897726 -0.00879607 -0.00885671 -0.00886264
 -0.00888672 -0.00873869 -0.00893075 -0.00875109 -0.00874835 -0.00900358
 -0.00885477 -0.00877391 -0.00885374 -0.00895501 -0.00869814 -0.00877463
 -0.00866663 -0.00904934 -0.00892469 -0.00878477 -0.00876344 -0.00876778
 -0.00887287 -0.00875398 -0.00891312 -0.0089324  -0.00892582 -0.00905945
 -0.00877898 -0.00873419 -0.00873066 -0.00885468 -0.00886575 -0.00886574
 -0.00899083 -0.00872653 -0.00872448 -0.00881887 -0.00866273 -0.00890404
 -0.00887834 -0.0088677  -0.00888853 -0.0091066  -0.00874387 -0.00900539
 -0.00870509 -0.00875769 -0.00894529 -0.0088129  -0.00882604 -0.00884482
 -0.00891251 -0.00886943 -0.00897744 -0.00895455 -0.00869339 -0.00878221
 -0.00879388 -0.0088415  -0.00882309 -0.00869514 -0.0086506  -0.00888866
 -0.00891165 -0.00872035 -0.00879214 -0.00877881 -0.00913491 -0.00889078
 -0.00879082 -0.00891969 -0.00879947 -0.00898659 -0.00891462 -0.00885767
 -0.00889461 -0.00868705 -0.00886822 -0.00864855 -0.00886978 -0.00874433
 -0.00903369 -0.00883118 -0.00886961 -0.00902214 -0.00894362 -0.00907216
 -0.0089196  -0.00886407 -0.00901097 -0.00874921 -0.0089029  -0.00869765
 -0.00877788 -0.00871043 -0.00892569 -0.00892069 -0.00886021 -0.00900622
 -0.00876761 -0.00873172 -0.00880715 -0.00886189 -0.00867709 -0.00884223
 -0.00891385 -0.00893814 -0.00886114 -0.00912033 -0.00889091 -0.00888442
 -0.00884546 -0.00877995 -0.00907037 -0.00879899 -0.00872692 -0.00902099
 -0.00896206 -0.00890427 -0.00896187 -0.00871695 -0.00864608 -0.00874427
 -0.00884903 -0.00887049 -0.0089463  -0.00871721 -0.00882764 -0.00881975
 -0.00902564 -0.00882494 -0.00894878 -0.00873233 -0.00865239 -0.00896862
 -0.00890877 -0.0088625  -0.00893631 -0.00887857 -0.00890311 -0.00875548
 -0.00880029 -0.0088315  -0.00883482 -0.00876458 -0.00881331 -0.00878006
 -0.00876121 -0.00889791 -0.00886408 -0.00874023 -0.00886254 -0.00876467
 -0.00876177 -0.00883883 -0.00872862 -0.00876557 -0.00907056 -0.00876846
 -0.00895234 -0.00873117 -0.00891942 -0.00882718 -0.00877569 -0.00889757
 -0.00873275 -0.00888318 -0.00889966 -0.00895175 -0.00889078 -0.00879908
 -0.00883784 -0.00875756 -0.00891851 -0.00875026 -0.00874451 -0.0089227
 -0.00878385 -0.00890031 -0.00866572 -0.00884622 -0.00879205 -0.00888644
 -0.00888187 -0.00899575 -0.00870206 -0.00864656 -0.00887483 -0.00883
 -0.00898284 -0.00883575 -0.00898233 -0.00889706 -0.00894768 -0.00882096
 -0.00878588 -0.0086971  -0.00902856 -0.00884887 -0.00885004 -0.00874159
 -0.00885744 -0.00901812 -0.00887989 -0.00865285 -0.00888066 -0.00875843
 -0.00900305 -0.00861979 -0.00902059 -0.00886081 -0.00902148 -0.00888044
 -0.00900323 -0.00877504 -0.00885933 -0.008889   -0.00887001 -0.00886922
 -0.00899612 -0.00897321 -0.00885226 -0.00895921 -0.00887099 -0.00892536
 -0.00864222 -0.00885443 -0.0089349  -0.00874752 -0.00882112 -0.00873467
 -0.00878575 -0.00892602 -0.00885755 -0.00882746 -0.00883767 -0.00888764
 -0.00879755 -0.00896724 -0.00893521 -0.00873576 -0.0088633  -0.00873503
 -0.0090256  -0.00880018 -0.00885981 -0.00884462 -0.00881225 -0.00880189
 -0.0090219  -0.0090101  -0.00877194 -0.00883177 -0.00889909 -0.00875328
 -0.00890082 -0.00877297 -0.00898244 -0.00880837 -0.00888847 -0.00881421
 -0.0089795  -0.00874286 -0.0089392  -0.00894655 -0.00884582 -0.00898573
 -0.00885389 -0.00885794 -0.00887314 -0.00886293 -0.00876572 -0.00887651
 -0.00898205 -0.00869005 -0.0091247  -0.00884634 -0.00872513 -0.00881137
 -0.00903483 -0.00893375 -0.00881191 -0.00896644 -0.00887032 -0.00890058
 -0.00886892 -0.00885069 -0.0087216  -0.00877227 -0.00884928 -0.00896869]"
Gail'S Artichokes(Appetizer)  ,"[""2 (6 oz.) jars marinated artichoke hearts"", ""1/2 c. corn flake crumbs"", ""1/2 tsp. Mrs. Dash seasoning"", ""1 c. Mozzarella cheese""]","[""Place artichoke hearts (with marinade) in shallow casserole or glass pie plate."", ""Combine corn flake crumbs and Mrs. Dash and sprinkle over artichokes."", ""Top with Mozzarella cheese and bake in a 350\u00b0 oven until hot, about 12 to 15 minutes."", ""Serve immediately.""]","[""corn flake crumbs"", ""seasoning"", ""mozzarella cheese""]","[-0.00913956 -0.00903108 -0.00893237 -0.00898212 -0.00877535 -0.00884342
 -0.00887863 -0.00871028 -0.00912266 -0.0090344  -0.00895631 -0.00924447
 -0.00904498 -0.00883193 -0.00910043 -0.0088766  -0.00912195 -0.0089809
 -0.00917503 -0.00894236 -0.00892471 -0.00925766 -0.00919995 -0.00881891
 -0.00886971 -0.0090183  -0.0091055  -0.00917409 -0.0088586  -0.00919365
 -0.00881934 -0.00885807 -0.00889758 -0.00934264 -0.00898223 -0.00901658
 -0.00898205 -0.0091196  -0.00911156 -0.00883373 -0.00921134 -0.00925201
 -0.00879817 -0.0090771  -0.00894481 -0.00901124 -0.00908021 -0.00920086
 -0.00904185 -0.00921049 -0.00883965 -0.00890203 -0.00905206 -0.0092187
 -0.00898694 -0.00866911 -0.00915442 -0.0092241  -0.00917906 -0.00914032
 -0.00910972 -0.00878035 -0.00898356 -0.00927818 -0.00920505 -0.00899415
 -0.00906212 -0.0087406  -0.00914228 -0.00886861 -0.0091513  -0.00904831
 -0.0089761  -0.0089403  -0.00907047 -0.00908358 -0.00885442 -0.00895809
 -0.008957   -0.00902816 -0.0091973  -0.00887934 -0.00890143 -0.00878662
 -0.00899567 -0.00882416 -0.00914148 -0.00902303 -0.00908824 -0.00877533
 -0.00918753 -0.00905034 -0.00898055 -0.00897182 -0.0091192  -0.009132
 -0.00909583 -0.0090505  -0.00910378 -0.00876519 -0.00880084 -0.00907446
 -0.0089474  -0.00877832 -0.00929909 -0.0089734  -0.00911237 -0.00896202
 -0.00903793 -0.00880491 -0.00903301 -0.00911265 -0.00884682 -0.00914394
 -0.00920991 -0.00914909 -0.00899369 -0.008898   -0.00920138 -0.00913405
 -0.00893148 -0.00905521 -0.00900744 -0.00877649 -0.00901137 -0.0090231
 -0.00908192 -0.00894268 -0.00888472 -0.00916173 -0.00903601 -0.00901761
 -0.00899112 -0.00917276 -0.00914773 -0.00881148 -0.00900131 -0.0092037
 -0.00901647 -0.00899992 -0.00911665 -0.00902633 -0.00895228 -0.00903619
 -0.00889488 -0.00903926 -0.00898207 -0.00895668 -0.00885228 -0.00921559
 -0.00901076 -0.0088469  -0.0093036  -0.00931116 -0.0091362  -0.00904415
 -0.00916781 -0.00885831 -0.00903235 -0.00907348 -0.00890674 -0.00892845
 -0.00904801 -0.00889902 -0.00904339 -0.00914366 -0.00908171 -0.00882504
 -0.00915202 -0.00884774 -0.00903284 -0.00887441 -0.00870387 -0.0090206
 -0.00894422 -0.00890089 -0.00900145 -0.00886084 -0.00898011 -0.00888147
 -0.00943006 -0.00894204 -0.00890266 -0.00912579 -0.00900153 -0.00929135
 -0.00882365 -0.00915989 -0.00893775 -0.00886549 -0.00917307 -0.00894426
 -0.00928159 -0.00904996 -0.00907205 -0.00900879 -0.00932675 -0.00910172
 -0.00889932 -0.00914976 -0.00903646 -0.00896082 -0.00897741 -0.00899304
 -0.00899579 -0.00910682 -0.00900233 -0.00910151 -0.00909305 -0.00884326
 -0.00906792 -0.00892375 -0.00883761 -0.00899379 -0.00901637 -0.00890977
 -0.00897609 -0.00908683 -0.00924938 -0.00911177 -0.00916007 -0.00878167
 -0.0093341  -0.00889573 -0.00910349 -0.0086116  -0.00891555 -0.00923787
 -0.00888157 -0.00878149 -0.0089017  -0.00908345 -0.00875875 -0.00916207
 -0.00910628 -0.00897729 -0.00903517 -0.00902163 -0.00889737 -0.00919318
 -0.0092488  -0.00894717 -0.00881514 -0.00917049 -0.00895526 -0.00903338
 -0.0090311  -0.00880038 -0.00905059 -0.00927352 -0.00917164 -0.0091627
 -0.00896948 -0.00912036 -0.00895728 -0.00915327 -0.00890549 -0.00904135
 -0.00899447 -0.0088535  -0.00866636 -0.00904221 -0.00872533 -0.0090528
 -0.00925539 -0.00917091 -0.00911389 -0.00894081 -0.00906288 -0.00899415
 -0.00913582 -0.00907496 -0.00921937 -0.00877423 -0.00918353 -0.00919162
 -0.00905023 -0.00896143 -0.00898353 -0.00912934 -0.00885888 -0.00891271
 -0.00928003 -0.00888804 -0.0094113  -0.00916752 -0.00893552 -0.00912228
 -0.00936548 -0.00906957 -0.00895463 -0.00876417 -0.00921452 -0.00936211
 -0.00884109 -0.00899837 -0.00888294 -0.0089118  -0.00909579 -0.00932688
 -0.00884214 -0.00913397 -0.00887687 -0.00884242 -0.00924337 -0.00896807
 -0.00890024 -0.00928224 -0.01037754 -0.00912248 -0.00909407 -0.00893989
 -0.00899141 -0.00929517 -0.00907302 -0.00927906 -0.00914902 -0.00889096
 -0.0091273  -0.00933572 -0.00879917 -0.00909552 -0.00899699 -0.00919182
 -0.0090388  -0.00922139 -0.00907676 -0.00885307 -0.00897278 -0.00927352
 -0.00892029 -0.00907541 -0.00879941 -0.00900992 -0.00913866 -0.00885228
 -0.00927538 -0.00901269 -0.00915556 -0.00919094 -0.00902476 -0.00906593
 -0.00899064 -0.00904833 -0.00910449 -0.00921868 -0.00900176 -0.00895471
 -0.00902834 -0.00914034 -0.00902989 -0.00913054 -0.00861782 -0.00910891
 -0.00889676 -0.00934086 -0.00896688 -0.00886865 -0.00886185 -0.00909739
 -0.00900356 -0.00901433 -0.00880401 -0.00895952 -0.00891302 -0.00878645
 -0.00901673 -0.00918255 -0.00875277 -0.0089939  -0.00923872 -0.00905931
 -0.00907094 -0.00905151 -0.00933124 -0.00913569 -0.00898807 -0.00911076
 -0.00906122 -0.00916924 -0.00904365 -0.00942597 -0.00901887 -0.00906778
 -0.00909471 -0.00901714 -0.00905529 -0.00903708 -0.00924267 -0.00924854
 -0.00903818 -0.00896603 -0.00895594 -0.00920752 -0.00941495 -0.0090396
 -0.00923574 -0.00909915 -0.0088896  -0.00893991 -0.00884991 -0.00892187
 -0.00902758 -0.00893738 -0.00894966 -0.00898174 -0.00895446 -0.00911058
 -0.00923075 -0.00912114 -0.00855208 -0.00905085 -0.00903105 -0.00899355
 -0.00924261 -0.00913647 -0.00899639 -0.00908903 -0.00903347 -0.00933898
 -0.0089862  -0.0092456  -0.0092389  -0.00895733 -0.00896045 -0.00868839
 -0.00906399 -0.00895475 -0.00915968 -0.00876693 -0.00912887 -0.00927961
 -0.00903895 -0.00904453 -0.00912132 -0.00893152 -0.00884584 -0.00891341
 -0.00913445 -0.0091168  -0.00895355 -0.00891642 -0.00884831 -0.00909982
 -0.00901312 -0.00923732 -0.00909469 -0.00893036 -0.00906007 -0.00888619
 -0.00905417 -0.00886442 -0.00912938 -0.00888711 -0.0088757  -0.00922735
 -0.00902583 -0.00892773 -0.00923493 -0.00897032 -0.00892969 -0.00914382
 -0.00896849 -0.00919604 -0.00891501 -0.00909485 -0.0091371  -0.00919735
 -0.00893036 -0.00912869 -0.00884967 -0.00891254 -0.00927257 -0.00867799
 -0.00911744 -0.0090277  -0.00907647 -0.00896084 -0.00913185 -0.00894996
 -0.00898386 -0.00895128 -0.00909026 -0.00893954 -0.00896431 -0.0092169
 -0.00914068 -0.00887694 -0.00906463 -0.00923615 -0.0091085  -0.00906682
 -0.00885917 -0.00908046 -0.00895488 -0.0090739  -0.00871116 -0.00909125
 -0.00919258 -0.00878133 -0.00898205 -0.00911475 -0.00914902 -0.00916838
 -0.00901184 -0.00922085 -0.00883008 -0.00898141 -0.00895702 -0.00910297
 -0.00913713 -0.00888355 -0.00888511 -0.00911164 -0.00884343 -0.00898183
 -0.00908638 -0.00888277 -0.00917193 -0.00937625 -0.00895226 -0.00919107
 -0.00909642 -0.00890409 -0.0090289  -0.0089794  -0.00909033 -0.00895759
 -0.00921454 -0.00909011 -0.00888809 -0.0089738  -0.00913677 -0.00876566
 -0.00894421 -0.00897583 -0.00925826 -0.00897462 -0.00909574 -0.00930419
 -0.00906065 -0.00904689 -0.00882117 -0.00873656 -0.00906039 -0.00902177
 -0.00903373 -0.00901034 -0.00905374 -0.00923717 -0.00911852 -0.00911135
 -0.00904995 -0.00906438 -0.00889039 -0.0089202  -0.00913473 -0.0090097
 -0.00913471 -0.00892957 -0.00912757 -0.00929156 -0.00901489 -0.0092205
 -0.0091046  -0.00909901 -0.00927903 -0.00902447 -0.00922834 -0.00903158
 -0.00904389 -0.00891179 -0.00886761 -0.0090848  -0.00895118 -0.00895248
 -0.00892851 -0.00902804 -0.00898074 -0.00921292 -0.00879648 -0.00904746
 -0.00890452 -0.00895967 -0.00903718 -0.00930991 -0.00889101 -0.00920284
 -0.00900072 -0.009064   -0.00919264 -0.00906496 -0.00879205 -0.00919668
 -0.00922127 -0.00884121 -0.00915525 -0.00886266 -0.00868312 -0.00907207
 -0.00893    -0.00901311 -0.00915163 -0.00884252 -0.00881599 -0.00895794
 -0.00913014 -0.00892852 -0.00920691 -0.00898318 -0.00906046 -0.00884411
 -0.0091512  -0.00887763 -0.0091339  -0.00935147 -0.00912018 -0.00900109
 -0.00902755 -0.00935614 -0.00860422 -0.00873866 -0.00908819 -0.00892961
 -0.00905751 -0.00920146 -0.00918731 -0.00879555 -0.00902499 -0.00896046
 -0.00894517 -0.00902157 -0.00889776 -0.00888339 -0.00923121 -0.00908436
 -0.00925503 -0.00913085 -0.00923805 -0.00881265 -0.00909835 -0.0089767
 -0.00901111 -0.00920454 -0.00901174 -0.00904181 -0.00882807 -0.00904165
 -0.00902784 -0.00892771 -0.00908099 -0.00882177 -0.00895486 -0.00885829
 -0.0089699  -0.00917264 -0.00867019 -0.00909251 -0.00903352 -0.00890086
 -0.00914725 -0.00927445 -0.00881935 -0.00892504 -0.00902351 -0.00913547
 -0.00902527 -0.00878963 -0.00909354 -0.009127   -0.00906124 -0.00938052
 -0.00920289 -0.00895123 -0.00922398 -0.00923371 -0.00912496 -0.00865668
 -0.00903872 -0.0091984  -0.00900234 -0.00900597 -0.00906337 -0.0089131
 -0.0091466  -0.00891455 -0.00903583 -0.00888069 -0.00917688 -0.00908748
 -0.00944984 -0.00900529 -0.00907712 -0.00897236 -0.00903293 -0.00909883
 -0.00922711 -0.00914466 -0.00906584 -0.00892683 -0.00889243 -0.00907632
 -0.00889929 -0.00915186 -0.00904282 -0.00894336 -0.00888592 -0.00916228
 -0.00893421 -0.00926189 -0.00913924 -0.0090061  -0.0091171  -0.00890737
 -0.00905822 -0.00898245 -0.00920272 -0.00906498 -0.00914215 -0.00893927
 -0.00932507 -0.00911859 -0.00910598 -0.00902476 -0.00893034 -0.00879778
 -0.00916613 -0.00905196 -0.00910406 -0.00912143 -0.00890017 -0.00890776
 -0.0091378  -0.00910154 -0.00915417 -0.00900487 -0.00907712 -0.0090757
 -0.00896445 -0.00885618 -0.00903866 -0.00906141 -0.00903039 -0.00904808
 -0.00899661 -0.00903925 -0.0090775  -0.00902518 -0.00894988 -0.00892024
 -0.00904327 -0.00884199 -0.00908695 -0.00902867 -0.00896054 -0.00904203
 -0.00923571 -0.00920123 -0.00936842 -0.00896454 -0.00903774 -0.00912733
 -0.00905124 -0.00905256 -0.00890423 -0.00900316 -0.00905948 -0.00903675]"
Orange Pepper Steaks,"[""4 beef tenderloin steaks (1 inch thick)"", ""2 tsp. coarse ground black pepper"", ""1/2 c. orange marmalade"", ""4 tsp. cider vinegar"", ""1/2 tsp. ground ginger""]","[""Press pepper into both sides of steaks."", ""Place steaks on rack in broiler pan so surface of meat is 2 to 3 inches from heat. Combine marmalade, vinegar and ginger."", ""Brush top of steaks with half of marmalade mixture."", ""Broil steaks 10 to 15 minutes, turning once and brushing with remaining marmalade mixture.""]","[""beef tenderloin"", ""orange marmalade"", ""ground ginger"", ""cider vinegar"", ""coarse ground black pepper""]","[-0.00926543 -0.00936327 -0.00952105 -0.00932241 -0.00930871 -0.00938113
 -0.00940778 -0.0092238  -0.00949417 -0.00947007 -0.00933873 -0.00924228
 -0.00937648 -0.00937414 -0.00930695 -0.00940152 -0.00935955 -0.00933744
 -0.00937037 -0.00924188 -0.0093013  -0.00955858 -0.0095095  -0.00939202
 -0.00930135 -0.00932963 -0.00942446 -0.00940652 -0.00939453 -0.00935634
 -0.0094219  -0.00940422 -0.00917121 -0.00944314 -0.00937207 -0.00957715
 -0.0092581  -0.00937493 -0.00957421 -0.00923799 -0.00943093 -0.00944557
 -0.00909985 -0.00943733 -0.00931317 -0.00953684 -0.00935566 -0.00941491
 -0.00944736 -0.0094869  -0.00929938 -0.00935513 -0.00953257 -0.00940627
 -0.00939799 -0.00921109 -0.00940775 -0.00947981 -0.00945845 -0.0094225
 -0.00940198 -0.00929663 -0.00944475 -0.00951117 -0.00952293 -0.00927252
 -0.00936259 -0.00918102 -0.00961163 -0.00937681 -0.00936447 -0.00939592
 -0.00942053 -0.00935373 -0.0092288  -0.00940927 -0.00942923 -0.00933995
 -0.00945394 -0.00933879 -0.00942378 -0.00940533 -0.00927856 -0.00927702
 -0.00947116 -0.00923781 -0.00947508 -0.00947335 -0.00948414 -0.00927169
 -0.00954005 -0.00925122 -0.00920916 -0.00925804 -0.00948684 -0.00947149
 -0.00934042 -0.00932114 -0.0092443  -0.00931668 -0.00945561 -0.00936851
 -0.009352   -0.00927218 -0.00966005 -0.00933237 -0.00958414 -0.0093588
 -0.0092515  -0.00934081 -0.00941198 -0.00945011 -0.00915388 -0.00936233
 -0.00963087 -0.00929568 -0.00945929 -0.00940128 -0.00941994 -0.00950337
 -0.00945138 -0.00926173 -0.00940865 -0.0090878  -0.00938064 -0.00948498
 -0.00944807 -0.00939189 -0.00943144 -0.00957246 -0.00937311 -0.00930968
 -0.00939912 -0.00945112 -0.00944952 -0.00929596 -0.00930898 -0.00947488
 -0.00934967 -0.00956462 -0.00956986 -0.00923627 -0.00932721 -0.0095337
 -0.00933753 -0.00950716 -0.00934794 -0.00932236 -0.00932435 -0.00935459
 -0.00932796 -0.00916458 -0.00959118 -0.00951168 -0.0094324  -0.00922182
 -0.00949688 -0.00947651 -0.00932032 -0.00945677 -0.00932764 -0.00938788
 -0.00935634 -0.00940706 -0.00931545 -0.00944948 -0.00953943 -0.00926666
 -0.00957215 -0.00914517 -0.00945466 -0.00922787 -0.00901991 -0.00949566
 -0.00935581 -0.00935751 -0.00945039 -0.00934523 -0.00939342 -0.00924024
 -0.00970336 -0.00953841 -0.00923486 -0.0095707  -0.0093888  -0.00953674
 -0.00934386 -0.00955434 -0.00916069 -0.0091335  -0.00963367 -0.00946774
 -0.00948622 -0.00943515 -0.00929468 -0.0094594  -0.00949987 -0.00934953
 -0.00934745 -0.00948932 -0.00934416 -0.00930476 -0.00927662 -0.00927058
 -0.00950947 -0.00931823 -0.00924445 -0.00955612 -0.00946146 -0.00928421
 -0.00945495 -0.00930957 -0.0091866  -0.00954406 -0.00943547 -0.00926446
 -0.00935875 -0.00941733 -0.00956646 -0.00951697 -0.00923081 -0.00934531
 -0.00966618 -0.00929866 -0.00953418 -0.00931218 -0.00952862 -0.00938475
 -0.00930348 -0.00915587 -0.00934016 -0.00947092 -0.00941615 -0.00939742
 -0.00947189 -0.00929313 -0.00934551 -0.00948947 -0.00930585 -0.00957404
 -0.00940331 -0.00942544 -0.00926927 -0.009493   -0.00940559 -0.00944018
 -0.00940465 -0.00932892 -0.00926874 -0.00955745 -0.00935808 -0.00943594
 -0.00927332 -0.00948645 -0.00927433 -0.00945551 -0.00937673 -0.0094232
 -0.00947607 -0.00926108 -0.00929009 -0.00941292 -0.00919481 -0.00948213
 -0.00938949 -0.00929376 -0.00947697 -0.00953108 -0.00935002 -0.00944758
 -0.00944923 -0.00925483 -0.00954697 -0.00934304 -0.00953648 -0.00963225
 -0.00950069 -0.00948367 -0.00939405 -0.00952039 -0.00933296 -0.00942045
 -0.00950262 -0.00938796 -0.00955528 -0.00963148 -0.00945683 -0.00950664
 -0.00964948 -0.00929821 -0.00927678 -0.00911884 -0.00949339 -0.00957929
 -0.00928333 -0.00943578 -0.00933585 -0.00917212 -0.00936166 -0.00955586
 -0.0092084  -0.00946091 -0.00941312 -0.00928617 -0.00930604 -0.00928622
 -0.0094708  -0.00943005 -0.0116115  -0.00950607 -0.00958634 -0.00947504
 -0.00932979 -0.00941768 -0.0096779  -0.0096998  -0.00944386 -0.00945502
 -0.00948452 -0.00941334 -0.00920823 -0.00942041 -0.00941824 -0.00948139
 -0.00940777 -0.00948612 -0.00944491 -0.00923347 -0.00929337 -0.00958096
 -0.00932839 -0.00935589 -0.0094006  -0.00930438 -0.00945889 -0.00927515
 -0.0095899  -0.00945653 -0.00949034 -0.00928952 -0.00937077 -0.0093544
 -0.00935645 -0.00939113 -0.00957943 -0.0095936  -0.00933086 -0.00926701
 -0.00933038 -0.00939359 -0.00953928 -0.0094937  -0.00918717 -0.00951633
 -0.00924511 -0.00957087 -0.00943485 -0.00925362 -0.00934795 -0.00930711
 -0.00928949 -0.00933802 -0.00942194 -0.00931592 -0.00926089 -0.0092965
 -0.00941829 -0.00962595 -0.00920309 -0.00950065 -0.00945094 -0.00930282
 -0.00950467 -0.00938153 -0.00943787 -0.00947587 -0.0093962  -0.00936424
 -0.00944772 -0.00942369 -0.00941712 -0.00964753 -0.00938728 -0.00953184
 -0.00957497 -0.00938697 -0.00941761 -0.00928924 -0.00938796 -0.00947124
 -0.00934802 -0.00930927 -0.0095242  -0.00944284 -0.00953684 -0.0094703
 -0.00958223 -0.00950389 -0.00924626 -0.0094882  -0.00930155 -0.0093236
 -0.00927648 -0.00916689 -0.00941872 -0.00941647 -0.00948822 -0.00946999
 -0.00939153 -0.00948443 -0.00914987 -0.00940023 -0.00943318 -0.00943967
 -0.00938856 -0.00941277 -0.0093227  -0.00947557 -0.0094119  -0.00958206
 -0.00927906 -0.00949034 -0.00944714 -0.00945421 -0.00932737 -0.00928342
 -0.00939889 -0.00937593 -0.00949514 -0.00928106 -0.0094223  -0.00940887
 -0.00945179 -0.00949278 -0.00936687 -0.00950905 -0.00941161 -0.00914393
 -0.00946078 -0.00945482 -0.00943435 -0.00926002 -0.00941959 -0.00946566
 -0.00951418 -0.00956605 -0.00947026 -0.00933696 -0.00941461 -0.00932997
 -0.00943356 -0.00920974 -0.00949236 -0.00912633 -0.00941044 -0.00932849
 -0.00937966 -0.00929731 -0.00942674 -0.00934822 -0.00943881 -0.00950255
 -0.00947809 -0.00966468 -0.00927512 -0.00941185 -0.00942927 -0.00955403
 -0.00929427 -0.00957375 -0.0092579  -0.00930765 -0.00950688 -0.00917854
 -0.00942682 -0.00944673 -0.00966196 -0.00931351 -0.00953997 -0.00946998
 -0.00936442 -0.00927087 -0.00946702 -0.00932944 -0.00937701 -0.00949186
 -0.00958917 -0.00935098 -0.00932675 -0.00957914 -0.00931292 -0.0092772
 -0.00939055 -0.0095303  -0.00946633 -0.00953723 -0.00922428 -0.00933482
 -0.00937562 -0.00936277 -0.00932031 -0.00947567 -0.00947702 -0.00942006
 -0.00931082 -0.00933019 -0.00923941 -0.00950157 -0.00932748 -0.00946595
 -0.00939766 -0.00920943 -0.00933251 -0.00927151 -0.00921975 -0.00950388
 -0.00953942 -0.00942704 -0.00947025 -0.00972873 -0.00920631 -0.00947532
 -0.0092835  -0.00914894 -0.00935442 -0.00939972 -0.00943655 -0.00925595
 -0.0095924  -0.00947932 -0.00936692 -0.00942263 -0.00945051 -0.00924993
 -0.00941759 -0.0094291  -0.0094791  -0.00937474 -0.00935276 -0.00938233
 -0.00949533 -0.00932588 -0.00920777 -0.00908367 -0.00962106 -0.00952773
 -0.00928771 -0.00932128 -0.00934944 -0.00951325 -0.00936504 -0.00946413
 -0.00954981 -0.00951148 -0.0094014  -0.00921036 -0.00936053 -0.00937927
 -0.00943145 -0.00937162 -0.00934364 -0.00961293 -0.00947257 -0.00963765
 -0.0094115  -0.00944069 -0.00958222 -0.00942444 -0.00946889 -0.00919946
 -0.00926606 -0.00922208 -0.00948457 -0.00955088 -0.00941911 -0.00956497
 -0.00922888 -0.00926422 -0.00929493 -0.00944173 -0.00909326 -0.00942733
 -0.00946481 -0.0094053  -0.00940617 -0.00968118 -0.0093773  -0.00940904
 -0.00944265 -0.00931731 -0.00966134 -0.00947401 -0.00942801 -0.00956413
 -0.00955879 -0.0093082  -0.0095823  -0.00926656 -0.00909513 -0.00938519
 -0.00928091 -0.00934933 -0.00953496 -0.00933394 -0.00934236 -0.00930891
 -0.00967432 -0.00930558 -0.00959534 -0.00918194 -0.00939734 -0.00942497
 -0.00948476 -0.00932416 -0.00944718 -0.00950593 -0.00952591 -0.00938304
 -0.00941233 -0.00952545 -0.00932829 -0.00916399 -0.00936261 -0.0094092
 -0.00940949 -0.00943934 -0.0094503  -0.00910165 -0.00927161 -0.00939983
 -0.00930145 -0.00940865 -0.00932409 -0.00928015 -0.00964403 -0.00939978
 -0.00954579 -0.00933212 -0.00959632 -0.00932873 -0.00944698 -0.0094861
 -0.00935715 -0.00935887 -0.00935898 -0.00947848 -0.00948938 -0.00938461
 -0.00938987 -0.00925612 -0.00959898 -0.00941588 -0.00925414 -0.00933391
 -0.00950627 -0.00960752 -0.00923498 -0.00956146 -0.00939303 -0.00942412
 -0.00938849 -0.00959708 -0.00917239 -0.00937137 -0.00949257 -0.00945297
 -0.00942752 -0.00935372 -0.00943252 -0.00937568 -0.00934654 -0.00960842
 -0.00944653 -0.00921258 -0.00960677 -0.00949994 -0.0094519  -0.00922206
 -0.00937963 -0.00953952 -0.00950164 -0.00919581 -0.0094155  -0.00930468
 -0.00956606 -0.00918533 -0.00948234 -0.00916612 -0.00951519 -0.0094345
 -0.00967551 -0.00948398 -0.00932217 -0.00932059 -0.00954626 -0.00948285
 -0.00961128 -0.0095226  -0.00955717 -0.00950126 -0.0094739  -0.00947705
 -0.0091394  -0.00953712 -0.00934778 -0.00930575 -0.00934697 -0.00946838
 -0.00937271 -0.00944164 -0.00936289 -0.00926823 -0.00944467 -0.00947993
 -0.00943116 -0.00934513 -0.0095788  -0.00943334 -0.00950419 -0.00928211
 -0.00959117 -0.00943821 -0.00952696 -0.00942561 -0.00922808 -0.00937493
 -0.00948092 -0.00953065 -0.00934828 -0.00946724 -0.00934247 -0.00933863
 -0.00952149 -0.00933118 -0.00945866 -0.00928137 -0.00943952 -0.00932102
 -0.00949817 -0.00923885 -0.00949942 -0.00959197 -0.00954514 -0.00945721
 -0.0093322  -0.00939807 -0.00947696 -0.00936225 -0.00923364 -0.00939158
 -0.00942369 -0.00935335 -0.00950299 -0.00930968 -0.009353   -0.00936881
 -0.00958423 -0.00932025 -0.00946546 -0.00942282 -0.00946076 -0.00936592
 -0.00931958 -0.00931735 -0.00933479 -0.00941112 -0.00936954 -0.00951675]"
Cheese Balls,"[""1 lb. hot Owens sausage (leave out to soften)"", ""1 lb. grated cheese"", ""4 c. Bisquick"", ""red pepper to taste""]","[""Mix all ingredients with your hands and roll into small balls. Roll each in paprika (optional)."", ""Bake for 10 minutes at 350\u00b0 (20 minutes if frozen)."", ""Will keep frozen.""]","[""bisquick"", ""grated cheese"", ""red pepper"", ""hot owens sausage""]","[-0.00864787 -0.0085496  -0.00866771 -0.00852439 -0.00868689 -0.00856862
 -0.00872536 -0.00843046 -0.00871652 -0.00861358 -0.0086475  -0.00854018
 -0.00861775 -0.00850084 -0.00859961 -0.00873856 -0.00856431 -0.00851726
 -0.00854973 -0.00852095 -0.0085117  -0.00872771 -0.00875165 -0.00869931
 -0.00845867 -0.00852492 -0.00874346 -0.00865106 -0.00859953 -0.00862115
 -0.00877956 -0.0086668  -0.00833948 -0.0085826  -0.00860544 -0.00879373
 -0.00855978 -0.00861327 -0.00879237 -0.0085848  -0.00851466 -0.00856131
 -0.00840054 -0.00869744 -0.00860376 -0.00865605 -0.00867318 -0.00855633
 -0.00871847 -0.00859243 -0.00862993 -0.00855986 -0.0086212  -0.00860203
 -0.00858005 -0.00855112 -0.00855109 -0.00865695 -0.00850001 -0.00863891
 -0.00866171 -0.00854532 -0.00860552 -0.00865449 -0.00877933 -0.00857224
 -0.008533   -0.00846195 -0.00875634 -0.00865617 -0.00862572 -0.00869928
 -0.00868267 -0.00870923 -0.00845643 -0.00864011 -0.00864449 -0.00853216
 -0.00859289 -0.00860109 -0.00868243 -0.00868569 -0.00833463 -0.00857918
 -0.00863755 -0.00847052 -0.00875759 -0.00868702 -0.0088284  -0.00841215
 -0.00876957 -0.00865244 -0.00852243 -0.00852802 -0.00868553 -0.00870255
 -0.00860773 -0.00855168 -0.00849581 -0.00849869 -0.00868266 -0.00867511
 -0.00857802 -0.00839575 -0.00880876 -0.00869847 -0.00869866 -0.00860438
 -0.0085787  -0.00864966 -0.00860693 -0.00866308 -0.0083959  -0.0084664
 -0.00880226 -0.00852331 -0.00860598 -0.00852471 -0.00873933 -0.00867086
 -0.00866211 -0.00862976 -0.00855462 -0.00847139 -0.00851527 -0.00879046
 -0.00874548 -0.00865463 -0.00862793 -0.00872856 -0.00858655 -0.00856628
 -0.00863248 -0.00860861 -0.00864026 -0.00854392 -0.00858322 -0.00857474
 -0.00846944 -0.0088267  -0.00869926 -0.00836515 -0.00855728 -0.00870233
 -0.00851625 -0.0087053  -0.00866678 -0.00848399 -0.00862405 -0.0085507
 -0.00860627 -0.00836981 -0.00877966 -0.00876637 -0.00847862 -0.00848117
 -0.00883684 -0.008642   -0.00865518 -0.00861709 -0.00858098 -0.00863319
 -0.00867178 -0.00864965 -0.00863863 -0.00859096 -0.00849742 -0.0084278
 -0.00874801 -0.00839207 -0.00861222 -0.00846362 -0.00826048 -0.0086271
 -0.0087253  -0.00859268 -0.00855547 -0.00858827 -0.00852675 -0.00852643
 -0.00889989 -0.00867255 -0.00846262 -0.00868332 -0.00863776 -0.00862818
 -0.00845559 -0.00883121 -0.00838794 -0.0085354  -0.00871085 -0.0086398
 -0.00862035 -0.00861207 -0.00848318 -0.00864766 -0.00864904 -0.00865507
 -0.00839538 -0.00877632 -0.00856688 -0.00849241 -0.00856282 -0.00857428
 -0.00868285 -0.00850409 -0.00849671 -0.00874213 -0.00866026 -0.00868186
 -0.00864693 -0.00848511 -0.00836533 -0.00873863 -0.00859623 -0.00863955
 -0.00854038 -0.00856363 -0.00873639 -0.0087375  -0.0084743  -0.00861018
 -0.00877987 -0.00851992 -0.00865627 -0.0084726  -0.00865153 -0.00854022
 -0.00853882 -0.00852244 -0.00871073 -0.0086578  -0.00867693 -0.00854449
 -0.00882776 -0.00848923 -0.00850206 -0.008664   -0.00856168 -0.00875328
 -0.00865215 -0.00858927 -0.00854753 -0.00864718 -0.00867296 -0.0086056
 -0.00855492 -0.00858717 -0.00849588 -0.0087942  -0.00853685 -0.0086062
 -0.00852898 -0.00870954 -0.00855592 -0.00870637 -0.00871612 -0.00865182
 -0.00853183 -0.00851526 -0.00856501 -0.00862414 -0.00830731 -0.00869909
 -0.00858145 -0.00844924 -0.00875954 -0.00865766 -0.0085781  -0.00865897
 -0.00860949 -0.00848277 -0.0084915  -0.00865845 -0.00866314 -0.00889048
 -0.00867277 -0.00862887 -0.00864315 -0.00880889 -0.00863915 -0.00860327
 -0.00879551 -0.00858795 -0.00853861 -0.00885723 -0.00868411 -0.00874116
 -0.00873429 -0.00860197 -0.00861066 -0.00836444 -0.00868361 -0.00883751
 -0.00856929 -0.00857898 -0.00863823 -0.00845896 -0.00854966 -0.00872436
 -0.00848024 -0.00851577 -0.00867575 -0.0085865  -0.00863887 -0.00847787
 -0.00863723 -0.00871065 -0.01098456 -0.00869278 -0.00867151 -0.00867667
 -0.00845369 -0.00854165 -0.00887999 -0.00885014 -0.00862532 -0.00863139
 -0.00871005 -0.00865577 -0.00862564 -0.00856806 -0.00859258 -0.00868505
 -0.00863177 -0.00868143 -0.00867139 -0.00853762 -0.00855679 -0.00877528
 -0.00846802 -0.00860208 -0.00880101 -0.0085111  -0.00861854 -0.008565
 -0.00879718 -0.00869815 -0.00869851 -0.00859686 -0.00862697 -0.00857383
 -0.00849427 -0.00864454 -0.00875176 -0.00877149 -0.00837968 -0.00855891
 -0.00846709 -0.0085814  -0.00872778 -0.00863224 -0.00844164 -0.0087761
 -0.00851927 -0.0087485  -0.00861984 -0.00852743 -0.00842652 -0.00860094
 -0.00861316 -0.00872211 -0.00860916 -0.00846778 -0.00842559 -0.0085017
 -0.00872345 -0.00881982 -0.00853805 -0.00859923 -0.00870349 -0.00851391
 -0.00864924 -0.00860237 -0.00867881 -0.00857493 -0.00859618 -0.00847156
 -0.00869802 -0.00878629 -0.0086605  -0.00889586 -0.00857232 -0.00862465
 -0.00863595 -0.00871984 -0.00853886 -0.00851669 -0.0086505  -0.00875948
 -0.0085986  -0.00850182 -0.00870231 -0.00862741 -0.0087301  -0.00877111
 -0.00887265 -0.00862006 -0.00853499 -0.00867116 -0.00853669 -0.00853952
 -0.00841787 -0.00839975 -0.00854701 -0.00863776 -0.00881987 -0.00868358
 -0.0086707  -0.00871003 -0.00845818 -0.00865675 -0.00867664 -0.0086097
 -0.00873085 -0.00866296 -0.0085112  -0.00862219 -0.00862589 -0.00860301
 -0.00854215 -0.00869302 -0.00872298 -0.00867589 -0.00847148 -0.00846427
 -0.00864275 -0.00865108 -0.00863033 -0.00857737 -0.00862007 -0.00871053
 -0.00860939 -0.00865402 -0.00851447 -0.00887439 -0.00848094 -0.00855784
 -0.00862085 -0.00863566 -0.00866096 -0.00854863 -0.00867939 -0.00860112
 -0.00876774 -0.00875157 -0.00871041 -0.0085384  -0.0085336  -0.00867002
 -0.00858555 -0.00857474 -0.00872676 -0.00834848 -0.00871731 -0.00856552
 -0.00855609 -0.00839228 -0.00865192 -0.00862628 -0.00853639 -0.00865094
 -0.00866048 -0.00881483 -0.00849587 -0.0086565  -0.00853976 -0.00876269
 -0.00854295 -0.00874655 -0.00850172 -0.00846778 -0.00865166 -0.00851844
 -0.00852672 -0.00861948 -0.00884458 -0.00852745 -0.00853395 -0.00874345
 -0.00864231 -0.00843179 -0.0087336  -0.00849526 -0.00852036 -0.00873007
 -0.00875432 -0.00865307 -0.00855826 -0.00873171 -0.00845891 -0.00864366
 -0.00854472 -0.00879765 -0.00876023 -0.0085843  -0.00842849 -0.00852227
 -0.00856115 -0.00857466 -0.00849729 -0.00870182 -0.00873049 -0.00872592
 -0.00861236 -0.00841472 -0.00845172 -0.0086744  -0.00868976 -0.00881001
 -0.00872885 -0.00854841 -0.00857006 -0.00867581 -0.00844376 -0.00869089
 -0.0086996  -0.00868226 -0.00862319 -0.00883952 -0.00866095 -0.00869613
 -0.00855672 -0.00845589 -0.00857634 -0.00859756 -0.00851995 -0.00858048
 -0.00869392 -0.00874759 -0.00855949 -0.00873349 -0.00857474 -0.00860472
 -0.00874412 -0.00867039 -0.00847192 -0.00862573 -0.00838563 -0.00859763
 -0.00862912 -0.008499   -0.00839494 -0.00830354 -0.00874412 -0.00868035
 -0.00857413 -0.0086596  -0.00848349 -0.00875581 -0.00873765 -0.00859147
 -0.00879427 -0.00867875 -0.00865099 -0.00840035 -0.00858232 -0.00859262
 -0.00865014 -0.00856933 -0.00855751 -0.00878297 -0.0086318  -0.00884217
 -0.00860947 -0.00868727 -0.00871575 -0.00872312 -0.00872869 -0.00844373
 -0.00844126 -0.00846713 -0.00869771 -0.00874118 -0.00874097 -0.00866372
 -0.00844091 -0.00846708 -0.00862442 -0.00859084 -0.00842603 -0.00864017
 -0.00868157 -0.00869541 -0.00860855 -0.0089204  -0.00862983 -0.00859548
 -0.0086879  -0.00850285 -0.00877524 -0.00867617 -0.00865554 -0.00871773
 -0.00886509 -0.00858766 -0.00880802 -0.00852435 -0.00838614 -0.00858675
 -0.00868421 -0.00860683 -0.00866126 -0.00846821 -0.00861528 -0.00857304
 -0.00885933 -0.00856963 -0.00873878 -0.00851417 -0.00847116 -0.00874202
 -0.0086433  -0.00853185 -0.00877752 -0.00870158 -0.00880334 -0.00860715
 -0.00863369 -0.00871803 -0.00863115 -0.0085682  -0.00864757 -0.00856992
 -0.00861938 -0.00870422 -0.00860552 -0.00833667 -0.00856312 -0.00862124
 -0.00853227 -0.00857011 -0.0086247  -0.00849638 -0.00881502 -0.00867371
 -0.00863185 -0.00853138 -0.00869972 -0.00863481 -0.00867247 -0.00872327
 -0.00846771 -0.00869502 -0.00859724 -0.00865795 -0.00867193 -0.00857373
 -0.00864226 -0.00852016 -0.00876703 -0.00859211 -0.00858049 -0.00854739
 -0.00862196 -0.0087791  -0.00858724 -0.00859191 -0.00868846 -0.00865744
 -0.00861888 -0.00863393 -0.0085662  -0.00862477 -0.00860937 -0.00862628
 -0.00874155 -0.00862177 -0.00876676 -0.00854419 -0.00861739 -0.00867748
 -0.00848784 -0.00841269 -0.00885257 -0.00866116 -0.00867816 -0.00860851
 -0.00863286 -0.00881879 -0.00864011 -0.0083405  -0.00867621 -0.00853857
 -0.00881965 -0.00834743 -0.00879272 -0.00849398 -0.00876331 -0.00862473
 -0.00877511 -0.0086056  -0.00852119 -0.00855817 -0.00863934 -0.00864825
 -0.00863546 -0.00874229 -0.00876839 -0.00874175 -0.00869558 -0.00859168
 -0.00838752 -0.00863246 -0.00857095 -0.00857457 -0.00860195 -0.00851583
 -0.00860666 -0.00859919 -0.00863682 -0.0085307  -0.00871195 -0.00868642
 -0.00852974 -0.00861308 -0.00871109 -0.0086198  -0.00858036 -0.00858461
 -0.00875921 -0.00859323 -0.00878515 -0.00861693 -0.00844989 -0.0085751
 -0.00861418 -0.00883438 -0.00860258 -0.00866096 -0.00850932 -0.00859297
 -0.00860424 -0.00861885 -0.00872075 -0.00854823 -0.0087179  -0.00862653
 -0.00885493 -0.00838362 -0.00874402 -0.00879079 -0.00875172 -0.00854359
 -0.00861655 -0.00868977 -0.0087055  -0.00873661 -0.00849289 -0.00868171
 -0.00860767 -0.0084933  -0.00882937 -0.00863822 -0.00854369 -0.00853887
 -0.00869057 -0.00866731 -0.00869349 -0.00866097 -0.00860675 -0.00860765
 -0.00855307 -0.00862045 -0.00851481 -0.00856381 -0.00856761 -0.00868559]"
English Pea Salad,"[""1 c. green peas, drained"", ""1 c. sharp Cheddar cheese, grated"", ""1/2 c. celery, diced"", ""1/4 c. onion, diced"", ""1 tsp. salt"", ""4 hard-boiled eggs, diced"", ""1/2 c. Miracle Whip salad dressing""]","[""Combine all ingredients."", ""Toss lightly."", ""Chill and serve on lettuce.""]","[""miracle"", ""eggs"", ""cheddar cheese"", ""onion"", ""celery"", ""green peas"", ""salt""]","[-0.00948755 -0.00951142 -0.0095627  -0.00950107 -0.00937557 -0.00950535
 -0.00943334 -0.00929598 -0.00957986 -0.0095193  -0.00953522 -0.00942339
 -0.00939924 -0.00955998 -0.00942108 -0.00948215 -0.00937921 -0.00933397
 -0.00933977 -0.00936992 -0.00951067 -0.00971716 -0.0094808  -0.00947942
 -0.00936234 -0.00947059 -0.0094076  -0.00943751 -0.00962858 -0.0096113
 -0.00953055 -0.00954527 -0.00920047 -0.0094272  -0.0093608  -0.00958505
 -0.00941335 -0.00951126 -0.00960233 -0.00940098 -0.009621   -0.00948069
 -0.0093192  -0.00950578 -0.00939096 -0.00958127 -0.00957956 -0.00933473
 -0.00959764 -0.00942152 -0.00952425 -0.00952129 -0.00930881 -0.00958372
 -0.00943001 -0.00927327 -0.00959734 -0.00942019 -0.00947593 -0.00945739
 -0.00944939 -0.00946571 -0.00950572 -0.00949268 -0.00944999 -0.00942011
 -0.00949868 -0.00936339 -0.009687   -0.00947652 -0.00948628 -0.00948624
 -0.00953753 -0.00940517 -0.00943283 -0.0096552  -0.00954163 -0.00939889
 -0.00946023 -0.00952258 -0.00944825 -0.00958481 -0.00939843 -0.00951254
 -0.0095114  -0.00931418 -0.00955237 -0.00945887 -0.00949802 -0.00941858
 -0.0095353  -0.00933542 -0.00942308 -0.00948839 -0.00947844 -0.00947869
 -0.00949533 -0.00936394 -0.00939715 -0.00954591 -0.0095293  -0.00949488
 -0.00943454 -0.00938509 -0.00959314 -0.00951657 -0.00959566 -0.00943718
 -0.00927496 -0.0094866  -0.00941883 -0.00950358 -0.00926709 -0.00948365
 -0.0096938  -0.00929887 -0.00944432 -0.00939337 -0.00955458 -0.00949061
 -0.00959896 -0.00935587 -0.00943503 -0.00934105 -0.00938184 -0.00949066
 -0.00965382 -0.00939104 -0.00938246 -0.00954284 -0.00933179 -0.00949359
 -0.0093661  -0.00946893 -0.00952165 -0.00941597 -0.0094218  -0.00950188
 -0.00932934 -0.00949892 -0.00964507 -0.00934424 -0.00950605 -0.00960388
 -0.00945412 -0.00944703 -0.00950824 -0.00935528 -0.00934693 -0.00947009
 -0.00941622 -0.0092368  -0.00972164 -0.00952734 -0.00944118 -0.0093627
 -0.00951762 -0.00943573 -0.00957227 -0.00953142 -0.00932627 -0.00938176
 -0.00943062 -0.00946196 -0.00949343 -0.00947164 -0.00953696 -0.00925029
 -0.00950516 -0.00930346 -0.00949977 -0.00940848 -0.00915025 -0.00948926
 -0.00955729 -0.00940505 -0.00950746 -0.00953054 -0.00941871 -0.00934107
 -0.00977456 -0.00942622 -0.00940314 -0.00967304 -0.00939046 -0.00951607
 -0.00933494 -0.0095948  -0.00925625 -0.00941402 -0.00957935 -0.00948355
 -0.00955896 -0.00948229 -0.00949139 -0.00941683 -0.00953239 -0.00935078
 -0.00936967 -0.0095634  -0.00933814 -0.0093408  -0.00940099 -0.0093328
 -0.00966133 -0.00952381 -0.00931789 -0.00953197 -0.00942761 -0.00941578
 -0.0095907  -0.0094688  -0.00924035 -0.00954278 -0.00939817 -0.00932402
 -0.00937494 -0.00957401 -0.00950711 -0.00956397 -0.0092977  -0.00952645
 -0.00968704 -0.00942874 -0.00957958 -0.00941562 -0.00943578 -0.00930381
 -0.00937454 -0.00935007 -0.00954309 -0.00962172 -0.00950867 -0.00938759
 -0.00955196 -0.00930438 -0.00953792 -0.00945132 -0.00934447 -0.00955666
 -0.00958711 -0.00954736 -0.00955834 -0.00954949 -0.00943539 -0.00951433
 -0.0095346  -0.00950327 -0.00939115 -0.0095626  -0.00931904 -0.0094728
 -0.00929885 -0.00944694 -0.00946054 -0.00946116 -0.0093981  -0.00949898
 -0.00935576 -0.009361   -0.00949858 -0.00924746 -0.00931414 -0.00959517
 -0.00940678 -0.00933843 -0.00962349 -0.00962311 -0.00945885 -0.00952444
 -0.00947855 -0.00948622 -0.00972181 -0.00948127 -0.00947907 -0.00962546
 -0.00943685 -0.00947945 -0.00952583 -0.00957432 -0.00949712 -0.00942225
 -0.00955172 -0.00949376 -0.00953759 -0.00975461 -0.00957137 -0.00958767
 -0.00954189 -0.00945059 -0.00941274 -0.00920686 -0.00960312 -0.00968765
 -0.00925089 -0.00955393 -0.0094105  -0.00933328 -0.00939782 -0.0095231
 -0.00935145 -0.00951388 -0.0095053  -0.00936222 -0.00944729 -0.00941378
 -0.00949722 -0.00957739 -0.01178025 -0.00959312 -0.00959351 -0.00948313
 -0.00948779 -0.00943709 -0.00963102 -0.00964356 -0.00953363 -0.00947685
 -0.00953413 -0.00948339 -0.00937508 -0.00944483 -0.00935301 -0.00954382
 -0.0096077  -0.00956469 -0.00958863 -0.0093059  -0.00938004 -0.00948999
 -0.00931739 -0.00944146 -0.00947811 -0.00952601 -0.0095273  -0.0094885
 -0.00967213 -0.00951251 -0.00945145 -0.00948899 -0.00939978 -0.00943158
 -0.0094961  -0.00961048 -0.00954933 -0.00951327 -0.00927178 -0.00933717
 -0.00936317 -0.00942562 -0.00943269 -0.00942854 -0.00937248 -0.00955289
 -0.0093569  -0.00961418 -0.00959733 -0.00924379 -0.00929763 -0.00938274
 -0.00948934 -0.00947431 -0.00956615 -0.00933214 -0.00933995 -0.00947277
 -0.00944439 -0.00964637 -0.00936697 -0.00958093 -0.00959332 -0.00955031
 -0.00956609 -0.00949519 -0.00961989 -0.00951202 -0.00955188 -0.00942884
 -0.00954225 -0.00967067 -0.00950783 -0.00973394 -0.00950623 -0.00957761
 -0.00966771 -0.00961718 -0.00937463 -0.00947092 -0.00944443 -0.00957734
 -0.00929569 -0.00935201 -0.00951191 -0.00955298 -0.009558   -0.009622
 -0.00966624 -0.00953615 -0.00936995 -0.00954431 -0.00944659 -0.0095294
 -0.00924931 -0.00933193 -0.009499   -0.0094759  -0.00950809 -0.00959505
 -0.00961433 -0.009512   -0.00946055 -0.00945647 -0.00930598 -0.00948674
 -0.00957231 -0.00936012 -0.00924779 -0.00963496 -0.0094733  -0.00955237
 -0.0093444  -0.00959711 -0.00966759 -0.00951087 -0.00941636 -0.00940448
 -0.00931446 -0.00951342 -0.00947364 -0.00950539 -0.00938874 -0.00936694
 -0.00939552 -0.00959511 -0.00953189 -0.00960237 -0.00953086 -0.00935493
 -0.00954725 -0.00951474 -0.0095976  -0.00939435 -0.00945393 -0.00945984
 -0.00958866 -0.00946666 -0.00967121 -0.00946764 -0.00941592 -0.00961083
 -0.00953797 -0.00935885 -0.00943605 -0.00935642 -0.00954254 -0.00950379
 -0.00943628 -0.00939086 -0.00949907 -0.00936811 -0.00936277 -0.00949115
 -0.00956316 -0.00969918 -0.00940064 -0.00933809 -0.00949346 -0.00960264
 -0.00937936 -0.00964811 -0.00946499 -0.00928197 -0.00960071 -0.00928128
 -0.00935864 -0.00951167 -0.00953497 -0.0093108  -0.0094587  -0.00946539
 -0.00951648 -0.00946013 -0.00958091 -0.00936273 -0.00946193 -0.00950207
 -0.00961608 -0.00943023 -0.00937894 -0.00970581 -0.00945959 -0.00918614
 -0.00948544 -0.00949293 -0.00948791 -0.00958646 -0.00933724 -0.00946031
 -0.00949708 -0.00948352 -0.00935966 -0.00954419 -0.00955302 -0.00951728
 -0.00940189 -0.0094869  -0.00935732 -0.00933272 -0.00940312 -0.00953703
 -0.00964452 -0.00946576 -0.0093968  -0.00945849 -0.00933805 -0.00958693
 -0.00963272 -0.00955157 -0.00950011 -0.00972417 -0.00927484 -0.00965895
 -0.00946962 -0.00934361 -0.00959671 -0.00947835 -0.00945984 -0.0093821
 -0.00967174 -0.00953878 -0.00948494 -0.00956594 -0.00946    -0.00941047
 -0.00934471 -0.00960417 -0.00937814 -0.00946021 -0.00943648 -0.00948894
 -0.0095283  -0.00932144 -0.00940648 -0.00928142 -0.00971155 -0.00967817
 -0.00933383 -0.00930804 -0.00943753 -0.00950169 -0.00956529 -0.00953184
 -0.00964549 -0.00955583 -0.00947346 -0.00935853 -0.00940798 -0.00946037
 -0.00953862 -0.00941627 -0.00930002 -0.00973661 -0.00956729 -0.00974308
 -0.00953922 -0.00945952 -0.00959998 -0.00937736 -0.00955542 -0.00931118
 -0.0093733  -0.0092717  -0.00951053 -0.00965443 -0.00932999 -0.009732
 -0.00941186 -0.00927672 -0.00947103 -0.00953314 -0.00938205 -0.00941816
 -0.00934191 -0.00946794 -0.00957154 -0.00977855 -0.00936822 -0.00945738
 -0.00949598 -0.00943362 -0.00965696 -0.00950328 -0.00953232 -0.00954961
 -0.00959531 -0.00944754 -0.00960617 -0.00936985 -0.00930537 -0.00950046
 -0.00942945 -0.00938189 -0.0095384  -0.00939376 -0.00956036 -0.00938731
 -0.00970544 -0.00957954 -0.00954111 -0.00929454 -0.0093919  -0.00957911
 -0.00957369 -0.00930958 -0.00954302 -0.00958878 -0.0096248  -0.00943604
 -0.00952941 -0.00947668 -0.00933391 -0.00929945 -0.0093919  -0.009454
 -0.00962107 -0.00947508 -0.00948403 -0.00925182 -0.00932245 -0.00956506
 -0.00938061 -0.00946143 -0.00944853 -0.00947371 -0.00966056 -0.00955889
 -0.00942955 -0.00947417 -0.009636   -0.0093493  -0.00955644 -0.00954518
 -0.00939998 -0.0094305  -0.00944939 -0.00953851 -0.00947419 -0.00945592
 -0.0094596  -0.00941883 -0.00950829 -0.00948767 -0.00932464 -0.00939923
 -0.00961687 -0.00957198 -0.00956483 -0.00958875 -0.00934035 -0.00949793
 -0.00944687 -0.00960886 -0.00933714 -0.00939331 -0.00953493 -0.00955113
 -0.00934014 -0.00941391 -0.0094735  -0.00943061 -0.00953515 -0.00964836
 -0.00943345 -0.00921361 -0.00962149 -0.00959063 -0.00954124 -0.00923465
 -0.00949132 -0.00975418 -0.00961939 -0.0093358  -0.00941001 -0.00946573
 -0.00978557 -0.00925547 -0.00952889 -0.00931839 -0.00954008 -0.00959587
 -0.00955601 -0.00954653 -0.00955289 -0.00953467 -0.00954634 -0.00949742
 -0.00971032 -0.00954967 -0.00971878 -0.00954599 -0.00949737 -0.00966219
 -0.00932526 -0.00954069 -0.00946782 -0.00939666 -0.00941497 -0.00959146
 -0.00934653 -0.00957076 -0.00950968 -0.0094599  -0.00956523 -0.00953878
 -0.00939629 -0.00928491 -0.00970862 -0.009462   -0.00954262 -0.00938847
 -0.0096155  -0.00948806 -0.00962858 -0.00947181 -0.00945079 -0.00946601
 -0.00941529 -0.0096271  -0.00946414 -0.00949232 -0.00939075 -0.00927039
 -0.00956706 -0.00936276 -0.00951693 -0.00927321 -0.00956643 -0.0094743
 -0.00963352 -0.00928313 -0.00961528 -0.00953125 -0.00953005 -0.00943016
 -0.00937814 -0.00942417 -0.00964148 -0.00958075 -0.00939939 -0.00947808
 -0.00950359 -0.00940101 -0.00971621 -0.00961876 -0.00934856 -0.00939941
 -0.00963532 -0.00940428 -0.00946443 -0.00955793 -0.00945009 -0.00940176
 -0.00931758 -0.00946682 -0.009462   -0.00949711 -0.0094994  -0.00938009]"
Martha Washington Balls,"[""2 boxes confectioners sugar"", ""1 can Eagle Brand condensed milk"", ""2 c. Angel Flake coconut"", ""2 c. chopped pecans"", ""2 sticks oleo"", ""1 tsp. vanilla"", ""1 large pkg. chocolate chips"", ""1 stick paraffin""]","[""Mix sifted powdered sugar, condensed milk, coconut, chopped pecans, oleo and vanilla."", ""Form into small balls; chill overnight. Melt large package chocolate chips and wax in top of double boiler over hot water."", ""Dip balls with toothpicks into mixture. Put on waxed paper to dry."", ""Makes 100 pieces or more.""]","[""paraffin"", ""oleo"", ""vanilla"", ""pecans"", ""angel"", ""confectioners sugar"", ""milk"", ""chocolate chips""]","[-0.0090965  -0.00894727 -0.00906039 -0.00907637 -0.00888279 -0.00892999
 -0.00880951 -0.00889772 -0.0091636  -0.00908553 -0.0089593  -0.00903817
 -0.00894724 -0.00892817 -0.00915461 -0.00892534 -0.00902075 -0.00901063
 -0.00908711 -0.00897415 -0.00901345 -0.00900927 -0.00914082 -0.0090978
 -0.00894017 -0.00883136 -0.00895699 -0.00911424 -0.00908852 -0.00879196
 -0.00905749 -0.00912392 -0.00879452 -0.00875481 -0.00901876 -0.0090096
 -0.00902606 -0.00889804 -0.00911205 -0.00889017 -0.00912314 -0.00909668
 -0.00880364 -0.00915826 -0.00893204 -0.0089003  -0.00906143 -0.00890151
 -0.00899417 -0.00918854 -0.00901161 -0.00895754 -0.00890884 -0.00875108
 -0.00908369 -0.00903601 -0.0089496  -0.00908154 -0.00889851 -0.00910202
 -0.00886193 -0.00897475 -0.00882226 -0.00903291 -0.00897762 -0.00902463
 -0.0088665  -0.00901856 -0.00896106 -0.00888043 -0.00895562 -0.00893029
 -0.00893609 -0.00906438 -0.00891397 -0.00887804 -0.00889407 -0.00890503
 -0.00894312 -0.00907654 -0.00887518 -0.00888282 -0.00894574 -0.00891194
 -0.00909458 -0.0089053  -0.00891532 -0.00892648 -0.00907419 -0.00888922
 -0.00913144 -0.00890769 -0.00913759 -0.00891501 -0.00900518 -0.00887817
 -0.00917312 -0.0089143  -0.00897945 -0.00895005 -0.00898682 -0.00900386
 -0.00897114 -0.00879435 -0.00924989 -0.00896862 -0.00890034 -0.00902122
 -0.00889161 -0.00906249 -0.00894389 -0.00908141 -0.00881269 -0.00910731
 -0.00905949 -0.0089209  -0.00894071 -0.00909519 -0.00897498 -0.00892177
 -0.0088737  -0.00896164 -0.00897692 -0.0088694  -0.00898361 -0.00897931
 -0.00907861 -0.00899923 -0.00902239 -0.00899478 -0.00904783 -0.00893046
 -0.00904136 -0.00895641 -0.00901368 -0.00894291 -0.00897025 -0.00882973
 -0.00883206 -0.00890291 -0.00887381 -0.00872649 -0.0090308  -0.0091331
 -0.00890205 -0.00903613 -0.00892258 -0.00896224 -0.00903313 -0.00891855
 -0.00890314 -0.00882492 -0.00904415 -0.00912211 -0.00907033 -0.00908428
 -0.00895433 -0.00886368 -0.00888367 -0.00887925 -0.0088403  -0.00885923
 -0.00900623 -0.0089767  -0.0090837  -0.00891706 -0.00891926 -0.00887435
 -0.00900514 -0.00909215 -0.00902793 -0.00891716 -0.00878453 -0.00878842
 -0.00903365 -0.0087673  -0.00898482 -0.00882688 -0.00901769 -0.00888653
 -0.00933565 -0.00890844 -0.00900399 -0.00916443 -0.00888829 -0.00895367
 -0.00881873 -0.00903194 -0.00885133 -0.0088492  -0.00904059 -0.00902104
 -0.00906559 -0.00893509 -0.00905193 -0.00906341 -0.00888838 -0.00914358
 -0.00889482 -0.00904614 -0.0088162  -0.00905318 -0.00883384 -0.00887084
 -0.00895492 -0.00895215 -0.00905656 -0.00900599 -0.00888221 -0.00904607
 -0.00914882 -0.00886934 -0.00883014 -0.00886015 -0.00891603 -0.00906039
 -0.00895375 -0.00898111 -0.00900074 -0.00895362 -0.00899183 -0.00889902
 -0.00903835 -0.00891314 -0.00916766 -0.00887728 -0.00900275 -0.00894555
 -0.00888675 -0.0089822  -0.00913268 -0.00905062 -0.00897932 -0.00902365
 -0.00902593 -0.00888933 -0.00899303 -0.00903613 -0.00895051 -0.00898107
 -0.00896218 -0.0089645  -0.00894649 -0.00880435 -0.00899372 -0.00882892
 -0.00881541 -0.00925983 -0.00883835 -0.00912819 -0.00888294 -0.00897847
 -0.00899203 -0.00903001 -0.0091523  -0.0091778  -0.00907139 -0.00897026
 -0.0088658  -0.0088858  -0.00903453 -0.00894352 -0.00878474 -0.0090227
 -0.00896501 -0.00894872 -0.00901304 -0.00906317 -0.00903713 -0.00888903
 -0.00899133 -0.008874   -0.00887942 -0.00898611 -0.00884569 -0.00899233
 -0.00888369 -0.00890141 -0.00892199 -0.00917656 -0.00909464 -0.00879855
 -0.00914198 -0.00894885 -0.00886395 -0.00910113 -0.00917994 -0.00922406
 -0.00905498 -0.00896459 -0.00896507 -0.00887377 -0.00889715 -0.00913464
 -0.00885293 -0.00895451 -0.00902546 -0.00886053 -0.00905148 -0.00889426
 -0.00912838 -0.00899508 -0.00894693 -0.0089363  -0.00872717 -0.00884458
 -0.00884333 -0.00893414 -0.01121628 -0.00891172 -0.00887823 -0.00904502
 -0.00885368 -0.00907793 -0.00885476 -0.0089772  -0.0091092  -0.00888503
 -0.00877547 -0.00889867 -0.00894766 -0.00895105 -0.00902306 -0.00895713
 -0.00901853 -0.00912095 -0.00910339 -0.00873342 -0.00903283 -0.00904169
 -0.00892746 -0.00906189 -0.00897078 -0.00898622 -0.00897663 -0.00890382
 -0.0092154  -0.00908992 -0.00898285 -0.00889096 -0.00893468 -0.00887841
 -0.00885879 -0.00919873 -0.00912603 -0.00897207 -0.00873543 -0.00893797
 -0.00892032 -0.00905402 -0.00904694 -0.00892609 -0.00897396 -0.00898944
 -0.00897879 -0.00899956 -0.00896071 -0.00891894 -0.0088769  -0.00889082
 -0.00884408 -0.00907482 -0.00899716 -0.00897903 -0.00888449 -0.00885856
 -0.00904429 -0.00920315 -0.00881528 -0.00888522 -0.00896896 -0.00873639
 -0.00905803 -0.00906435 -0.00908821 -0.00912459 -0.00898889 -0.00895409
 -0.00897996 -0.00897092 -0.00894106 -0.00946811 -0.00912751 -0.00898291
 -0.00912199 -0.00918527 -0.00891973 -0.00907985 -0.00893371 -0.00896898
 -0.00870864 -0.00884175 -0.00893513 -0.00895031 -0.00900873 -0.00904307
 -0.00911844 -0.00895366 -0.009165   -0.00885426 -0.00892916 -0.00891288
 -0.00876924 -0.00897057 -0.00895883 -0.00904796 -0.00892759 -0.0089418
 -0.00908903 -0.00904163 -0.00886767 -0.00893986 -0.00892504 -0.00894774
 -0.00925778 -0.00887334 -0.00884089 -0.00899262 -0.00895905 -0.00913887
 -0.00872948 -0.00907902 -0.00917093 -0.00906594 -0.00885469 -0.00896115
 -0.00891994 -0.0089439  -0.0091713  -0.00885213 -0.00905462 -0.00902168
 -0.00904268 -0.00899969 -0.00897703 -0.00919177 -0.00915728 -0.00899006
 -0.00889753 -0.00899782 -0.00895228 -0.00901236 -0.00897525 -0.00905089
 -0.00900006 -0.00905332 -0.00900302 -0.0087971  -0.00908838 -0.00913966
 -0.00921018 -0.00892025 -0.00889608 -0.00908851 -0.00898189 -0.00879994
 -0.00892472 -0.00889984 -0.00896806 -0.00902946 -0.00888162 -0.00884393
 -0.00889164 -0.00924667 -0.00899569 -0.00918972 -0.0090493  -0.00891032
 -0.00906172 -0.00912483 -0.00893218 -0.00895375 -0.00894353 -0.00878885
 -0.00884445 -0.00893451 -0.00908222 -0.00908153 -0.00887677 -0.00908605
 -0.00894366 -0.00883351 -0.00904595 -0.00881711 -0.00901405 -0.00906003
 -0.00890976 -0.00878643 -0.0089415  -0.00906322 -0.00911667 -0.009048
 -0.00879375 -0.0087924  -0.00921251 -0.00902135 -0.00884952 -0.00876516
 -0.00889898 -0.0090024  -0.00909397 -0.00901112 -0.00905755 -0.00895392
 -0.00877722 -0.00899935 -0.00876474 -0.00899243 -0.00898832 -0.0090935
 -0.0091012  -0.0088737  -0.0090737  -0.00907421 -0.00899718 -0.00900205
 -0.00911529 -0.00899259 -0.00894233 -0.00899234 -0.00893365 -0.0090923
 -0.00882791 -0.00882827 -0.0088976  -0.00895634 -0.008897   -0.00914391
 -0.00915106 -0.00909518 -0.00887439 -0.00895267 -0.00891261 -0.0089601
 -0.00929231 -0.00912622 -0.00893849 -0.00894463 -0.00897985 -0.00880566
 -0.00907021 -0.00900235 -0.00887572 -0.00897269 -0.00910666 -0.00903989
 -0.00903293 -0.00879874 -0.00892536 -0.00910689 -0.0091876  -0.00898389
 -0.00887451 -0.00890098 -0.00892964 -0.0087202  -0.00871003 -0.00887208
 -0.00893813 -0.00893786 -0.00885926 -0.00904869 -0.00890353 -0.00920047
 -0.00906911 -0.0090812  -0.00900632 -0.00904582 -0.0091089  -0.00877431
 -0.00905053 -0.00902638 -0.00904608 -0.00893403 -0.00892059 -0.00886763
 -0.0088724  -0.00885433 -0.00908687 -0.00900093 -0.0088639  -0.00907994
 -0.00917096 -0.00899332 -0.00892139 -0.00911648 -0.00898358 -0.00908912
 -0.00888243 -0.00868171 -0.0092261  -0.00911145 -0.00896155 -0.00904634
 -0.00906502 -0.00911314 -0.00903134 -0.00894876 -0.00890353 -0.00896958
 -0.00898423 -0.00886731 -0.00901993 -0.00880559 -0.00905684 -0.00893996
 -0.00921815 -0.00889775 -0.0091134  -0.00895427 -0.00890134 -0.00884939
 -0.00904516 -0.00901524 -0.00894901 -0.00909723 -0.0091452  -0.00893998
 -0.00914494 -0.00923915 -0.00886491 -0.00893073 -0.00905017 -0.00892713
 -0.00885184 -0.00908197 -0.00901339 -0.00892328 -0.0090855  -0.00891638
 -0.00885969 -0.00892485 -0.0087965  -0.00897091 -0.00917561 -0.00905926
 -0.00911208 -0.00890729 -0.00894095 -0.00904186 -0.00900677 -0.00888336
 -0.0089086  -0.00890275 -0.00879008 -0.00902391 -0.00908823 -0.00892162
 -0.008932   -0.00879542 -0.00904463 -0.00898794 -0.009007   -0.0090526
 -0.00904385 -0.00902556 -0.00898147 -0.00898809 -0.00891475 -0.00897667
 -0.00906467 -0.00927915 -0.00882365 -0.00885898 -0.00883576 -0.00891128
 -0.00906937 -0.00903996 -0.00907907 -0.00903085 -0.00902547 -0.00895199
 -0.00903918 -0.0088517  -0.0089883  -0.00906082 -0.00902959 -0.00913887
 -0.00886613 -0.0090521  -0.0089679  -0.00885601 -0.00893116 -0.00886519
 -0.0089636  -0.00895346 -0.00911244 -0.00899331 -0.0091627  -0.00903602
 -0.00886978 -0.00904519 -0.00889614 -0.00914636 -0.00899397 -0.00887341
 -0.0089602  -0.00921935 -0.00882469 -0.00911752 -0.00899002 -0.00897599
 -0.00894972 -0.00891188 -0.00891351 -0.00897158 -0.00892125 -0.00893536
 -0.00887563 -0.00898142 -0.00906921 -0.00894045 -0.00908533 -0.00895496
 -0.00879132 -0.00893322 -0.00913298 -0.00923135 -0.00899333 -0.00891005
 -0.00923648 -0.00891901 -0.00909806 -0.00896399 -0.00886428 -0.00877162
 -0.0089834  -0.00909193 -0.00895589 -0.00897653 -0.00887889 -0.00898449
 -0.00904335 -0.00891838 -0.0091046  -0.00887831 -0.00887055 -0.00897305
 -0.00897591 -0.00880183 -0.00886286 -0.00899731 -0.00885883 -0.0090238
 -0.00887659 -0.00893709 -0.00911963 -0.00906693 -0.00896622 -0.00896336
 -0.0089833  -0.00907297 -0.00922294 -0.00896744 -0.00897028 -0.00892872
 -0.00892072 -0.0089079  -0.0088052  -0.00896048 -0.0090232  -0.00899257
 -0.00888994 -0.00917206 -0.0088985  -0.00900977 -0.00889095 -0.00891229]"
Chicken Soup,"[""3 to 4 carrots, thinly sliced"", ""1 box frozen peas or green beans"", ""6 potatoes, cut in chunks"", ""1 Tbsp. onion flakes or powder"", ""3 to 4 bouillon cubes"", ""water to cover"", ""2 c. chicken or 1 bag Schawn's"", ""1 can cream of chicken soup"", ""1 can cream of mushroom soup"", ""1 can chicken and rice soup""]","[""Parboil first 6 ingredients."", ""Add chicken and soups."", ""Heat. If too thick, add more water.""]","[""potatoes"", ""cream of chicken soup"", ""cream of mushroom soup"", ""bouillon cubes"", ""onion"", ""water"", ""carrots"", ""chicken"", ""frozen peas""]","[-0.00938196 -0.00949303 -0.00950989 -0.00935091 -0.00931983 -0.00936373
 -0.00941661 -0.00922044 -0.00950459 -0.00945334 -0.00936439 -0.00932736
 -0.00934803 -0.00944994 -0.00946768 -0.00955519 -0.00924173 -0.00932202
 -0.00930115 -0.00930259 -0.00938636 -0.00959674 -0.00954841 -0.00946729
 -0.00933807 -0.00932409 -0.00947552 -0.00938765 -0.00938409 -0.00935399
 -0.00946191 -0.0094801  -0.00913302 -0.00939224 -0.00935108 -0.00953329
 -0.00928292 -0.0093848  -0.0095483  -0.00926228 -0.00939198 -0.0093601
 -0.00918834 -0.00950249 -0.00934938 -0.00940833 -0.009404   -0.00936295
 -0.00955584 -0.00949178 -0.00945214 -0.00934854 -0.00944868 -0.00937518
 -0.00931527 -0.00931591 -0.00936885 -0.00931312 -0.00946956 -0.00935182
 -0.00928227 -0.00934848 -0.00940726 -0.00940674 -0.00938852 -0.00936384
 -0.00931035 -0.00931786 -0.00952551 -0.00931594 -0.00938782 -0.00938732
 -0.0094891  -0.00939109 -0.00925492 -0.00945749 -0.00934297 -0.0093355
 -0.0093782  -0.00938232 -0.00940627 -0.00944878 -0.00933168 -0.00935613
 -0.00947869 -0.00931967 -0.00951007 -0.00948983 -0.00956199 -0.00924696
 -0.00952273 -0.00929548 -0.0093786  -0.00936756 -0.00947275 -0.00944521
 -0.0094851  -0.00931634 -0.00928182 -0.00945748 -0.00951985 -0.00946647
 -0.00943072 -0.00926437 -0.00950448 -0.00944726 -0.00950111 -0.00946228
 -0.009279   -0.00941742 -0.00931841 -0.00944466 -0.00912576 -0.00938033
 -0.00956011 -0.00924767 -0.00947968 -0.0093473  -0.00946316 -0.00940328
 -0.00950342 -0.00933136 -0.00939461 -0.0091754  -0.00927328 -0.00946515
 -0.00945189 -0.00939774 -0.00937228 -0.00951839 -0.00927733 -0.00929704
 -0.00932336 -0.00935231 -0.0094865  -0.00930709 -0.00936079 -0.00937028
 -0.00932761 -0.00960502 -0.00944635 -0.00917169 -0.00935085 -0.00954659
 -0.0093907  -0.00949585 -0.00942831 -0.00935308 -0.00935537 -0.00936466
 -0.00937122 -0.00918585 -0.00956942 -0.00955433 -0.00938636 -0.00932774
 -0.0094965  -0.00945875 -0.00947335 -0.00944788 -0.0092437  -0.00934883
 -0.00941596 -0.00941038 -0.00948729 -0.00939889 -0.00939624 -0.00921129
 -0.00942105 -0.00925706 -0.00946117 -0.00935756 -0.00903981 -0.00941743
 -0.00938943 -0.00936401 -0.00942752 -0.00938227 -0.00932683 -0.00920454
 -0.00968864 -0.00943181 -0.00929704 -0.00953641 -0.00935088 -0.00944132
 -0.0092721  -0.00953614 -0.00914993 -0.0092254  -0.00955865 -0.00943105
 -0.00942335 -0.00944132 -0.00932649 -0.00944456 -0.00944427 -0.00941101
 -0.00919422 -0.00953226 -0.00928936 -0.00933941 -0.00930989 -0.0092347
 -0.0095724  -0.00935074 -0.0092477  -0.00949069 -0.00945409 -0.00939875
 -0.00954631 -0.00929561 -0.00912058 -0.00949444 -0.00933225 -0.00935924
 -0.0093453  -0.00944187 -0.00952326 -0.0094513  -0.00931861 -0.00944161
 -0.00961074 -0.00930718 -0.00957631 -0.00932194 -0.00944312 -0.00929478
 -0.00932567 -0.00931876 -0.00953719 -0.00946172 -0.00943888 -0.00928262
 -0.00955274 -0.00925612 -0.00936818 -0.0093701  -0.00939814 -0.00950298
 -0.00947275 -0.00944836 -0.0093805  -0.00939752 -0.00941791 -0.0093428
 -0.00936954 -0.00943776 -0.0092835  -0.0094666  -0.00927622 -0.00942108
 -0.00922419 -0.00947025 -0.00938806 -0.00938684 -0.0093945  -0.00946243
 -0.0092695  -0.00923786 -0.00942669 -0.00931788 -0.00915752 -0.00953243
 -0.00933285 -0.00921139 -0.00951141 -0.00957248 -0.00938672 -0.00941857
 -0.00945382 -0.00937457 -0.00946442 -0.00939859 -0.00953136 -0.00960268
 -0.00944021 -0.00932418 -0.00941455 -0.00956887 -0.00936741 -0.00940919
 -0.00958388 -0.00935034 -0.00934235 -0.00966779 -0.00957546 -0.00950241
 -0.00955522 -0.00934597 -0.00931114 -0.00914098 -0.00945737 -0.00955968
 -0.00923427 -0.00940658 -0.00935975 -0.00926713 -0.00944176 -0.0094876
 -0.00924177 -0.00942253 -0.00947257 -0.0093657  -0.00933556 -0.00934807
 -0.00945311 -0.00947499 -0.01172038 -0.00953286 -0.00945889 -0.0093871
 -0.0093993  -0.00938985 -0.00962957 -0.00962754 -0.00941118 -0.00935618
 -0.00945354 -0.00943728 -0.00931601 -0.00939872 -0.00940471 -0.00956912
 -0.00945701 -0.00941112 -0.00942711 -0.00919705 -0.0093413  -0.00951607
 -0.00927059 -0.00935141 -0.00956396 -0.00929362 -0.00946222 -0.00933824
 -0.00963173 -0.0094148  -0.00938697 -0.00933755 -0.009404   -0.0093269
 -0.00933249 -0.00948633 -0.00950779 -0.00949939 -0.0091454  -0.00924082
 -0.00922049 -0.0093851  -0.00948269 -0.00939176 -0.00930724 -0.00946574
 -0.00925555 -0.00954393 -0.00944305 -0.00926184 -0.00920222 -0.00934511
 -0.00940336 -0.00942267 -0.00942567 -0.00922074 -0.00925995 -0.00932851
 -0.00939765 -0.00956908 -0.00931406 -0.0094904  -0.00950742 -0.00937842
 -0.00960444 -0.00947443 -0.00948338 -0.00954697 -0.00940161 -0.00928676
 -0.00951398 -0.00953766 -0.00932989 -0.009726   -0.00942468 -0.00938989
 -0.00957105 -0.00953092 -0.00937028 -0.00939565 -0.00934024 -0.00949837
 -0.0092578  -0.00933022 -0.00946188 -0.00938522 -0.00946921 -0.0095748
 -0.00961789 -0.00941866 -0.00925934 -0.00942479 -0.00925465 -0.00934934
 -0.00926353 -0.00911159 -0.00943604 -0.00946459 -0.0095284  -0.00942157
 -0.00957455 -0.00947535 -0.00932228 -0.00940924 -0.00931137 -0.00950844
 -0.00954686 -0.00938085 -0.00926424 -0.00943077 -0.00942101 -0.0094438
 -0.00924982 -0.00950857 -0.00953168 -0.0094297  -0.009265   -0.00936484
 -0.00942013 -0.00927531 -0.00938485 -0.00935312 -0.00936169 -0.00946842
 -0.00937638 -0.00945807 -0.00935848 -0.0095495  -0.00936353 -0.00928524
 -0.0095104  -0.0094428  -0.00943479 -0.00935989 -0.00944526 -0.00943469
 -0.00962838 -0.00947842 -0.00948601 -0.0093261  -0.00932002 -0.00942526
 -0.00955708 -0.0093783  -0.00956754 -0.00915173 -0.00939089 -0.00943998
 -0.00925396 -0.00928833 -0.00934008 -0.00942329 -0.00937199 -0.00935275
 -0.00957587 -0.0097215  -0.00929692 -0.00951672 -0.00936167 -0.00951904
 -0.00938132 -0.00960775 -0.00933946 -0.00923051 -0.00941793 -0.00920994
 -0.00937562 -0.00937519 -0.00959974 -0.00932143 -0.00937217 -0.00946879
 -0.00940491 -0.00929975 -0.00953111 -0.00938206 -0.0094287  -0.00944277
 -0.00962002 -0.00940571 -0.00934239 -0.0095602  -0.00935125 -0.00929589
 -0.00939895 -0.00941864 -0.00945451 -0.00952916 -0.00927901 -0.00928002
 -0.00940052 -0.0093985  -0.00931212 -0.00948045 -0.00941761 -0.00947104
 -0.0094239  -0.00923869 -0.00923246 -0.00939239 -0.00954864 -0.00955198
 -0.00952382 -0.00930651 -0.00930934 -0.0092729  -0.00929562 -0.00948582
 -0.00955145 -0.00956124 -0.00940137 -0.00958461 -0.00935895 -0.00964583
 -0.0094883  -0.0092203  -0.00942028 -0.00934094 -0.00937564 -0.00936903
 -0.00955711 -0.00953123 -0.00939751 -0.00951905 -0.0094383  -0.00935037
 -0.00937997 -0.00958276 -0.00933603 -0.00932123 -0.00931579 -0.00928227
 -0.00940925 -0.00926634 -0.00925213 -0.0091708  -0.00962082 -0.0094524
 -0.00930886 -0.00936527 -0.00931622 -0.00952873 -0.00947433 -0.00938177
 -0.00950354 -0.00954295 -0.00940244 -0.00930945 -0.00918193 -0.00934486
 -0.00939967 -0.00934191 -0.00931331 -0.00960081 -0.00947951 -0.00968767
 -0.00950181 -0.00943488 -0.00954524 -0.00937358 -0.00944743 -0.0092145
 -0.00927785 -0.00926295 -0.00943959 -0.00948475 -0.00939823 -0.00948596
 -0.00927165 -0.00929312 -0.0094035  -0.00938769 -0.00932436 -0.00938329
 -0.00939876 -0.00941915 -0.00941501 -0.00972399 -0.00940454 -0.0092991
 -0.00940098 -0.0092824  -0.00958036 -0.00941851 -0.00942532 -0.00954861
 -0.00957335 -0.00938998 -0.00960766 -0.00929032 -0.00922775 -0.00939356
 -0.0093362  -0.00923272 -0.00943714 -0.00928339 -0.00947724 -0.00932173
 -0.00963414 -0.00941036 -0.00952135 -0.0093862  -0.00934911 -0.00950877
 -0.00954156 -0.00930466 -0.00948447 -0.00949928 -0.00960367 -0.0093524
 -0.0094373  -0.00959564 -0.00936959 -0.00929308 -0.00945177 -0.00938891
 -0.00942117 -0.00956084 -0.00943843 -0.00908377 -0.00929241 -0.00957134
 -0.00934256 -0.00936317 -0.00937298 -0.00929048 -0.00963475 -0.00946856
 -0.00943494 -0.00938649 -0.00956116 -0.00937319 -0.00942645 -0.00949106
 -0.00932097 -0.00948216 -0.00933175 -0.00951659 -0.00951867 -0.00948816
 -0.00938104 -0.00931052 -0.00964298 -0.009427   -0.00928544 -0.00934986
 -0.00946194 -0.00964218 -0.00943333 -0.00943097 -0.00947882 -0.00944585
 -0.00941916 -0.00950893 -0.00921291 -0.00940563 -0.00942194 -0.00937911
 -0.00939747 -0.00941409 -0.00943415 -0.00933188 -0.00944862 -0.00954744
 -0.00927779 -0.00918009 -0.0096475  -0.00947419 -0.00946151 -0.00930417
 -0.00949774 -0.00966033 -0.00943679 -0.00918699 -0.00944708 -0.00931717
 -0.00964317 -0.00920404 -0.0095104  -0.00922766 -0.00952878 -0.00939889
 -0.00958479 -0.00945674 -0.00929411 -0.00933229 -0.00950488 -0.00943104
 -0.00953419 -0.00949354 -0.00947812 -0.00951453 -0.00945988 -0.00948083
 -0.00922246 -0.00943642 -0.00942836 -0.00945048 -0.00937709 -0.00950029
 -0.0093434  -0.00942581 -0.00945267 -0.00934325 -0.00950788 -0.00951838
 -0.00940758 -0.00932326 -0.00963193 -0.00939742 -0.00945761 -0.00934548
 -0.0095313  -0.00934021 -0.00950191 -0.00948101 -0.00927743 -0.00943197
 -0.00935211 -0.0095235  -0.00934596 -0.00941113 -0.00931151 -0.00928325
 -0.00942853 -0.00946774 -0.00955832 -0.0093205  -0.00946727 -0.00930222
 -0.00956812 -0.00916676 -0.00952735 -0.00958943 -0.00941903 -0.00929063
 -0.00930515 -0.00935883 -0.00943607 -0.00951275 -0.00926643 -0.00936754
 -0.00937347 -0.00932542 -0.00969326 -0.00952052 -0.00930647 -0.00929807
 -0.00949168 -0.00941786 -0.00933575 -0.00947839 -0.00940048 -0.00933725
 -0.00930699 -0.00930042 -0.0093482  -0.00936642 -0.00943327 -0.00941518]"
Carrot Cake,"[""1 3/4 c. sugar"", ""4 eggs"", ""1 tsp. salt"", ""2 tsp. baking powder"", ""3 c. grated carrots"", ""1 1/2 c. oil"", ""2 c. plain flour"", ""2 tsp. soda"", ""2 tsp. cinnamon"", ""1/2 c. grated nuts""]","[""Mix sugar and oil; cream until fluffy."", ""Add eggs, one at a time."", ""Sift flour, baking powder, soda, salt and cinnamon together."", ""Stir into first mixture; mix well."", ""Add carrots and nuts."", ""Pour into 2 well oiled and floured pans."", ""Bake at 350\u00b0 for 30 to 40 minutes."", ""Cool and frost.""]","[""oil"", ""baking powder"", ""sugar"", ""eggs"", ""cinnamon"", ""soda"", ""flour"", ""nuts"", ""carrots"", ""salt""]","[-0.01015275 -0.01010404 -0.01005541 -0.00999033 -0.01009793 -0.00990872
 -0.00993596 -0.00987581 -0.01011601 -0.01003025 -0.01007149 -0.0101087
 -0.00997737 -0.01001592 -0.01012638 -0.01018608 -0.01003485 -0.0098542
 -0.00997996 -0.00995946 -0.0099601  -0.01021818 -0.01020753 -0.01011823
 -0.00988865 -0.0099696  -0.01012286 -0.01001972 -0.01007397 -0.01001801
 -0.01019919 -0.01014756 -0.00970272 -0.00999063 -0.00999443 -0.01025864
 -0.01001966 -0.01006896 -0.01024195 -0.00986718 -0.01003392 -0.01006652
 -0.00982829 -0.01013262 -0.01002234 -0.01010969 -0.01011606 -0.00995213
 -0.01013197 -0.01008893 -0.01005922 -0.01000301 -0.0100679  -0.00996906
 -0.00999402 -0.01005321 -0.00993479 -0.00997142 -0.0100231  -0.01003577
 -0.01010682 -0.01005184 -0.01002589 -0.01021503 -0.0101082  -0.01000089
 -0.00989364 -0.00988662 -0.01027017 -0.01007115 -0.010018   -0.01003921
 -0.01012164 -0.01007754 -0.00997251 -0.01012067 -0.00998376 -0.01001212
 -0.010106   -0.00994813 -0.01007983 -0.01012706 -0.00981595 -0.00994165
 -0.01010072 -0.0099096  -0.01006366 -0.01011269 -0.01018466 -0.00984685
 -0.0101461  -0.01004817 -0.01005547 -0.00998937 -0.01007889 -0.01005942
 -0.01019477 -0.0099411  -0.01001778 -0.01005111 -0.01018923 -0.01019196
 -0.01014244 -0.00988485 -0.01026051 -0.01009479 -0.01003864 -0.01014321
 -0.00992309 -0.010173   -0.01007011 -0.01010078 -0.00982151 -0.0099272
 -0.01018236 -0.00981242 -0.01007853 -0.00999322 -0.01016635 -0.01000253
 -0.01006996 -0.01004034 -0.00999066 -0.00987852 -0.00995637 -0.01007368
 -0.01018943 -0.01011859 -0.01004066 -0.01007148 -0.01001167 -0.01000581
 -0.01006518 -0.01017183 -0.01011896 -0.01003725 -0.010039   -0.00995825
 -0.00985618 -0.01019396 -0.01011756 -0.00982684 -0.01001226 -0.01017837
 -0.00993027 -0.01007935 -0.01013175 -0.00997217 -0.00999895 -0.01000427
 -0.01004046 -0.00972008 -0.01023759 -0.01032002 -0.00993378 -0.00999229
 -0.01015429 -0.01005142 -0.01022395 -0.0099941  -0.00993742 -0.01003165
 -0.0101321  -0.0099148  -0.01013804 -0.00995584 -0.00991104 -0.0098055
 -0.01006691 -0.00994535 -0.01014086 -0.00993726 -0.00968759 -0.00998287
 -0.00998478 -0.00994578 -0.00998219 -0.01008554 -0.01002864 -0.0099445
 -0.01033167 -0.00998983 -0.00994755 -0.01018003 -0.01000839 -0.01006985
 -0.00988264 -0.01026942 -0.00981055 -0.00991643 -0.0102405  -0.01005556
 -0.01001918 -0.01009123 -0.01001002 -0.0101021  -0.01000304 -0.0100447
 -0.00982198 -0.01015247 -0.00989485 -0.00999426 -0.00990468 -0.00992804
 -0.01015479 -0.00994111 -0.00998198 -0.01013737 -0.01009622 -0.01008582
 -0.01016811 -0.00989903 -0.00982691 -0.01016444 -0.01002828 -0.01006418
 -0.00995054 -0.01005    -0.01021638 -0.01011726 -0.00998034 -0.01004535
 -0.01019785 -0.01003066 -0.01013824 -0.00992991 -0.0100683  -0.01001347
 -0.00996124 -0.01005656 -0.01018491 -0.01012634 -0.01016322 -0.00995585
 -0.01023669 -0.00988059 -0.00999152 -0.01010434 -0.010073   -0.01013748
 -0.01015911 -0.00995694 -0.01002015 -0.01006334 -0.01014101 -0.00997221
 -0.01003116 -0.01005454 -0.00993355 -0.01012553 -0.00994392 -0.0100688
 -0.00995939 -0.01015643 -0.01005323 -0.01003942 -0.01007479 -0.01014788
 -0.00994532 -0.00988971 -0.01004635 -0.01001391 -0.00971211 -0.01020061
 -0.00998328 -0.00988266 -0.01025206 -0.01017604 -0.00993733 -0.01002295
 -0.01015829 -0.01003893 -0.00999026 -0.01011073 -0.01010653 -0.01027684
 -0.01009965 -0.01002165 -0.01000142 -0.01022683 -0.01012381 -0.0100574
 -0.01037323 -0.01005646 -0.00995095 -0.0102323  -0.01014818 -0.01022156
 -0.01018638 -0.01002116 -0.01006396 -0.00976669 -0.01013692 -0.01021462
 -0.00988066 -0.01000501 -0.01005382 -0.0099535  -0.01008943 -0.01002438
 -0.00998433 -0.0099427  -0.01013928 -0.01003945 -0.00996514 -0.00990077
 -0.01005245 -0.01013321 -0.01222018 -0.01013938 -0.01016262 -0.0101674
 -0.01002966 -0.01001545 -0.01020362 -0.01016446 -0.01013675 -0.01005369
 -0.01001087 -0.010105   -0.00994134 -0.01003018 -0.00999998 -0.01020579
 -0.01002999 -0.01019402 -0.01009181 -0.00996816 -0.01007713 -0.01018751
 -0.00994239 -0.01010172 -0.01014026 -0.00995813 -0.01001131 -0.01003872
 -0.01033644 -0.0100954  -0.01004752 -0.01003621 -0.00998014 -0.01007234
 -0.0100277  -0.01011824 -0.01018759 -0.01020341 -0.00978355 -0.00987859
 -0.00978156 -0.01004709 -0.0100702  -0.01002428 -0.00993881 -0.01012791
 -0.00990102 -0.01017742 -0.0100597  -0.00987483 -0.00984378 -0.00995118
 -0.01002449 -0.01017347 -0.01003982 -0.00987328 -0.00983327 -0.00996115
 -0.01008493 -0.01024771 -0.00996548 -0.01016694 -0.01005567 -0.00995026
 -0.01024406 -0.01001472 -0.01014365 -0.01021544 -0.01008418 -0.00999205
 -0.01012519 -0.01031857 -0.01008881 -0.01035567 -0.01016858 -0.01003213
 -0.01017983 -0.01022167 -0.00994926 -0.0101157  -0.01006353 -0.01019302
 -0.00993354 -0.00992528 -0.01016141 -0.00997283 -0.01015003 -0.01031282
 -0.01028542 -0.01003267 -0.01003751 -0.01006386 -0.00996143 -0.00997116
 -0.00982873 -0.00987393 -0.00997082 -0.01006289 -0.01021277 -0.01003026
 -0.01021138 -0.01001124 -0.00992768 -0.01005597 -0.00999108 -0.01010944
 -0.01026177 -0.01009526 -0.00994993 -0.01015187 -0.01008888 -0.0101119
 -0.00983612 -0.01008405 -0.0101385  -0.01010245 -0.01001334 -0.00993818
 -0.00994691 -0.00994245 -0.01011516 -0.00994727 -0.01000432 -0.01004975
 -0.00997242 -0.01010088 -0.0100351  -0.01025903 -0.00998392 -0.00998418
 -0.01001847 -0.01011114 -0.01021326 -0.01005802 -0.01008092 -0.01012401
 -0.01023765 -0.01017879 -0.01008686 -0.0098924  -0.01000836 -0.0100817
 -0.01014569 -0.00995324 -0.01006053 -0.00982727 -0.01011406 -0.01010438
 -0.00999468 -0.00994055 -0.01001593 -0.01000793 -0.00989644 -0.01011592
 -0.01009896 -0.01026318 -0.00999016 -0.01011323 -0.00998861 -0.01013964
 -0.01000704 -0.01024143 -0.01002145 -0.00988942 -0.01008963 -0.00992033
 -0.00996618 -0.01006027 -0.01027364 -0.0099823  -0.00998142 -0.01008973
 -0.01010692 -0.00992828 -0.01020296 -0.01000278 -0.01005504 -0.01010526
 -0.01023634 -0.01007515 -0.00998544 -0.01019551 -0.00993237 -0.01003051
 -0.00995517 -0.01007918 -0.01020496 -0.0100152  -0.00987267 -0.0098668
 -0.01006293 -0.01007206 -0.01000421 -0.01016757 -0.01016848 -0.0102262
 -0.01004952 -0.00988926 -0.00987424 -0.01007029 -0.01019081 -0.0102493
 -0.0101644  -0.00998778 -0.00992496 -0.01005465 -0.00989209 -0.01005991
 -0.01021399 -0.01017369 -0.00997533 -0.01029948 -0.01002409 -0.01026647
 -0.01008491 -0.00984442 -0.01001487 -0.00998967 -0.01000467 -0.01000904
 -0.01016242 -0.01016312 -0.0099826  -0.0101754  -0.01001439 -0.01002154
 -0.01016082 -0.01018036 -0.01007009 -0.01001877 -0.00990467 -0.00996693
 -0.01010333 -0.00987598 -0.00990153 -0.00983637 -0.0103704  -0.01003967
 -0.00994626 -0.01002169 -0.00995935 -0.01033953 -0.0102123  -0.01004041
 -0.01016785 -0.01017933 -0.01012361 -0.00985063 -0.00990353 -0.00991269
 -0.01008533 -0.00996603 -0.01000368 -0.01026105 -0.01003433 -0.01036844
 -0.01021537 -0.01018552 -0.01018377 -0.01010051 -0.01018376 -0.00988163
 -0.00984685 -0.00987747 -0.0100382  -0.01019435 -0.01005022 -0.0101313
 -0.0099231  -0.00992316 -0.01003711 -0.01005631 -0.00987308 -0.0100632
 -0.01009821 -0.01006432 -0.00997947 -0.01038332 -0.01006024 -0.01005229
 -0.01003153 -0.0098732  -0.01022735 -0.010048   -0.01007738 -0.0101425
 -0.01026864 -0.01002441 -0.01021174 -0.00998807 -0.00987991 -0.00999461
 -0.01003384 -0.00996445 -0.01003427 -0.00993399 -0.01013448 -0.00998694
 -0.01030841 -0.01000092 -0.01016744 -0.00996347 -0.00981275 -0.01022686
 -0.01015437 -0.01001036 -0.01009471 -0.01017003 -0.01023302 -0.01002735
 -0.01012317 -0.01011642 -0.01003724 -0.00989855 -0.01008324 -0.00997651
 -0.01003349 -0.01020533 -0.01006758 -0.00977467 -0.00999734 -0.01011346
 -0.00993045 -0.00997395 -0.00995544 -0.00990788 -0.01029246 -0.01002231
 -0.0099767  -0.00996754 -0.01018832 -0.01001655 -0.01013154 -0.01008845
 -0.00986663 -0.0101404  -0.01002068 -0.01019905 -0.01019387 -0.01007627
 -0.00998206 -0.01000552 -0.01025317 -0.01004828 -0.00989503 -0.0100483
 -0.01007367 -0.01022406 -0.01009404 -0.01002728 -0.01012835 -0.01003985
 -0.01012537 -0.01026303 -0.00982964 -0.01002683 -0.01003687 -0.01005082
 -0.01007028 -0.01015144 -0.01016757 -0.0100177  -0.01006631 -0.01009433
 -0.00999962 -0.00989891 -0.0102814  -0.01001626 -0.01009879 -0.00994119
 -0.01002714 -0.01027471 -0.0100476  -0.00984813 -0.01004528 -0.00988755
 -0.01029215 -0.00982648 -0.0101828  -0.00996191 -0.01020389 -0.0099879
 -0.01015261 -0.01003691 -0.0098991  -0.01002299 -0.01006037 -0.01018207
 -0.01016858 -0.01013181 -0.01000653 -0.01015183 -0.01016103 -0.01009386
 -0.00988082 -0.01009039 -0.01004408 -0.0100941  -0.01003997 -0.00995056
 -0.00993642 -0.01005677 -0.01010038 -0.01006236 -0.01015801 -0.01006192
 -0.00996886 -0.01005009 -0.01020284 -0.01018328 -0.0100749  -0.00993373
 -0.01020464 -0.0100386  -0.01019458 -0.01008364 -0.00993176 -0.00994843
 -0.01013566 -0.01025447 -0.01000378 -0.01015045 -0.00992379 -0.00994798
 -0.01014079 -0.01008439 -0.01019298 -0.00990875 -0.01012645 -0.01001882
 -0.01019327 -0.00991317 -0.01015037 -0.01026546 -0.01007829 -0.00993066
 -0.01003735 -0.0100978  -0.01010049 -0.01016206 -0.00994347 -0.01011846
 -0.01002798 -0.01003041 -0.01049391 -0.01009419 -0.00994285 -0.00986645
 -0.01016733 -0.01015174 -0.01001928 -0.01011826 -0.00997121 -0.0100108
 -0.00994554 -0.01009431 -0.01000567 -0.00998599 -0.01002631 -0.0100493 ]"
Carrot Soup,"[""1 tsp. canola oil"", ""1 onion, chopped"", ""1 stalk celery, chopped"", ""1 clove garlic minced"", ""3 c. defatted (skimmed) reduced sodium chicken stock"", ""1 lb. carrots (6 medium), peeled and chopped"", ""1 3/4 inch piece ginger root, peeled and cut into thin slices"", ""1/4 to 1/2 tsp. red pepper flakes"", ""2 Tbsp. fresh lime juice"", ""1 1/2 Tbsp. reduced sodium soy sauce"", ""1 1/2 Tbsp. smooth peanut butter"", ""3 tsp. sugar"", ""1 tsp. sesame oil"", ""1 c. skim milk"", ""salt and pepper to taste""]","[""In large saucepan, heat oil over medium."", ""Add onions, celery and garlic."", ""Saute until soft, about 5 minutes."", ""Add chicken stock, carrots, ginger and red pepper flakes and bring to a boil. Reduce heat to low and simmer, covered, until carrots are very tender (20 to 30 minutes)."", ""Pour mixture through a strainer set over a large bowl. Transfer solids to a food processor or blender and add lime juice, soy sauce, peanut butter, sugar and sesame oil."", ""Puree, adding cooking liquid as needed to make a smooth consistency."", ""Transfer to puree to any cooking liquid left in bowl and stir in milk."", ""Cover and refrigerate until chilled at least 1 hour."", ""Garnish portion with scallions.""]","[""smooth peanut butter"", ""sugar"", ""soy sauce"", ""red pepper"", ""onion"", ""canola oil"", ""celery"", ""sesame oil"", ""ginger root"", ""carrots"", ""lime juice"", ""milk"", ""garlic"", ""chicken stock"", ""salt""]","[-0.01197277 -0.0119702  -0.01199005 -0.01179524 -0.01187938 -0.01171629
 -0.01183981 -0.01165277 -0.01193888 -0.01189558 -0.01184847 -0.01182429
 -0.01181485 -0.01190151 -0.01187308 -0.01198766 -0.01183877 -0.01177374
 -0.01182833 -0.01175252 -0.01176639 -0.01205919 -0.0120074  -0.01193371
 -0.01171926 -0.01179339 -0.01193484 -0.01186699 -0.01194483 -0.01188774
 -0.01202904 -0.01196308 -0.01160334 -0.01183274 -0.01186908 -0.01206633
 -0.01179571 -0.01184546 -0.01201976 -0.0117503  -0.01186411 -0.01177637
 -0.01162673 -0.012003   -0.01179322 -0.01190416 -0.01190469 -0.01176415
 -0.01204115 -0.01186953 -0.01196111 -0.0117859  -0.01190458 -0.01188249
 -0.01180885 -0.0118339  -0.01173026 -0.01180891 -0.01187779 -0.01187116
 -0.01190171 -0.01186694 -0.01186506 -0.01194013 -0.01184604 -0.01176407
 -0.01179347 -0.0116911  -0.01213319 -0.01178661 -0.01183278 -0.01189037
 -0.0119479  -0.01188251 -0.01177417 -0.01194763 -0.0117747  -0.01188066
 -0.01192894 -0.01177259 -0.01183408 -0.01194745 -0.01177013 -0.01186855
 -0.01193412 -0.01174254 -0.01197524 -0.01189321 -0.01202622 -0.01171653
 -0.01197539 -0.01180507 -0.01184906 -0.0118752  -0.01188515 -0.01191517
 -0.01195155 -0.01178662 -0.01177023 -0.01191146 -0.01203455 -0.01197459
 -0.01191653 -0.01178932 -0.01207572 -0.01185148 -0.01196403 -0.01198527
 -0.01176264 -0.01187959 -0.01183637 -0.01183801 -0.01158866 -0.01177221
 -0.01203535 -0.01167263 -0.01196925 -0.01177212 -0.01195919 -0.01183971
 -0.0119393  -0.011779   -0.01182731 -0.01168221 -0.01182626 -0.01191904
 -0.01201923 -0.01192163 -0.01178415 -0.01197712 -0.01183213 -0.01177422
 -0.01182492 -0.01192943 -0.0119483  -0.0118249  -0.01187725 -0.01179397
 -0.01168305 -0.01209352 -0.011951   -0.01165828 -0.01177027 -0.01198525
 -0.01182502 -0.01195508 -0.01195383 -0.0117912  -0.0117958  -0.01181004
 -0.0117833  -0.01151304 -0.01208833 -0.01209376 -0.01178498 -0.01181493
 -0.01192003 -0.01194404 -0.01192299 -0.01191832 -0.01177502 -0.01182983
 -0.01188435 -0.01184471 -0.01194456 -0.01181927 -0.011831   -0.01173619
 -0.01190039 -0.01175725 -0.01190756 -0.01181835 -0.01148565 -0.01179322
 -0.01177013 -0.01176028 -0.01180688 -0.01184258 -0.0118145  -0.01172077
 -0.0121654  -0.01182101 -0.01175811 -0.01203604 -0.01180862 -0.01192827
 -0.01166394 -0.01211144 -0.01158672 -0.01170661 -0.01206915 -0.01194565
 -0.01186019 -0.01189649 -0.01173208 -0.01191026 -0.01191562 -0.01180792
 -0.01161728 -0.01195958 -0.01168559 -0.01180378 -0.01171804 -0.01177467
 -0.01202419 -0.01176584 -0.01176903 -0.01197213 -0.01187991 -0.01179492
 -0.01201587 -0.01176122 -0.01162271 -0.01206367 -0.01173607 -0.01191842
 -0.01175491 -0.01188489 -0.01194423 -0.01193136 -0.01177192 -0.01194977
 -0.01204367 -0.01177819 -0.01202968 -0.01179435 -0.01188759 -0.01184442
 -0.01177186 -0.01182489 -0.01194989 -0.01191318 -0.01192591 -0.01174475
 -0.01207403 -0.01172207 -0.01181262 -0.01182845 -0.01188579 -0.01193355
 -0.01189    -0.01182887 -0.01193403 -0.01184333 -0.01191519 -0.01180317
 -0.01182641 -0.01189606 -0.01173678 -0.01195702 -0.01168262 -0.0118267
 -0.01170959 -0.01197035 -0.01185444 -0.01192937 -0.01184302 -0.01194731
 -0.01174117 -0.01165799 -0.01194156 -0.01175384 -0.01160922 -0.01198352
 -0.01177591 -0.01165284 -0.01196747 -0.01202957 -0.01182796 -0.01187889
 -0.01192349 -0.01186263 -0.01187663 -0.01189941 -0.01197908 -0.01212479
 -0.01188691 -0.01189465 -0.01189406 -0.01206923 -0.01192529 -0.0118478
 -0.01218032 -0.01181041 -0.01177389 -0.01210849 -0.01196957 -0.01205309
 -0.01198133 -0.01186261 -0.0119138  -0.01165591 -0.01195604 -0.01196858
 -0.01172199 -0.01182943 -0.01189402 -0.01171212 -0.01195308 -0.01192909
 -0.01173159 -0.01185376 -0.01193003 -0.01186274 -0.01186631 -0.01175532
 -0.01193771 -0.01193361 -0.01410435 -0.01192652 -0.01194359 -0.01191495
 -0.01182067 -0.01183697 -0.01215121 -0.01205736 -0.01190614 -0.01180697
 -0.01185626 -0.01188014 -0.01179139 -0.01182395 -0.01181614 -0.012007
 -0.01187509 -0.01195397 -0.01187986 -0.01167286 -0.01180976 -0.01200089
 -0.01181352 -0.01182552 -0.01203757 -0.0117693  -0.01194723 -0.01176427
 -0.01210687 -0.01190738 -0.01186288 -0.01185343 -0.01189933 -0.0117911
 -0.01184152 -0.01195061 -0.0120304  -0.01197366 -0.01157901 -0.01171506
 -0.01168521 -0.01184173 -0.01185602 -0.01185903 -0.01179692 -0.01193981
 -0.01168918 -0.01196529 -0.01192092 -0.01171822 -0.01169739 -0.01181998
 -0.01195628 -0.01198222 -0.01191524 -0.01164956 -0.01172133 -0.01185329
 -0.01189328 -0.01208394 -0.01176484 -0.01196513 -0.01193818 -0.01175054
 -0.01211419 -0.01189272 -0.01196744 -0.0119954  -0.01184504 -0.01187488
 -0.01196635 -0.01209829 -0.01181876 -0.01217092 -0.01189386 -0.01188858
 -0.01202488 -0.01199976 -0.01180275 -0.0119111  -0.01188956 -0.01201214
 -0.01170876 -0.01170675 -0.01199418 -0.01182087 -0.01188692 -0.01214497
 -0.01209546 -0.01189682 -0.01175948 -0.01197958 -0.01172249 -0.0117791
 -0.011681   -0.01167512 -0.01180938 -0.01190343 -0.0120273  -0.01183776
 -0.01203219 -0.01194152 -0.0118144  -0.01195652 -0.01181555 -0.01195181
 -0.0120435  -0.01184937 -0.01171045 -0.01193379 -0.01190285 -0.01182644
 -0.01175744 -0.01194195 -0.01195409 -0.01186026 -0.01179388 -0.01180618
 -0.01176523 -0.01170099 -0.01193623 -0.01178551 -0.0117842  -0.01185719
 -0.01184493 -0.01194806 -0.01184018 -0.01205703 -0.01183086 -0.01178309
 -0.01194745 -0.01190763 -0.01198546 -0.01182812 -0.01199007 -0.01195409
 -0.01208307 -0.01194847 -0.011949   -0.01174286 -0.01182465 -0.01189179
 -0.01191818 -0.01183692 -0.01195084 -0.01162322 -0.01187386 -0.01187047
 -0.01180118 -0.01171535 -0.01177872 -0.01187021 -0.01181718 -0.01187726
 -0.01208753 -0.01211671 -0.01176932 -0.01189765 -0.01183936 -0.01200941
 -0.0118274  -0.01206133 -0.01179854 -0.01177668 -0.01189629 -0.01182258
 -0.01174438 -0.01187527 -0.01207592 -0.01180037 -0.01186436 -0.01194365
 -0.01186567 -0.01174959 -0.01201238 -0.01184022 -0.01189568 -0.01186188
 -0.01204024 -0.01186761 -0.01179627 -0.0120084  -0.01177546 -0.0118352
 -0.01183367 -0.0119172  -0.01203249 -0.0119545  -0.01170706 -0.01174507
 -0.01191627 -0.01192876 -0.01175663 -0.01192758 -0.01197702 -0.0118809
 -0.01187544 -0.01166024 -0.01171831 -0.01188284 -0.0120512  -0.01202172
 -0.0119328  -0.01179124 -0.0117469  -0.01183135 -0.01170764 -0.01192992
 -0.01204315 -0.01202723 -0.01182305 -0.01207828 -0.01185199 -0.01213855
 -0.01195532 -0.01168063 -0.01185352 -0.01181155 -0.01185436 -0.01182666
 -0.01199851 -0.01204874 -0.0118051  -0.01198398 -0.01176424 -0.01182878
 -0.01186327 -0.01201288 -0.01178188 -0.0118195  -0.01170561 -0.01176189
 -0.01179751 -0.01166597 -0.0116706  -0.01164022 -0.01219479 -0.01186861
 -0.01177948 -0.01188702 -0.01176007 -0.01205049 -0.01197015 -0.01179786
 -0.01199636 -0.01197806 -0.01186351 -0.01165451 -0.01171372 -0.01178572
 -0.01183611 -0.01182659 -0.01183309 -0.01208537 -0.01191173 -0.01220406
 -0.01191271 -0.01196445 -0.01199797 -0.01184306 -0.01194688 -0.01163825
 -0.01172288 -0.01164818 -0.01184419 -0.01203024 -0.01196864 -0.01202971
 -0.01167381 -0.01175003 -0.01182246 -0.01182378 -0.01175748 -0.01185531
 -0.01190635 -0.01190165 -0.01182422 -0.01218953 -0.01184192 -0.01190794
 -0.01189555 -0.01164272 -0.01197666 -0.01190082 -0.01190126 -0.01196454
 -0.01207244 -0.01185707 -0.01207584 -0.01178664 -0.01170362 -0.01180719
 -0.01190647 -0.01185633 -0.01189504 -0.01174574 -0.01201689 -0.01180207
 -0.0121026  -0.01188281 -0.01199506 -0.01173995 -0.01166117 -0.01197566
 -0.01197108 -0.01172255 -0.0119223  -0.01196024 -0.01205429 -0.01186708
 -0.01194715 -0.0119775  -0.01189496 -0.01181239 -0.0119367  -0.01180038
 -0.01191795 -0.01200682 -0.01185702 -0.0115323  -0.01174317 -0.0120322
 -0.01183275 -0.0118159  -0.01185058 -0.01173326 -0.01204717 -0.01190295
 -0.0118138  -0.01179914 -0.01195166 -0.01186536 -0.01196224 -0.01191051
 -0.01175628 -0.01194221 -0.01181377 -0.01202766 -0.01197772 -0.01191433
 -0.01178771 -0.01174615 -0.01205545 -0.01197528 -0.01179704 -0.01184564
 -0.01196334 -0.01208787 -0.01193598 -0.0118667  -0.0119806  -0.01194409
 -0.01190144 -0.01200368 -0.01171136 -0.01183797 -0.01187363 -0.01187848
 -0.0119235  -0.01187095 -0.01194777 -0.01182433 -0.01187851 -0.01194956
 -0.01183908 -0.01166497 -0.01208957 -0.01195253 -0.01194019 -0.01178632
 -0.01188502 -0.01209804 -0.01183015 -0.011687   -0.01193109 -0.01173284
 -0.01212496 -0.01164109 -0.01197195 -0.01177946 -0.01200245 -0.0118086
 -0.01199394 -0.01191448 -0.01168819 -0.01182086 -0.01193248 -0.01197544
 -0.01200927 -0.01196006 -0.01192654 -0.01197739 -0.01195127 -0.01191764
 -0.01173532 -0.01190361 -0.01181302 -0.01190835 -0.01187566 -0.01183242
 -0.01177876 -0.01185075 -0.01190767 -0.0118319  -0.01196461 -0.01191101
 -0.01184805 -0.01185083 -0.01207311 -0.01194334 -0.01189469 -0.01178098
 -0.01202409 -0.01182295 -0.01203809 -0.01193503 -0.01184019 -0.01181439
 -0.01188871 -0.0120421  -0.01187973 -0.011997   -0.01180912 -0.01173379
 -0.01193574 -0.0118451  -0.01205601 -0.01172303 -0.01190911 -0.0117874
 -0.0121194  -0.01162138 -0.0120443  -0.01209335 -0.01186539 -0.01173407
 -0.0117635  -0.01189609 -0.01197651 -0.01197293 -0.01182965 -0.01192503
 -0.01183696 -0.01185218 -0.01224172 -0.01196658 -0.01181146 -0.01172592
 -0.01200468 -0.01184034 -0.01180103 -0.01192231 -0.01184433 -0.01177067
 -0.01175462 -0.01183625 -0.01184096 -0.01182173 -0.01190262 -0.01189462]"
Scallop Saute,"[""1 c. butter"", ""1 lb. fresh mushrooms, sliced"", ""2 medium green peppers, chopped"", ""5 to 8 green onions, chopped"", ""1 clove garlic, minced"", ""2 lb. scallops, well drained"", ""salt and pepper"", ""1/4 c. white wine or vermouth"", ""hot cooked rice""]","[""Melt butter in large skillet."", ""Saute mushrooms, green peppers, onions and garlic over medium-high heat until soft."", ""Remove with slotted spoon."", ""Add scallops to skillet and saute over high heat. As scallops begin to shrink, return vegetables to skillet; salt and pepper to taste."", ""Stir in wine."", ""Serve immediately over hot rice. Serve with your best white wine.""]","[""green peppers"", ""green onions"", ""fresh mushrooms"", ""clove garlic"", ""white wine"", ""rice"", ""butter"", ""salt""]","[-0.00987195 -0.00971729 -0.0099559  -0.00969365 -0.00972819 -0.00966387
 -0.00978149 -0.00945818 -0.0098392  -0.00987809 -0.00964933 -0.00978647
 -0.00968749 -0.00973567 -0.00979745 -0.00974577 -0.00972146 -0.00969125
 -0.00965962 -0.00965721 -0.00959656 -0.01001225 -0.00995163 -0.00975298
 -0.00944135 -0.00966838 -0.00979879 -0.00984769 -0.00961646 -0.00970972
 -0.00975979 -0.00972674 -0.0095395  -0.00973229 -0.0097322  -0.00986848
 -0.00966881 -0.00965713 -0.00984032 -0.00962333 -0.00978777 -0.00974675
 -0.00948857 -0.00987888 -0.00963872 -0.00982288 -0.00967002 -0.00977331
 -0.00994415 -0.00978542 -0.00987581 -0.00968595 -0.00989394 -0.00981442
 -0.00984967 -0.00964852 -0.0096549  -0.00976442 -0.00977449 -0.00981973
 -0.0099221  -0.00976931 -0.00969465 -0.00972573 -0.00977546 -0.00956936
 -0.00967983 -0.00958516 -0.0100431  -0.00961987 -0.00975725 -0.00982685
 -0.00979934 -0.00978397 -0.0096604  -0.00984005 -0.00972987 -0.00970514
 -0.00976359 -0.00972449 -0.00976887 -0.00985201 -0.00972962 -0.00957317
 -0.00969834 -0.00960122 -0.0098685  -0.00982419 -0.00990688 -0.00947829
 -0.00986599 -0.00970041 -0.00967328 -0.00973962 -0.00972243 -0.00977797
 -0.00983893 -0.00958746 -0.00957446 -0.00977557 -0.0098337  -0.00980516
 -0.00963066 -0.00951989 -0.01002669 -0.00971741 -0.00991348 -0.00990755
 -0.00965995 -0.00971073 -0.00953271 -0.00964263 -0.00957855 -0.00962408
 -0.00995243 -0.00960333 -0.00987338 -0.00980334 -0.00976141 -0.00986137
 -0.00991217 -0.00970139 -0.00978613 -0.00964407 -0.00972437 -0.0098551
 -0.00990207 -0.0096914  -0.00961936 -0.00981007 -0.00973833 -0.0096209
 -0.00974296 -0.00975327 -0.00985591 -0.00961557 -0.00966379 -0.00977377
 -0.00968353 -0.00993926 -0.00999576 -0.00959288 -0.00965308 -0.00976275
 -0.00968375 -0.00969986 -0.00975122 -0.00963284 -0.00978287 -0.00969666
 -0.00968023 -0.00961855 -0.00989228 -0.00994427 -0.00985078 -0.00977082
 -0.00974955 -0.00979436 -0.00964471 -0.00972208 -0.00967644 -0.00979087
 -0.00965997 -0.00973604 -0.00969667 -0.00976268 -0.00972197 -0.00976827
 -0.00988288 -0.00962107 -0.00977255 -0.00977724 -0.00935633 -0.00974568
 -0.00979283 -0.00970776 -0.0098076  -0.00965059 -0.00979686 -0.00958809
 -0.01012093 -0.00967404 -0.0096939  -0.00984294 -0.00972699 -0.00985261
 -0.00962251 -0.00998085 -0.00947907 -0.0095086  -0.00986006 -0.0098435
 -0.00984757 -0.00972505 -0.0095793  -0.00984769 -0.00972487 -0.0097957
 -0.00974137 -0.00982153 -0.00969245 -0.0096354  -0.00965875 -0.00977151
 -0.00994419 -0.00959658 -0.00978995 -0.00985622 -0.00968682 -0.00972929
 -0.0098893  -0.00976133 -0.00964563 -0.0099454  -0.00970034 -0.00977667
 -0.00962641 -0.00977733 -0.00979654 -0.00971961 -0.00958237 -0.00984791
 -0.00990893 -0.00961533 -0.00986451 -0.00969666 -0.00965949 -0.00978279
 -0.00983833 -0.00958845 -0.00973865 -0.00983878 -0.00964521 -0.00969478
 -0.00992874 -0.00965546 -0.00969207 -0.0097319  -0.00965138 -0.00981202
 -0.00976172 -0.00964473 -0.00967269 -0.0097969  -0.00985587 -0.00980262
 -0.00966694 -0.00970981 -0.00968378 -0.00978877 -0.0097983  -0.00969557
 -0.00962074 -0.00991195 -0.00984478 -0.00984102 -0.00971195 -0.00980283
 -0.00974978 -0.00968577 -0.00971478 -0.00975523 -0.00948209 -0.00976579
 -0.00976151 -0.0095334  -0.00985432 -0.00968371 -0.00974363 -0.00977035
 -0.00980414 -0.00971623 -0.00978928 -0.00980911 -0.00983804 -0.00988063
 -0.00974959 -0.00979418 -0.00973125 -0.00987842 -0.00970714 -0.00966088
 -0.00997403 -0.00965878 -0.0096088  -0.00992421 -0.0096705  -0.0098095
 -0.0100202  -0.00979007 -0.00965582 -0.00960843 -0.00984054 -0.00974163
 -0.00962003 -0.0098636  -0.00980047 -0.00961332 -0.00969204 -0.00984264
 -0.00952967 -0.00977788 -0.00971176 -0.00973782 -0.00966173 -0.00985012
 -0.00976264 -0.00985843 -0.01178816 -0.00992629 -0.00983203 -0.00974721
 -0.00951839 -0.0098643  -0.00997037 -0.00985775 -0.0098221  -0.00967839
 -0.00976222 -0.00982976 -0.00966662 -0.00983949 -0.00969481 -0.00979865
 -0.00973946 -0.00978573 -0.00992939 -0.00960839 -0.00959701 -0.00983367
 -0.0096299  -0.00963554 -0.00985721 -0.00962904 -0.00984057 -0.00969916
 -0.00995366 -0.00965194 -0.00978905 -0.00979704 -0.00971861 -0.00977593
 -0.00983538 -0.00994934 -0.00989671 -0.00980704 -0.00952805 -0.0097494
 -0.00976151 -0.0097577  -0.00976788 -0.00977043 -0.00958532 -0.00973566
 -0.00950469 -0.00991408 -0.00976588 -0.00966132 -0.00972647 -0.00980273
 -0.0099719  -0.00978444 -0.00972068 -0.00960802 -0.00952907 -0.00967928
 -0.00981596 -0.00993541 -0.00965156 -0.00972228 -0.00978793 -0.00967167
 -0.00993307 -0.00981673 -0.00981054 -0.00967941 -0.0096747  -0.00972479
 -0.00980614 -0.00976896 -0.00962318 -0.01004061 -0.00978546 -0.00981093
 -0.00983569 -0.00975383 -0.00976484 -0.00966851 -0.009774   -0.00986866
 -0.00960256 -0.00973367 -0.0098072  -0.00984128 -0.00982474 -0.01003387
 -0.00993959 -0.00986538 -0.00967718 -0.00986261 -0.00971569 -0.00974587
 -0.00962371 -0.00952184 -0.00967675 -0.00980934 -0.0097791  -0.00986364
 -0.00986763 -0.00983045 -0.00961494 -0.00989181 -0.00966656 -0.00980423
 -0.00993446 -0.00967492 -0.00964338 -0.00974325 -0.00952195 -0.00987347
 -0.00968045 -0.00979537 -0.00983679 -0.00969073 -0.009695   -0.00975933
 -0.00978918 -0.00966606 -0.00980431 -0.00962437 -0.00972709 -0.00978504
 -0.00983694 -0.00981919 -0.0097807  -0.00985561 -0.00987232 -0.00964109
 -0.00980568 -0.00989039 -0.00976801 -0.00993537 -0.00974748 -0.00985142
 -0.00986877 -0.00977941 -0.00983328 -0.00957253 -0.0097741  -0.00967268
 -0.00960668 -0.00969771 -0.00989014 -0.00952918 -0.00979508 -0.00979009
 -0.0097796  -0.00956843 -0.00962276 -0.00983864 -0.0097991  -0.0098675
 -0.00981558 -0.01004817 -0.00963355 -0.00983424 -0.00975354 -0.00992552
 -0.00969803 -0.00976622 -0.00976152 -0.00966808 -0.00975705 -0.00962028
 -0.0096412  -0.00974112 -0.00987864 -0.00972931 -0.00973141 -0.00984554
 -0.00980024 -0.00960229 -0.00985873 -0.00965039 -0.00969871 -0.00990182
 -0.00979745 -0.00960755 -0.00981876 -0.0097875  -0.00980431 -0.00960762
 -0.00969606 -0.00999341 -0.00986752 -0.00983196 -0.00973981 -0.00964642
 -0.00985375 -0.00977866 -0.00962932 -0.00982675 -0.00988945 -0.00962222
 -0.00969894 -0.00953145 -0.00961813 -0.00988615 -0.00977655 -0.00985632
 -0.00970045 -0.00960869 -0.00962843 -0.00983315 -0.00953304 -0.00978205
 -0.00991746 -0.00983073 -0.00960624 -0.00995548 -0.00976922 -0.00990814
 -0.00976876 -0.00964647 -0.00973084 -0.00972041 -0.00971053 -0.00961866
 -0.00984302 -0.00980174 -0.00982629 -0.00972028 -0.00971868 -0.00954531
 -0.00971672 -0.00969553 -0.00967774 -0.0096436  -0.00958674 -0.0097551
 -0.00973796 -0.00963665 -0.00951465 -0.0095941  -0.00994665 -0.0097553
 -0.0096543  -0.00975311 -0.00965317 -0.00988278 -0.00973077 -0.00981801
 -0.00985362 -0.00982608 -0.00963652 -0.00965375 -0.00966711 -0.00973799
 -0.00975873 -0.00975852 -0.00978918 -0.00986743 -0.00958907 -0.00992749
 -0.00981041 -0.00970821 -0.00986259 -0.00966844 -0.00984519 -0.0095472
 -0.00974356 -0.00950781 -0.00971506 -0.00988596 -0.009874   -0.00985236
 -0.00963698 -0.00969129 -0.00968921 -0.00971058 -0.00963106 -0.00969938
 -0.00986481 -0.00969216 -0.00979378 -0.00992074 -0.00982449 -0.00978724
 -0.00970482 -0.00967187 -0.00977596 -0.0096411  -0.00968624 -0.00982112
 -0.00989097 -0.00980606 -0.00982275 -0.00979707 -0.00960653 -0.00968813
 -0.00978794 -0.00972286 -0.00985555 -0.00955775 -0.00978389 -0.00985358
 -0.00990839 -0.00967969 -0.0099495  -0.00961869 -0.00976111 -0.00980262
 -0.00975433 -0.00962071 -0.00988847 -0.00985049 -0.00976526 -0.00971318
 -0.00959176 -0.00993807 -0.00967554 -0.0095408  -0.00967813 -0.00972448
 -0.00986485 -0.00996678 -0.0096911  -0.00954788 -0.00959849 -0.00981367
 -0.009617   -0.00976208 -0.00959097 -0.00959742 -0.00995207 -0.00977809
 -0.00973335 -0.00968039 -0.00979852 -0.00973442 -0.00975758 -0.00968986
 -0.00970095 -0.00977886 -0.00970334 -0.00978624 -0.00980799 -0.00971355
 -0.00967532 -0.00970151 -0.00970885 -0.00980956 -0.00962145 -0.00975884
 -0.00983191 -0.00979627 -0.00960118 -0.00961571 -0.0097392  -0.00978831
 -0.00970896 -0.0098517  -0.00964247 -0.00980014 -0.009789   -0.00970902
 -0.00992744 -0.00962611 -0.00984353 -0.00971274 -0.00994564 -0.00991324
 -0.00981102 -0.00963105 -0.0098231  -0.00989285 -0.00979748 -0.00966105
 -0.00974846 -0.00981501 -0.00964431 -0.00960815 -0.00977392 -0.00963676
 -0.00984718 -0.00955592 -0.00980874 -0.00969537 -0.00986852 -0.00981839
 -0.00996333 -0.00985292 -0.00967391 -0.00981392 -0.00978699 -0.00988675
 -0.00999998 -0.00988696 -0.00987556 -0.00979603 -0.00973751 -0.00981446
 -0.00953884 -0.00979982 -0.00960018 -0.00971002 -0.00972788 -0.00960605
 -0.00967856 -0.00974816 -0.00987557 -0.00967912 -0.00976339 -0.00976183
 -0.00970022 -0.00960102 -0.00987398 -0.00972155 -0.00974454 -0.00964457
 -0.00998581 -0.0096695  -0.00994321 -0.00976988 -0.0096504  -0.00973611
 -0.00979029 -0.00990181 -0.00981873 -0.00981599 -0.00975834 -0.00962068
 -0.00973525 -0.00968516 -0.00989361 -0.0096356  -0.00968704 -0.00963857
 -0.00979785 -0.00955275 -0.00978592 -0.00987449 -0.00991782 -0.00983256
 -0.00975868 -0.00973852 -0.00997197 -0.00987406 -0.00981282 -0.00990457
 -0.00971194 -0.00982716 -0.00997389 -0.00975128 -0.00969687 -0.00980525
 -0.00979927 -0.00974728 -0.00971273 -0.00984099 -0.00978412 -0.0097399
 -0.00970922 -0.00978193 -0.00984809 -0.00973126 -0.00972163 -0.00980618]"
Peanut Butter Chocolate Candy Cookies,"[""1 c. peanut butter"", ""2 sticks melted butter"", ""1 lb. box confectioners sugar"", ""1 c. crushed graham crackers"", ""1 (12 oz.) bag chocolate chips""]","[""Mix all ingredients together."", ""Put into a well-greased cookie sheet."", ""Press into pan with wooden spoon."", ""Top with melted chocolate chips."", ""Refrigerate for 15 minutes."", ""Remove and slice into 2 x 2-inch squares."", ""Leave in pan and put back in refrigerator."", ""Serve cold.""]","[""peanut butter"", ""confectioners sugar"", ""graham crackers"", ""chocolate chips"", ""butter""]","[-0.00893796 -0.00871324 -0.00892614 -0.00878901 -0.00873912 -0.00881089
 -0.00897198 -0.00868257 -0.00889602 -0.00892832 -0.00887939 -0.00888435
 -0.00886143 -0.00882402 -0.00895512 -0.00890856 -0.0088181  -0.00866456
 -0.0088199  -0.00874543 -0.00875287 -0.00909576 -0.00913301 -0.0089147
 -0.00872297 -0.00888397 -0.00898273 -0.00885463 -0.00878558 -0.00892486
 -0.0089092  -0.00885971 -0.00860751 -0.0087834  -0.00879648 -0.00897754
 -0.00890091 -0.00896435 -0.00913914 -0.00883492 -0.00886974 -0.0090236
 -0.00879825 -0.00901635 -0.0088135  -0.00900262 -0.00895884 -0.00900244
 -0.00888716 -0.00886564 -0.00890408 -0.00881269 -0.00901822 -0.00892702
 -0.00881048 -0.00868085 -0.00877237 -0.00895744 -0.00884561 -0.00887052
 -0.00904565 -0.00876423 -0.00881254 -0.00904932 -0.00910153 -0.00896151
 -0.0088073  -0.00871678 -0.00915545 -0.00900707 -0.00890404 -0.00886873
 -0.00892557 -0.00896188 -0.00881791 -0.00888669 -0.00893298 -0.00885843
 -0.00884537 -0.00890246 -0.00913554 -0.00891758 -0.00863345 -0.00873121
 -0.00897461 -0.00867886 -0.00897651 -0.00891605 -0.00906872 -0.00870183
 -0.0090372  -0.00893329 -0.0088185  -0.00878762 -0.00893364 -0.0090818
 -0.00908021 -0.00888051 -0.00888287 -0.0087976  -0.00888179 -0.00893544
 -0.00895116 -0.0086684  -0.00920639 -0.00898615 -0.00900505 -0.00890312
 -0.00875225 -0.00891473 -0.0087415  -0.00907898 -0.00872332 -0.00871791
 -0.00923157 -0.00883175 -0.00886476 -0.00871052 -0.00898165 -0.0089755
 -0.00897636 -0.00899959 -0.00881279 -0.00863915 -0.00876616 -0.00892907
 -0.00909647 -0.00890994 -0.00888341 -0.00902545 -0.00896702 -0.00889123
 -0.00883982 -0.00902549 -0.00892234 -0.00875668 -0.00879035 -0.00885297
 -0.0087656  -0.00904081 -0.00892976 -0.00868133 -0.00874792 -0.00902793
 -0.00862754 -0.00902918 -0.00902264 -0.00868368 -0.00884988 -0.00880722
 -0.00893643 -0.00867726 -0.00907349 -0.00911202 -0.00885337 -0.00885669
 -0.00906797 -0.00882524 -0.00890813 -0.00881681 -0.00888794 -0.0088734
 -0.00900879 -0.00887245 -0.00899891 -0.00875439 -0.00888921 -0.00859889
 -0.00902221 -0.00874836 -0.00887211 -0.00880511 -0.00848426 -0.00892714
 -0.008878   -0.00888693 -0.00885176 -0.00887093 -0.00883055 -0.0088451
 -0.00914431 -0.008915   -0.00880941 -0.00903735 -0.00894378 -0.00894798
 -0.00871027 -0.00907004 -0.00876198 -0.00877097 -0.00905003 -0.00886693
 -0.008912   -0.00895327 -0.0088218  -0.00897746 -0.00898668 -0.00899025
 -0.00875219 -0.00904215 -0.00877707 -0.00876573 -0.00883186 -0.00877114
 -0.00900904 -0.00883213 -0.00878423 -0.00910467 -0.0089747  -0.00893578
 -0.00900711 -0.00869161 -0.00872306 -0.00889791 -0.00888056 -0.00891858
 -0.00887984 -0.00880337 -0.00903928 -0.00883899 -0.0088836  -0.00882977
 -0.00918052 -0.00879486 -0.00892835 -0.00871465 -0.00884267 -0.00875797
 -0.00886501 -0.00877864 -0.00895352 -0.00908276 -0.00886322 -0.00882835
 -0.00894012 -0.0087882  -0.00883099 -0.00897741 -0.00878299 -0.00919303
 -0.00912464 -0.00899043 -0.00874244 -0.00902694 -0.00903603 -0.00882524
 -0.00890366 -0.00886769 -0.0088956  -0.00913984 -0.00889681 -0.00904628
 -0.00888211 -0.0089657  -0.00887629 -0.00891773 -0.008967   -0.00885669
 -0.0090086  -0.00871087 -0.00868367 -0.00880147 -0.00854263 -0.00899348
 -0.00892951 -0.00894355 -0.0089776  -0.00883284 -0.00886926 -0.00891224
 -0.00903482 -0.00891915 -0.00885927 -0.00872146 -0.00895457 -0.0093095
 -0.00888783 -0.00872532 -0.00891018 -0.00913245 -0.00883654 -0.00883626
 -0.00915111 -0.00888412 -0.00881899 -0.00913896 -0.00900238 -0.00907038
 -0.00909938 -0.00903204 -0.00884998 -0.00849984 -0.00903745 -0.00918294
 -0.00883263 -0.0088355  -0.00878018 -0.0087207  -0.00875508 -0.00898221
 -0.0087389  -0.0087818  -0.00899595 -0.00882555 -0.00894376 -0.00862749
 -0.00883788 -0.00907462 -0.01076356 -0.00892359 -0.00906466 -0.00914813
 -0.00883118 -0.00900641 -0.00906415 -0.00913549 -0.00910151 -0.00887589
 -0.00888705 -0.00890608 -0.00876895 -0.00896168 -0.00883435 -0.00910686
 -0.00878338 -0.00905414 -0.00898155 -0.00878015 -0.00889138 -0.0090423
 -0.00876127 -0.00885557 -0.00895083 -0.00877622 -0.00885863 -0.00885253
 -0.00906273 -0.00899605 -0.00902371 -0.00905675 -0.0089272  -0.00884681
 -0.00880211 -0.0089123  -0.00904006 -0.00905849 -0.00871325 -0.00875938
 -0.00867594 -0.00893081 -0.00891777 -0.00903112 -0.00869223 -0.00903745
 -0.00866262 -0.00912275 -0.0089463  -0.00870176 -0.0087089  -0.00878229
 -0.00890383 -0.00911975 -0.00897062 -0.00870256 -0.00870735 -0.00871254
 -0.00905316 -0.00913233 -0.00877492 -0.00885608 -0.00912822 -0.00878585
 -0.00884107 -0.00893104 -0.00916685 -0.00900595 -0.00887823 -0.00883886
 -0.00899996 -0.00904475 -0.00897589 -0.00917519 -0.00899744 -0.0089164
 -0.00900383 -0.00906207 -0.00874611 -0.00883151 -0.0090327  -0.00893024
 -0.00895285 -0.00879083 -0.00890089 -0.00891173 -0.00903174 -0.00899981
 -0.00912183 -0.0090529  -0.00872571 -0.00884592 -0.00894983 -0.00879714
 -0.00871046 -0.00883055 -0.00886423 -0.00883306 -0.00902905 -0.00904419
 -0.00911245 -0.00881251 -0.00860349 -0.00904657 -0.00879533 -0.00880957
 -0.00913012 -0.00907243 -0.00896294 -0.0089211  -0.00900185 -0.00900628
 -0.00864758 -0.00893292 -0.00910902 -0.00900378 -0.00871206 -0.00869528
 -0.00893382 -0.00894222 -0.00902281 -0.00869558 -0.00887282 -0.00905254
 -0.00896981 -0.00879557 -0.00890486 -0.00909111 -0.00873826 -0.00883402
 -0.00885802 -0.00898857 -0.00898558 -0.0087868  -0.00889449 -0.00895052
 -0.00914513 -0.0092455  -0.0090138  -0.00878853 -0.00882671 -0.00876496
 -0.00894911 -0.00892535 -0.00886441 -0.00872831 -0.00887743 -0.00904165
 -0.00886416 -0.00872059 -0.0089663  -0.00883769 -0.00866939 -0.00903592
 -0.00885886 -0.00896868 -0.00874561 -0.00895692 -0.00877285 -0.00902613
 -0.00878075 -0.00894607 -0.0087689  -0.00867775 -0.00883889 -0.00860241
 -0.0088744  -0.00883478 -0.00907632 -0.00878614 -0.00880759 -0.00902228
 -0.0090079  -0.00866754 -0.0090079  -0.00871284 -0.00879207 -0.009133
 -0.00910934 -0.00893747 -0.00887295 -0.00908969 -0.00876329 -0.00893517
 -0.00867636 -0.00891659 -0.00893333 -0.0089071  -0.00870315 -0.00892683
 -0.0088914  -0.00871498 -0.00884239 -0.00908437 -0.00908145 -0.00905052
 -0.00879709 -0.00882945 -0.00867195 -0.0088517  -0.0089911  -0.00903966
 -0.00903298 -0.0086823  -0.00880417 -0.00885884 -0.00876782 -0.00882518
 -0.00896188 -0.00889929 -0.0088411  -0.00921688 -0.00893632 -0.00900256
 -0.00870239 -0.0086509  -0.00889968 -0.00890549 -0.00895495 -0.00885646
 -0.0092082  -0.00896681 -0.00879157 -0.00888603 -0.00894811 -0.00901376
 -0.008938   -0.00882447 -0.00893869 -0.00885035 -0.00873232 -0.00900953
 -0.00889238 -0.00883163 -0.00874087 -0.00859932 -0.00917885 -0.00901986
 -0.00879007 -0.00887791 -0.00886612 -0.00912523 -0.00908887 -0.00887871
 -0.00902599 -0.00899682 -0.00891822 -0.00869677 -0.00882735 -0.00882441
 -0.00911102 -0.00876925 -0.00882774 -0.009257   -0.00886139 -0.00906806
 -0.00902033 -0.00902432 -0.00911312 -0.00904661 -0.00907404 -0.00878838
 -0.00873404 -0.00865549 -0.00896174 -0.00904196 -0.00885041 -0.00879902
 -0.00882182 -0.00885033 -0.00878272 -0.00884876 -0.00873955 -0.00888994
 -0.00898054 -0.00887537 -0.00886981 -0.00923019 -0.00890227 -0.00885051
 -0.0090498  -0.00878092 -0.00910864 -0.00886431 -0.00888146 -0.00902317
 -0.00916283 -0.00875845 -0.00902352 -0.00878105 -0.00864801 -0.0087884
 -0.00896319 -0.00889843 -0.00894162 -0.00861794 -0.00877252 -0.00878647
 -0.00899465 -0.00883806 -0.00895739 -0.00871879 -0.00874122 -0.00888724
 -0.00908804 -0.00876915 -0.00892641 -0.00897392 -0.00900455 -0.00881857
 -0.0089814  -0.00897858 -0.00879252 -0.00869486 -0.00885822 -0.00891527
 -0.00870148 -0.00900559 -0.00887589 -0.00856374 -0.00881414 -0.00882323
 -0.00875639 -0.00882259 -0.00880782 -0.0087214  -0.00917678 -0.00891378
 -0.00900072 -0.00873179 -0.00909565 -0.00895665 -0.00898014 -0.00903391
 -0.00871425 -0.00897424 -0.00891654 -0.00881995 -0.00901782 -0.008805
 -0.00887704 -0.0088669  -0.00902401 -0.00877607 -0.00881023 -0.00872489
 -0.00880894 -0.00906958 -0.00878329 -0.00884885 -0.00889191 -0.00879214
 -0.00893933 -0.00900464 -0.00872411 -0.00881576 -0.00871419 -0.0089346
 -0.00895539 -0.0088761  -0.00917483 -0.00879921 -0.00885224 -0.00906385
 -0.00876173 -0.00872759 -0.00909405 -0.00881452 -0.00903193 -0.00884206
 -0.00906152 -0.00917544 -0.00906481 -0.00864461 -0.00909102 -0.00867917
 -0.00912993 -0.00860097 -0.00912083 -0.00869658 -0.0090744  -0.0088388
 -0.00911266 -0.00883648 -0.00887849 -0.00901029 -0.0089002  -0.00898928
 -0.0089371  -0.00898196 -0.00884747 -0.00900915 -0.00899935 -0.00900896
 -0.0086997  -0.0088959  -0.00886525 -0.00892373 -0.00882021 -0.00886398
 -0.00900182 -0.00899589 -0.00900544 -0.00874243 -0.00895123 -0.00893921
 -0.0088657  -0.00894091 -0.00905627 -0.00901931 -0.00893654 -0.00875212
 -0.00901599 -0.00894195 -0.009011   -0.00891697 -0.00874953 -0.00874839
 -0.00902371 -0.00900155 -0.00881526 -0.00891291 -0.00887383 -0.00881912
 -0.00889913 -0.00896788 -0.0090492  -0.00882381 -0.00894612 -0.00896639
 -0.00911048 -0.00878907 -0.00887333 -0.00896891 -0.0091002  -0.00889981
 -0.00894902 -0.00875604 -0.00890978 -0.00905525 -0.00878767 -0.00881391
 -0.00901419 -0.00872717 -0.00904437 -0.00886753 -0.00876265 -0.00879842
 -0.009015   -0.00915414 -0.00904095 -0.00899606 -0.00890115 -0.00894565
 -0.00885077 -0.00898828 -0.0088313  -0.0089006  -0.00892169 -0.00889327]"
Banana All-Bran Nut Bread,"[""1/4 c. shortening"", ""1/2 c. sugar"", ""1 egg, well beaten"", ""1 c. Kellogg's \""All-Bran\"""", ""1 1/2 c. flour"", ""2 tsp. baking powder"", ""1/2 tsp. salt"", ""1/2 tsp. soda"", ""1/2 c. chopped nuts"", ""1 1/2 c. mashed banana"", ""2 Tbsp. water"", ""1 tsp. vanilla extract""]","[""Cream shortening and sugar well."", ""Add egg and All-Bran."", ""Sift flour with baking powder, salt and soda."", ""Mix nuts with flour and add alternately with mashed bananas to which the water has been added."", ""Stir in vanilla."", ""Pour into a greased loaf tin (8 1/2 x 4 1/2-inch)."", ""Let stand 30 minutes."", ""Bake in moderate oven (375\u00b0) for 1 hour."", ""Let cool before cutting.""]","[""egg"", ""sugar"", ""baking powder"", ""vanilla extract"", ""shortening"", ""kellogg"", ""soda"", ""water"", ""flour"", ""nuts"", ""banana"", ""salt""]","[-0.0104209  -0.01044831 -0.01054267 -0.01037239 -0.01041936 -0.0102646
 -0.01038036 -0.01012078 -0.01049589 -0.01044188 -0.01043107 -0.010495
 -0.0103294  -0.01028364 -0.01045193 -0.01042856 -0.01041598 -0.01034732
 -0.01026774 -0.01031927 -0.01028821 -0.01058989 -0.01058577 -0.01038478
 -0.01027172 -0.01030335 -0.01041611 -0.01035073 -0.01037574 -0.01051828
 -0.01044405 -0.01034375 -0.01016226 -0.01033767 -0.01020611 -0.01050763
 -0.01041635 -0.01051852 -0.01064831 -0.01039352 -0.01040345 -0.01045847
 -0.01024226 -0.01046531 -0.01029736 -0.01047053 -0.01041109 -0.0104347
 -0.0106685  -0.010452   -0.01044272 -0.01030786 -0.01034528 -0.01055186
 -0.01028575 -0.01016318 -0.01042782 -0.01031241 -0.01030546 -0.01037014
 -0.0104913  -0.0104175  -0.01050604 -0.01039787 -0.01045711 -0.01028582
 -0.01039091 -0.01026794 -0.01067091 -0.01034374 -0.01049151 -0.01045546
 -0.01047163 -0.01037717 -0.01033757 -0.01055537 -0.01033731 -0.01050038
 -0.01046979 -0.01041852 -0.01048035 -0.01052746 -0.01031068 -0.01026659
 -0.0104786  -0.01020923 -0.01052282 -0.01046089 -0.01045254 -0.01013462
 -0.01058991 -0.01028017 -0.01032894 -0.01034655 -0.01051922 -0.01052425
 -0.0105889  -0.01027322 -0.01014359 -0.01040379 -0.01046536 -0.01042027
 -0.01036579 -0.01021676 -0.01065208 -0.01044259 -0.01053761 -0.01051521
 -0.01034083 -0.01047569 -0.01017269 -0.01040482 -0.01026319 -0.01042271
 -0.01065636 -0.01024719 -0.01039368 -0.01038496 -0.01064111 -0.01043435
 -0.01044104 -0.0104475  -0.01038042 -0.01021237 -0.01045552 -0.01039598
 -0.01039849 -0.01033732 -0.01031911 -0.01039654 -0.01035373 -0.01030368
 -0.0103801  -0.0104273  -0.01048813 -0.01038687 -0.01033456 -0.01036444
 -0.0101304  -0.0106715  -0.01063825 -0.0103203  -0.01048047 -0.01048242
 -0.01040632 -0.0103786  -0.01048799 -0.01025723 -0.01038286 -0.01043315
 -0.01038347 -0.01014923 -0.01053115 -0.01048732 -0.0104809  -0.01038526
 -0.01045456 -0.0104233  -0.0104332  -0.01040636 -0.01029609 -0.01042275
 -0.0103486  -0.01047658 -0.01061254 -0.01038139 -0.01032003 -0.01027306
 -0.01041269 -0.01027115 -0.01046596 -0.01041732 -0.01008761 -0.01047189
 -0.01056015 -0.01045112 -0.01034402 -0.01040916 -0.0104338  -0.01027765
 -0.01074775 -0.01022514 -0.01019682 -0.01044937 -0.01040709 -0.01048491
 -0.01034741 -0.01063915 -0.01020147 -0.01030463 -0.01047618 -0.01047118
 -0.01048468 -0.01043896 -0.01033552 -0.0104454  -0.01044466 -0.01048463
 -0.01033173 -0.01047761 -0.01034114 -0.01029514 -0.01039061 -0.01033464
 -0.01074591 -0.0101789  -0.01031439 -0.01048287 -0.01032291 -0.01051035
 -0.01048555 -0.01033219 -0.01022568 -0.01064705 -0.01039167 -0.01040618
 -0.01035293 -0.01035319 -0.01043209 -0.01055361 -0.01022276 -0.01044324
 -0.01071951 -0.01031633 -0.01045669 -0.01031897 -0.01041938 -0.01042316
 -0.01031434 -0.01023148 -0.01041186 -0.01056906 -0.01034999 -0.01040841
 -0.01056312 -0.01020093 -0.01048092 -0.01046594 -0.010205   -0.01055737
 -0.01050571 -0.01037336 -0.01033193 -0.0105239  -0.0104404  -0.01042227
 -0.01043213 -0.01043838 -0.01033022 -0.01054001 -0.01026439 -0.01047257
 -0.01027813 -0.0104993  -0.01043935 -0.01044519 -0.01038114 -0.01044227
 -0.01029772 -0.01022037 -0.01041342 -0.01038169 -0.01009509 -0.01054851
 -0.01045323 -0.01028709 -0.01050373 -0.01038899 -0.01037608 -0.01039866
 -0.01045753 -0.01037522 -0.01042053 -0.0105342  -0.01050756 -0.01062135
 -0.0103875  -0.01038705 -0.01049271 -0.01050797 -0.01043997 -0.0103788
 -0.010605   -0.01039003 -0.01053023 -0.01060221 -0.01046553 -0.01052301
 -0.0104989  -0.01044676 -0.01042021 -0.01014526 -0.01053161 -0.01044768
 -0.01029182 -0.01046349 -0.01042231 -0.01026289 -0.01039283 -0.01069164
 -0.01020106 -0.01041611 -0.01049323 -0.01040434 -0.01045692 -0.01026243
 -0.01047143 -0.0106308  -0.01246831 -0.01054328 -0.01056661 -0.01047292
 -0.01035927 -0.01053734 -0.01048429 -0.01067036 -0.01047056 -0.01036854
 -0.01055807 -0.01050174 -0.01031065 -0.01047339 -0.01022782 -0.01038639
 -0.01035507 -0.01055024 -0.01038611 -0.0102348  -0.01028426 -0.01060518
 -0.01041412 -0.01039732 -0.0105384  -0.01030942 -0.01040304 -0.01037909
 -0.01068907 -0.01040334 -0.01059115 -0.0105428  -0.01038605 -0.01042872
 -0.01027896 -0.01060284 -0.01047979 -0.01052929 -0.01018051 -0.0103416
 -0.01037608 -0.01044898 -0.01042058 -0.01038547 -0.01023926 -0.01037798
 -0.0102784  -0.01065977 -0.0104206  -0.01021899 -0.01025899 -0.01047064
 -0.01046606 -0.01057199 -0.01050134 -0.01029344 -0.01022643 -0.01031151
 -0.01054611 -0.01064553 -0.01034196 -0.01041788 -0.0105046  -0.01039724
 -0.01054311 -0.01039948 -0.01055001 -0.01062016 -0.01043384 -0.01035224
 -0.01054437 -0.01058256 -0.01039046 -0.01074758 -0.01044292 -0.01049828
 -0.01059267 -0.01050742 -0.01044233 -0.01036816 -0.01049671 -0.01062414
 -0.01031343 -0.01031235 -0.01049653 -0.01053307 -0.01045201 -0.01057456
 -0.01068764 -0.01046514 -0.01017789 -0.01051096 -0.01033771 -0.01042985
 -0.01029633 -0.0102175  -0.01034418 -0.01056209 -0.01044049 -0.01054698
 -0.01066824 -0.01045639 -0.01024135 -0.01052939 -0.01029046 -0.01029495
 -0.01052065 -0.01045019 -0.01019048 -0.01042037 -0.01034058 -0.01049984
 -0.01034809 -0.01056317 -0.01051436 -0.01043763 -0.01036017 -0.01028834
 -0.01033554 -0.01036587 -0.01035423 -0.01030796 -0.01043492 -0.01053076
 -0.0104062  -0.01044151 -0.01035497 -0.01057363 -0.01042509 -0.01037126
 -0.01059928 -0.01053669 -0.01052538 -0.01043718 -0.01040464 -0.0104222
 -0.01070055 -0.01051084 -0.01061468 -0.01035079 -0.01029863 -0.01042666
 -0.01035502 -0.01030277 -0.01048968 -0.0100882  -0.01028993 -0.01036549
 -0.01040991 -0.01031871 -0.01039132 -0.0104484  -0.01037059 -0.01044405
 -0.01065064 -0.01063147 -0.01025543 -0.01037484 -0.01047504 -0.01052143
 -0.01026891 -0.01050113 -0.0104235  -0.01035498 -0.01035448 -0.01013622
 -0.01027511 -0.01042223 -0.01059207 -0.01017586 -0.01042202 -0.01047538
 -0.01054176 -0.01030452 -0.01041339 -0.01039966 -0.01025445 -0.01044267
 -0.01050511 -0.01035043 -0.01038201 -0.01047638 -0.01040346 -0.01029174
 -0.01047453 -0.01058746 -0.01055565 -0.0105216  -0.01031366 -0.01027648
 -0.01042143 -0.01034398 -0.01030896 -0.01060962 -0.01052749 -0.01055328
 -0.01045085 -0.01026721 -0.0102816  -0.01037113 -0.01053974 -0.01054899
 -0.01052147 -0.01023512 -0.01037806 -0.0104806  -0.01022912 -0.01038083
 -0.01046898 -0.01048852 -0.01039774 -0.01074356 -0.01029671 -0.01056904
 -0.01041548 -0.01022819 -0.01042841 -0.01039215 -0.0103838  -0.01046057
 -0.01053498 -0.01047078 -0.01038241 -0.01041712 -0.01038106 -0.01018558
 -0.0102946  -0.01045117 -0.01054982 -0.01027883 -0.01027382 -0.0104372
 -0.01034088 -0.01025777 -0.01036478 -0.01022986 -0.01067029 -0.01060974
 -0.01035249 -0.01032225 -0.0103561  -0.01057128 -0.01052832 -0.01035334
 -0.01062528 -0.01049285 -0.0102755  -0.01021532 -0.01035458 -0.01026693
 -0.01055736 -0.01029846 -0.01049682 -0.01070221 -0.01042448 -0.01057895
 -0.01051132 -0.01023796 -0.01045018 -0.01049452 -0.01046163 -0.01028848
 -0.01032393 -0.01026482 -0.01048247 -0.01052007 -0.01051006 -0.01054093
 -0.01032985 -0.01031753 -0.01035285 -0.01052418 -0.01030695 -0.01033979
 -0.01043846 -0.01031873 -0.0105739  -0.01062252 -0.01043495 -0.01048415
 -0.0104018  -0.01031039 -0.01050089 -0.01030241 -0.01037951 -0.01044473
 -0.0105898  -0.01045718 -0.01053132 -0.01033378 -0.01017632 -0.01030899
 -0.01043392 -0.01028753 -0.01066227 -0.01043665 -0.0104172  -0.01031059
 -0.01072471 -0.01043383 -0.01052017 -0.01017247 -0.01018214 -0.01050213
 -0.01051168 -0.01036975 -0.01046291 -0.01055194 -0.01050008 -0.01039762
 -0.01029474 -0.0104423  -0.01036315 -0.0102397  -0.01041792 -0.01028189
 -0.01043489 -0.01051776 -0.01040887 -0.01012136 -0.01033435 -0.0104839
 -0.01031017 -0.01046167 -0.01034516 -0.01019963 -0.01061857 -0.01060284
 -0.01043752 -0.0103465  -0.01061151 -0.01037727 -0.01050002 -0.01042213
 -0.01030778 -0.0105181  -0.0104741  -0.01043137 -0.01057709 -0.0103558
 -0.01020876 -0.01044108 -0.0105423  -0.01044507 -0.01022196 -0.01034373
 -0.01049641 -0.01038851 -0.01031124 -0.0103862  -0.01042256 -0.01051746
 -0.01031898 -0.01037359 -0.01027843 -0.01051234 -0.01043691 -0.01043905
 -0.0104227  -0.01037286 -0.0104846  -0.01033868 -0.01049565 -0.01060963
 -0.01028063 -0.01024451 -0.01048135 -0.01059703 -0.01053131 -0.01024041
 -0.01034063 -0.0106045  -0.01047091 -0.01017708 -0.01046806 -0.01037814
 -0.01064758 -0.01017725 -0.01055508 -0.01022875 -0.01052871 -0.01045644
 -0.01058581 -0.01049334 -0.01047754 -0.01045808 -0.01055354 -0.01046516
 -0.01061243 -0.01055006 -0.01061682 -0.01048789 -0.0105476  -0.01049363
 -0.01035879 -0.01038277 -0.01036858 -0.01029389 -0.01050447 -0.01046696
 -0.01028739 -0.0103957  -0.01050732 -0.01034005 -0.01045126 -0.01051215
 -0.01038592 -0.01027504 -0.01068771 -0.01039169 -0.01045407 -0.01029163
 -0.01057731 -0.01041834 -0.01046813 -0.0103279  -0.01031947 -0.01043647
 -0.01041629 -0.01061417 -0.01041745 -0.01055908 -0.01049099 -0.01032314
 -0.01038304 -0.01046723 -0.01045139 -0.01026972 -0.01044914 -0.01039184
 -0.01053445 -0.01026979 -0.01047302 -0.01054009 -0.01068937 -0.01045466
 -0.01036343 -0.01037361 -0.01056121 -0.01051261 -0.01031629 -0.01051959
 -0.01033412 -0.0103559  -0.01077661 -0.01056104 -0.01030778 -0.01024032
 -0.01062989 -0.01039303 -0.01038177 -0.01052788 -0.01039256 -0.01037399
 -0.01025791 -0.01045745 -0.01053418 -0.01034704 -0.01032031 -0.01043096]"
Chicken Tortilla,"[""1 can cream of mushroom soup"", ""1 c. milk"", ""1 can cream of chicken soup"", ""1 (4 oz.) can green chiles"", ""1 small onion, grated"", ""1 lb. Cheddar cheese, grated"", ""1 (3 or 4 lb.) chicken"", ""1 pkg. corn tortillas, quartered""]","[""Cook and dice chicken."", ""Mix first 7 ingredients together to make sauce."", ""Butter casserole dish; make 2 layers alternating tortillas, chicken, sauce and grated cheese."", ""Bake at 350\u00b0 for 1 hour, covered; uncover for last 15 minutes."", ""Salt and pepper to taste.""]","[""green chiles"", ""cream of chicken soup"", ""cream of mushroom soup"", ""cheddar cheese"", ""onion"", ""milk"", ""corn tortillas"", ""chicken""]","[-0.00963964 -0.00968668 -0.0096955  -0.00950098 -0.00951568 -0.00953493
 -0.00961847 -0.00928321 -0.00981793 -0.00967149 -0.00954851 -0.00960318
 -0.00955172 -0.00954161 -0.00970095 -0.00973651 -0.00953858 -0.00952487
 -0.0095039  -0.00940727 -0.00947582 -0.00983407 -0.00980788 -0.009657
 -0.00954307 -0.00967701 -0.00972782 -0.00960373 -0.00949623 -0.00956435
 -0.00971949 -0.00961781 -0.00931304 -0.00963331 -0.00949128 -0.00983152
 -0.00939976 -0.00954004 -0.00979518 -0.00943644 -0.00959409 -0.00968524
 -0.00934686 -0.00969046 -0.00953821 -0.00965603 -0.00952044 -0.00958756
 -0.00971077 -0.00960638 -0.0095684  -0.00952744 -0.00979361 -0.00952519
 -0.0095922  -0.0094284  -0.00955777 -0.00958851 -0.00971271 -0.00954024
 -0.00951582 -0.00951421 -0.00963089 -0.00978525 -0.00965817 -0.00961172
 -0.00948323 -0.00951984 -0.00981319 -0.00956899 -0.00974951 -0.00953244
 -0.00976158 -0.00961961 -0.00951471 -0.00974821 -0.00960333 -0.00956328
 -0.00962957 -0.00960143 -0.00971182 -0.00967936 -0.00946487 -0.00951256
 -0.00962077 -0.00945125 -0.00969994 -0.0098259  -0.00979347 -0.00932362
 -0.00978751 -0.00961234 -0.00949041 -0.00951077 -0.00962329 -0.00956094
 -0.00962761 -0.0094965  -0.00944674 -0.00950224 -0.00962145 -0.0095675
 -0.00957397 -0.00942335 -0.00977183 -0.00969417 -0.00979245 -0.00962982
 -0.00958604 -0.00962488 -0.00960383 -0.0096679  -0.0093658  -0.00963228
 -0.00990395 -0.00944469 -0.00967655 -0.00959513 -0.00964214 -0.00960718
 -0.00959067 -0.00956344 -0.00973167 -0.00926949 -0.00955256 -0.00974414
 -0.00965796 -0.00963792 -0.00950602 -0.00978054 -0.00952245 -0.00948346
 -0.00960589 -0.00955258 -0.00976979 -0.00962094 -0.00947187 -0.00964063
 -0.00961215 -0.00982    -0.00975049 -0.00942972 -0.00946688 -0.00964753
 -0.00948379 -0.00959972 -0.00967836 -0.00952866 -0.00959134 -0.00960928
 -0.00952131 -0.00951866 -0.00981981 -0.00973765 -0.00961669 -0.00954382
 -0.00983385 -0.00967894 -0.00967317 -0.00955248 -0.00937501 -0.00973323
 -0.00962489 -0.00958799 -0.00969656 -0.00952746 -0.00951373 -0.00934266
 -0.00965006 -0.00934622 -0.00974823 -0.00947604 -0.00924916 -0.00967441
 -0.00971576 -0.00961049 -0.00975029 -0.00953302 -0.00955607 -0.00953958
 -0.00996499 -0.00969241 -0.00941295 -0.00978769 -0.0095196  -0.00972326
 -0.00960561 -0.00982078 -0.0093759  -0.00939495 -0.00974402 -0.00957914
 -0.0097076  -0.00962899 -0.0095033  -0.00965461 -0.009735   -0.00964178
 -0.00938679 -0.0097292  -0.00964434 -0.00962288 -0.00943478 -0.00950198
 -0.00976907 -0.00964246 -0.00951326 -0.00963296 -0.00957494 -0.00958303
 -0.00978663 -0.00945058 -0.00939583 -0.00969033 -0.00956236 -0.00959654
 -0.00956949 -0.00954388 -0.00979755 -0.00962824 -0.00955313 -0.00966316
 -0.00996674 -0.00946447 -0.00970023 -0.00956613 -0.00970965 -0.00951064
 -0.0095806  -0.00940887 -0.00966082 -0.0096804  -0.00951767 -0.00953236
 -0.00987123 -0.00946678 -0.0095756  -0.00960612 -0.00960823 -0.0097833
 -0.00970274 -0.00959379 -0.00947269 -0.00981816 -0.00963524 -0.00956968
 -0.00961953 -0.00960393 -0.00951579 -0.00970693 -0.00954623 -0.00970165
 -0.00941229 -0.00984763 -0.00963764 -0.00958146 -0.00957814 -0.00970793
 -0.00956409 -0.00943092 -0.00954496 -0.00959289 -0.00930188 -0.00966832
 -0.00963776 -0.00950772 -0.00966106 -0.00966657 -0.00964129 -0.00962737
 -0.00958004 -0.00968551 -0.00973761 -0.00956819 -0.00967727 -0.00990933
 -0.00965499 -0.00959122 -0.00968585 -0.00978266 -0.00952129 -0.00954641
 -0.00982691 -0.00948482 -0.00969051 -0.00989511 -0.0096596  -0.00971494
 -0.00987764 -0.00958576 -0.00949707 -0.00929499 -0.00971337 -0.00980989
 -0.00947779 -0.00959379 -0.00952313 -0.00950135 -0.00948481 -0.00973317
 -0.00942337 -0.00958247 -0.00958864 -0.00944571 -0.0095546  -0.00962731
 -0.00963153 -0.00967367 -0.01133605 -0.00974726 -0.00981362 -0.00967578
 -0.00958988 -0.00957    -0.00978016 -0.00987073 -0.00961618 -0.00954512
 -0.00965598 -0.00973966 -0.00938767 -0.00954914 -0.00958505 -0.00970415
 -0.00957157 -0.00968121 -0.00963357 -0.00949985 -0.00953394 -0.00982485
 -0.00947005 -0.00960512 -0.00950101 -0.0095126  -0.00968607 -0.00957684
 -0.0098527  -0.009654   -0.00951844 -0.00963019 -0.00961114 -0.00978541
 -0.00958693 -0.00961776 -0.00980914 -0.00981401 -0.00936353 -0.00952526
 -0.00949997 -0.00967262 -0.00972665 -0.00969871 -0.00936688 -0.00970878
 -0.0095046  -0.00985941 -0.00963245 -0.00945402 -0.00940678 -0.00970527
 -0.00958976 -0.00967065 -0.00959062 -0.00940571 -0.00931261 -0.0094968
 -0.00965591 -0.0098441  -0.00944986 -0.00971372 -0.00972766 -0.00963729
 -0.0098214  -0.00967653 -0.00962956 -0.00976606 -0.00952363 -0.00949974
 -0.00969695 -0.00975567 -0.00954741 -0.00993414 -0.00959732 -0.00969478
 -0.00980903 -0.00967848 -0.00961646 -0.00957945 -0.00956763 -0.00980862
 -0.00956537 -0.00970033 -0.009696   -0.0095473  -0.00975548 -0.00986879
 -0.00995713 -0.00964451 -0.00946071 -0.00963893 -0.00945133 -0.00942902
 -0.00957075 -0.00936413 -0.00956801 -0.00979499 -0.00977349 -0.00972089
 -0.00971928 -0.00972836 -0.00938409 -0.00966607 -0.00957265 -0.00974125
 -0.00970583 -0.00969565 -0.00951482 -0.00970627 -0.00953041 -0.00980771
 -0.0094549  -0.00977506 -0.00978014 -0.00959065 -0.0094029  -0.00948201
 -0.00959299 -0.00952692 -0.00957578 -0.00954863 -0.00962141 -0.0097797
 -0.00973704 -0.00962559 -0.00965883 -0.00957037 -0.00954177 -0.009463
 -0.0097595  -0.00966448 -0.00963297 -0.00951931 -0.00959301 -0.00979429
 -0.00977307 -0.00985264 -0.00956936 -0.00948451 -0.00959035 -0.00959042
 -0.00973117 -0.00961073 -0.00983285 -0.00935302 -0.00947303 -0.00969102
 -0.00959327 -0.00942932 -0.0097124  -0.00953094 -0.00958925 -0.00963788
 -0.00974083 -0.0099822  -0.00949003 -0.00964023 -0.00955666 -0.00984625
 -0.00949946 -0.00978108 -0.00951526 -0.00945301 -0.00973857 -0.00928521
 -0.00966311 -0.00955647 -0.00984197 -0.00944378 -0.00969752 -0.00970106
 -0.00961971 -0.00949369 -0.00973223 -0.00965553 -0.00952568 -0.00971436
 -0.0098051  -0.00952113 -0.00950461 -0.00975561 -0.00948451 -0.00950833
 -0.00962258 -0.0096823  -0.00957006 -0.00968215 -0.00947201 -0.00961092
 -0.00965657 -0.00957993 -0.0095128  -0.00972869 -0.00964074 -0.00971599
 -0.00964616 -0.00954908 -0.00936862 -0.00970908 -0.00962884 -0.00969847
 -0.00974475 -0.00942107 -0.00943675 -0.00958927 -0.00942762 -0.0096584
 -0.00971264 -0.00975641 -0.00956577 -0.00986037 -0.00950591 -0.00979246
 -0.00954357 -0.0093737  -0.00958995 -0.00955145 -0.00960176 -0.00945878
 -0.00992652 -0.00969718 -0.00957672 -0.0096828  -0.00973983 -0.00948686
 -0.00951511 -0.00970823 -0.00961452 -0.00963807 -0.00949187 -0.00949637
 -0.00966478 -0.009569   -0.00934236 -0.00930306 -0.00982926 -0.00981977
 -0.00954217 -0.00954304 -0.00959509 -0.00981848 -0.0096401  -0.00964638
 -0.00969808 -0.00986731 -0.00961803 -0.0094518  -0.00946601 -0.00960082
 -0.00966994 -0.00956693 -0.00961497 -0.00993882 -0.00958071 -0.01002619
 -0.0098155  -0.00960874 -0.00984448 -0.0097237  -0.00968641 -0.00946547
 -0.00954507 -0.00937893 -0.00967032 -0.0097977  -0.00960552 -0.00962647
 -0.00943592 -0.00944041 -0.0095014  -0.00977034 -0.00940928 -0.00954387
 -0.00965429 -0.00968485 -0.00965681 -0.00990607 -0.0095649  -0.0096292
 -0.00965811 -0.00953129 -0.00966966 -0.00954606 -0.00951617 -0.00978791
 -0.00981653 -0.00939229 -0.00970949 -0.00960395 -0.00942571 -0.00957777
 -0.0094144  -0.00948708 -0.00970244 -0.00946217 -0.00952669 -0.00953359
 -0.00984558 -0.00961853 -0.00990797 -0.0095749  -0.00964123 -0.00968097
 -0.00976381 -0.0095273  -0.00975015 -0.00976041 -0.00980611 -0.00952609
 -0.00959764 -0.00983763 -0.00944367 -0.00931614 -0.00966161 -0.00968913
 -0.00970499 -0.00968393 -0.00961735 -0.00929979 -0.00948716 -0.00979583
 -0.00949774 -0.00954812 -0.00951069 -0.00941073 -0.00993737 -0.00961822
 -0.0097292  -0.00963145 -0.00989307 -0.00949173 -0.00972905 -0.0097135
 -0.00957701 -0.00969317 -0.00963831 -0.0096546  -0.00972394 -0.00966648
 -0.00954081 -0.00957929 -0.00985164 -0.00964972 -0.00940554 -0.00956898
 -0.0096314  -0.00977447 -0.0094855  -0.0096475  -0.00962651 -0.00955933
 -0.00962251 -0.00967897 -0.0093705  -0.00969106 -0.00967757 -0.00960688
 -0.00958139 -0.00946998 -0.00964494 -0.00954066 -0.00963965 -0.00988185
 -0.00953132 -0.00939883 -0.00978218 -0.00974522 -0.00971046 -0.00941178
 -0.0096063  -0.00983669 -0.00976016 -0.00940617 -0.00965284 -0.00951063
 -0.00984672 -0.00934453 -0.00977523 -0.00946947 -0.00983132 -0.00963288
 -0.00990272 -0.00971349 -0.00957311 -0.00946173 -0.0097286  -0.00966808
 -0.00975015 -0.00968085 -0.00971281 -0.00970245 -0.00956841 -0.00973982
 -0.00942541 -0.00965279 -0.00963188 -0.00964218 -0.00957504 -0.00972102
 -0.00953519 -0.00955076 -0.00968182 -0.00959924 -0.00972956 -0.00971095
 -0.00966049 -0.00950936 -0.01003644 -0.00972613 -0.00972573 -0.00945097
 -0.00981404 -0.00956094 -0.00975843 -0.00967048 -0.00937939 -0.00959586
 -0.00970357 -0.00971548 -0.00957935 -0.00969938 -0.00947162 -0.00960437
 -0.00967589 -0.00978886 -0.00965624 -0.00950087 -0.00967455 -0.00961853
 -0.00969475 -0.00933343 -0.00963104 -0.00984025 -0.009799   -0.00956159
 -0.00951154 -0.00962032 -0.009671   -0.00976103 -0.00949577 -0.00959184
 -0.00961033 -0.00947689 -0.0097656  -0.00965283 -0.00941821 -0.00952835
 -0.00975307 -0.00969147 -0.00965117 -0.00964864 -0.00956477 -0.00954878
 -0.00954836 -0.00955645 -0.00953619 -0.00960804 -0.00956921 -0.00970851]"
Chicken Rice Casserole,"[""1 large (2 to 2 1/2 lb.) fryer"", ""1 can cream of celery soup"", ""1 jar chopped pimentos, drained"", ""2 boxes Uncle Ben's rice with seasoning"", ""1 can water chestnuts, drained and chopped"", ""1 can French-style green beans, drained"", ""1 c. mushrooms, drained and chopped"", ""1/2 c. salad dressing"", ""1 small onion, chopped fine""]","[""Stew chicken until tender."", ""Debone and cut up."", ""Cook rice according to package directions, substituting chicken broth for water."", ""Fold all ingredients together."", ""Add salt and pepper to taste."", ""Put into a casserole dish and bake at 350\u00b0 for 45 minutes."", ""(Note:"", ""turkey can be substituted for chicken.)""]","[""water chestnuts"", ""mushrooms"", ""onion"", ""fryer"", ""pimentos"", ""cream of celery soup"", ""green beans"", ""salad dressing"", ""uncle ben's rice""]","[-0.00997381 -0.01005571 -0.01005151 -0.0098886  -0.009865   -0.00998026
 -0.01004009 -0.00970441 -0.01016154 -0.010141   -0.00993965 -0.00996722
 -0.00997665 -0.00990638 -0.01005736 -0.01007074 -0.00981646 -0.01003422
 -0.00991253 -0.00977501 -0.0098313  -0.0102707  -0.01013867 -0.01000219
 -0.0099135  -0.01002648 -0.01014551 -0.00994016 -0.00979642 -0.01007942
 -0.00996685 -0.00996867 -0.0096816  -0.0098629  -0.0098197  -0.01009649
 -0.00972986 -0.00992746 -0.01019499 -0.009792   -0.01005841 -0.00997694
 -0.00968883 -0.0100796  -0.00987513 -0.0100547  -0.00992198 -0.01004672
 -0.01012948 -0.00999636 -0.00991629 -0.00993409 -0.01006062 -0.01003002
 -0.00981123 -0.0097217  -0.00995188 -0.00989754 -0.01006406 -0.00985551
 -0.00994447 -0.00987808 -0.01007026 -0.01008116 -0.00986297 -0.00994135
 -0.00998699 -0.00992357 -0.01014423 -0.00983468 -0.01007064 -0.00992651
 -0.01009964 -0.0098303  -0.00986469 -0.01003808 -0.00996446 -0.00998428
 -0.01008746 -0.01009749 -0.01011867 -0.01010935 -0.00994754 -0.00992659
 -0.00998991 -0.00976415 -0.01018809 -0.01004563 -0.01007817 -0.00980008
 -0.01008593 -0.00983963 -0.01000376 -0.00992737 -0.00998558 -0.00997325
 -0.01013361 -0.00989784 -0.00975184 -0.00986783 -0.01012973 -0.00990053
 -0.00985472 -0.00985106 -0.01016035 -0.01003737 -0.01017802 -0.0100747
 -0.00999378 -0.00996393 -0.00985185 -0.00991    -0.0097991  -0.01001002
 -0.01024229 -0.00981686 -0.0100684  -0.0100735  -0.01007066 -0.01002075
 -0.01001297 -0.00996962 -0.0100905  -0.00960764 -0.01004179 -0.01010409
 -0.00996097 -0.00986401 -0.00981045 -0.01009259 -0.00989867 -0.00975981
 -0.00995413 -0.00996331 -0.01013794 -0.00986419 -0.00971262 -0.01004985
 -0.00995492 -0.01022403 -0.01018396 -0.00989117 -0.00996888 -0.01001304
 -0.0099759  -0.0099805  -0.01006405 -0.00984416 -0.00994454 -0.01007612
 -0.00985562 -0.00990795 -0.01022196 -0.01005912 -0.01003861 -0.00998623
 -0.01008618 -0.0099826  -0.01001565 -0.00993469 -0.00974791 -0.01010668
 -0.00995956 -0.01007232 -0.01005689 -0.00994387 -0.00985727 -0.00968399
 -0.01002589 -0.00975446 -0.01009491 -0.00991027 -0.00966848 -0.01016105
 -0.01010799 -0.00998131 -0.01008676 -0.00985887 -0.00984699 -0.00984803
 -0.01031347 -0.00991467 -0.00981833 -0.01014989 -0.00989642 -0.01003183
 -0.01000689 -0.01023692 -0.00983368 -0.00982096 -0.01007893 -0.00995075
 -0.01022974 -0.01010108 -0.00979654 -0.01013048 -0.01005228 -0.00993405
 -0.00978937 -0.01004007 -0.00992988 -0.00989972 -0.00994913 -0.00990892
 -0.01023159 -0.00990311 -0.00995902 -0.01010585 -0.00978372 -0.00999229
 -0.01019284 -0.00985283 -0.00981748 -0.01009654 -0.0099037  -0.01003228
 -0.00991036 -0.00996735 -0.01007413 -0.00996976 -0.0098992  -0.01006432
 -0.01030671 -0.00973478 -0.01011949 -0.01001156 -0.00998663 -0.00993385
 -0.0100271  -0.00971276 -0.00996677 -0.01009716 -0.00975472 -0.00994476
 -0.01030606 -0.00985049 -0.0100177  -0.0098861  -0.00989218 -0.01020144
 -0.01007754 -0.00999992 -0.00989605 -0.01017542 -0.00999841 -0.00996409
 -0.01005925 -0.00999859 -0.00997076 -0.01010116 -0.00972856 -0.01008252
 -0.00979219 -0.01033247 -0.00999055 -0.01000175 -0.00997244 -0.01004499
 -0.00990067 -0.00977243 -0.00980899 -0.00997678 -0.00968646 -0.01009406
 -0.01003469 -0.00981616 -0.01002427 -0.00996464 -0.00998642 -0.00994121
 -0.01009158 -0.01007009 -0.01016738 -0.0100334  -0.01013283 -0.01024885
 -0.00994913 -0.00998175 -0.01015118 -0.01018085 -0.00987115 -0.00988046
 -0.01014844 -0.00982126 -0.01005781 -0.01033748 -0.0101594  -0.0101017
 -0.0101736  -0.01002581 -0.00987759 -0.00970774 -0.01023788 -0.01013029
 -0.00975284 -0.01003241 -0.00988087 -0.00985182 -0.00981483 -0.01027644
 -0.00971722 -0.01008267 -0.01000399 -0.00987637 -0.01008429 -0.01004367
 -0.01006562 -0.01014681 -0.01157878 -0.01012747 -0.01013191 -0.01001014
 -0.00991135 -0.01005693 -0.01009361 -0.0102819  -0.00996338 -0.0099881
 -0.01012107 -0.01017335 -0.00970386 -0.0100502  -0.00998199 -0.01005003
 -0.009924   -0.01006006 -0.01004373 -0.00983021 -0.00977822 -0.0100883
 -0.00993233 -0.00988667 -0.00998706 -0.01002212 -0.0101079  -0.00994643
 -0.01029978 -0.01004477 -0.0099745  -0.00998184 -0.01000599 -0.01011069
 -0.00996149 -0.01006707 -0.01017705 -0.01008084 -0.00973192 -0.00991197
 -0.00989589 -0.01005575 -0.01010626 -0.01011972 -0.00967683 -0.01003496
 -0.00983168 -0.01019791 -0.0099968  -0.00980896 -0.00985658 -0.00995804
 -0.00993697 -0.01010334 -0.01003668 -0.00981866 -0.00964381 -0.00985351
 -0.00997416 -0.01020707 -0.00989651 -0.00994211 -0.01016462 -0.01001035
 -0.01020557 -0.01007709 -0.01013304 -0.01021026 -0.01000236 -0.00991102
 -0.01009749 -0.01007847 -0.00993631 -0.01031643 -0.01001035 -0.01014379
 -0.01023175 -0.01006676 -0.01001194 -0.00994154 -0.00997412 -0.01015419
 -0.00984018 -0.01008126 -0.01000107 -0.00997416 -0.01006385 -0.01029058
 -0.01033998 -0.01011844 -0.00967332 -0.01004873 -0.00986695 -0.00989172
 -0.0099223  -0.00976816 -0.00993109 -0.01014769 -0.01003991 -0.01009676
 -0.01016862 -0.01002642 -0.00971736 -0.01013616 -0.00988475 -0.01009318
 -0.01009704 -0.0099798  -0.00983489 -0.00999978 -0.00989115 -0.01018087
 -0.00984019 -0.01010498 -0.01014413 -0.0100276  -0.00984104 -0.00980223
 -0.01007461 -0.0099125  -0.00983601 -0.00997217 -0.01009975 -0.01008778
 -0.01006177 -0.01001852 -0.00989338 -0.00997691 -0.01003383 -0.00982144
 -0.01008265 -0.01005615 -0.01003526 -0.00999387 -0.01005278 -0.01016394
 -0.01013431 -0.01019596 -0.01013255 -0.00993849 -0.00994666 -0.00991124
 -0.01010273 -0.00997229 -0.01027529 -0.00965483 -0.00985173 -0.01004654
 -0.00993145 -0.00982494 -0.01004645 -0.0100148  -0.01003589 -0.0099987
 -0.01021582 -0.01035117 -0.00981618 -0.01004049 -0.00994514 -0.01023308
 -0.00995633 -0.01003805 -0.00988243 -0.00988097 -0.01010273 -0.00966002
 -0.01000945 -0.00994331 -0.01015549 -0.00986181 -0.01004051 -0.01004596
 -0.01002518 -0.00998232 -0.00999995 -0.01001147 -0.00988246 -0.00995583
 -0.0102336  -0.00991522 -0.00996548 -0.01010812 -0.01000225 -0.00971516
 -0.01009129 -0.01002832 -0.00985089 -0.01014536 -0.00984145 -0.00986544
 -0.01010571 -0.00994834 -0.00984661 -0.01007641 -0.00990908 -0.01010256
 -0.01003925 -0.00991    -0.00985098 -0.01001131 -0.00999673 -0.0100066
 -0.01001207 -0.00983995 -0.0098433  -0.00991914 -0.00976831 -0.0100553
 -0.0100737  -0.01016776 -0.01004129 -0.01025165 -0.00983958 -0.01023377
 -0.01000689 -0.00983648 -0.00996129 -0.00995563 -0.00998566 -0.009952
 -0.0101409  -0.01003144 -0.00986435 -0.00999596 -0.01013794 -0.00989106
 -0.00983911 -0.01012397 -0.01012818 -0.00995834 -0.00995236 -0.00988818
 -0.00995152 -0.00988007 -0.00986653 -0.00975575 -0.01020658 -0.01013854
 -0.00984325 -0.00990347 -0.00996654 -0.01013287 -0.00996555 -0.00994016
 -0.01013636 -0.01027752 -0.00994197 -0.00981932 -0.00985506 -0.00988682
 -0.00994402 -0.00993063 -0.01005504 -0.01033441 -0.0100514  -0.01032508
 -0.01015628 -0.00987323 -0.01018062 -0.00998576 -0.01002711 -0.00983402
 -0.00990021 -0.0098264  -0.01000835 -0.01008448 -0.00998531 -0.00994392
 -0.00980643 -0.0098115  -0.00985783 -0.0100848  -0.00988457 -0.01003435
 -0.00988352 -0.00994293 -0.01011821 -0.010321   -0.00990806 -0.00994001
 -0.01001979 -0.00994296 -0.00999733 -0.01005463 -0.00988085 -0.01012211
 -0.01012772 -0.0097957  -0.01014563 -0.01004546 -0.00972174 -0.0099092
 -0.00987432 -0.00986522 -0.01012287 -0.00993664 -0.00992567 -0.00991768
 -0.01024886 -0.00987451 -0.0102618  -0.00995303 -0.01003651 -0.01003796
 -0.01019644 -0.00992361 -0.01000061 -0.01017541 -0.01012813 -0.00990041
 -0.0099306  -0.01022819 -0.00989328 -0.00965629 -0.01000663 -0.01000136
 -0.01014834 -0.00997992 -0.00999495 -0.00959811 -0.00985479 -0.01021389
 -0.00991134 -0.00994542 -0.00992099 -0.00985829 -0.01031551 -0.01007873
 -0.01007282 -0.00995472 -0.01035605 -0.00992108 -0.01004951 -0.01000581
 -0.00988806 -0.01005259 -0.00999521 -0.00999784 -0.01013557 -0.01000318
 -0.00978316 -0.00995261 -0.0101941  -0.01000717 -0.00975962 -0.00995072
 -0.01013526 -0.01005613 -0.00986435 -0.01003055 -0.00997753 -0.01006112
 -0.00995774 -0.01008112 -0.00976696 -0.01007392 -0.01005801 -0.00991829
 -0.00986044 -0.00985732 -0.01001449 -0.01004802 -0.0101184  -0.01022627
 -0.00982434 -0.00981919 -0.01006736 -0.01028292 -0.0100286  -0.00973595
 -0.0100335  -0.01021539 -0.01011761 -0.0097868  -0.01000827 -0.00983773
 -0.0102223  -0.0098206  -0.01014518 -0.00978023 -0.0101027  -0.01004881
 -0.01021844 -0.01009677 -0.01001986 -0.00991198 -0.0102251  -0.00995883
 -0.01019026 -0.010088   -0.01011468 -0.01009211 -0.01001913 -0.01011867
 -0.00988541 -0.01001671 -0.01007286 -0.01002545 -0.00985962 -0.01002993
 -0.00994835 -0.00997108 -0.01004381 -0.00996192 -0.01013375 -0.01007563
 -0.01005923 -0.00983689 -0.01038357 -0.0100257  -0.01022322 -0.009815
 -0.01015606 -0.00987439 -0.01008591 -0.01005473 -0.00983864 -0.01009049
 -0.00996241 -0.0100698  -0.01000722 -0.01009451 -0.00984801 -0.00993945
 -0.01002598 -0.0101548  -0.01005804 -0.00973586 -0.01008737 -0.01000091
 -0.01005832 -0.0097502  -0.01000484 -0.01020104 -0.01021976 -0.0098768
 -0.00985444 -0.00994413 -0.01002041 -0.01010331 -0.00986093 -0.0099914
 -0.01000822 -0.00986468 -0.01026848 -0.01007446 -0.00978533 -0.00977543
 -0.01009262 -0.00996606 -0.00998051 -0.01005918 -0.00995022 -0.00989489
 -0.00994305 -0.00985398 -0.01000846 -0.01001509 -0.01003341 -0.01004991]"
Traditional Southern Fried Okra,"[""1/4 c corn meal"", ""1 tsp salt"", ""1/4 tsp pepper"", ""6 c (1/2 inch thick) sliced okra"", ""1/2 c vegetable oil""]","[""Combine cornmeal, salt and pepper in plastic bag."", ""Add okra and shake well to blend and coat 1 cup of okra at at time to cornmeal mix."", ""Put 1/4 cup oil into a cast iron frying pan and heat until hot."", ""Add coated okra a little at a time until brown."", ""Yield about 10 servings."", ""(Add additional oil as needed.)""]","[""corn meal"", ""pepper"", ""okra"", ""vegetable oil"", ""salt""]","[-0.00933302 -0.00924628 -0.00938912 -0.00923935 -0.00915284 -0.00920917
 -0.00908807 -0.00909257 -0.00929452 -0.00927445 -0.0091628  -0.00921169
 -0.00922169 -0.00904815 -0.00927522 -0.00917624 -0.00912552 -0.00923944
 -0.0091945  -0.00896798 -0.00914447 -0.00946881 -0.00928839 -0.00922074
 -0.00916624 -0.00925907 -0.0093395  -0.00931819 -0.00927823 -0.00929192
 -0.00921894 -0.00914997 -0.00900755 -0.00921215 -0.0091377  -0.00932409
 -0.00916959 -0.00928707 -0.00938648 -0.00918784 -0.00928558 -0.0093354
 -0.00895273 -0.00933413 -0.00910295 -0.0093815  -0.00927655 -0.00929029
 -0.00940935 -0.00928164 -0.00928387 -0.00913269 -0.009294   -0.00916528
 -0.00919807 -0.0090307  -0.00924789 -0.00927907 -0.00925507 -0.00926152
 -0.00925388 -0.00911066 -0.00930048 -0.00943678 -0.00927238 -0.00918553
 -0.00919235 -0.00908213 -0.00942321 -0.00904348 -0.009276   -0.00928483
 -0.00927091 -0.00921104 -0.00914935 -0.00929005 -0.00921313 -0.00926182
 -0.00922236 -0.00923663 -0.00928885 -0.00925326 -0.00914506 -0.00916468
 -0.00929246 -0.00909135 -0.00924177 -0.0092714  -0.00926146 -0.00912261
 -0.00938164 -0.00915456 -0.00923935 -0.00909646 -0.00919648 -0.00938401
 -0.00936356 -0.00922708 -0.00911867 -0.00916519 -0.00927078 -0.00926316
 -0.00903226 -0.00903143 -0.00939252 -0.0091955  -0.00926633 -0.00928931
 -0.00912598 -0.00925299 -0.00923189 -0.00910114 -0.00912072 -0.00934655
 -0.00940645 -0.0091162  -0.00921624 -0.00925092 -0.00931144 -0.00922593
 -0.00921068 -0.00921274 -0.00936878 -0.00890782 -0.00935934 -0.00920637
 -0.00925488 -0.00927794 -0.00912246 -0.00933343 -0.00911036 -0.00917751
 -0.0091676  -0.00924233 -0.00930514 -0.00906243 -0.00908802 -0.00925971
 -0.00899313 -0.00938292 -0.00939904 -0.00917458 -0.00921564 -0.00928802
 -0.0091694  -0.0092191  -0.00925211 -0.00913166 -0.00916088 -0.0092711
 -0.0091733  -0.00914224 -0.00940313 -0.00918692 -0.00924904 -0.00936154
 -0.00935406 -0.00932471 -0.00913886 -0.0091923  -0.00908079 -0.00919257
 -0.00919363 -0.00934847 -0.00919886 -0.00918592 -0.00923785 -0.00907118
 -0.00936178 -0.00909761 -0.0092536  -0.00926161 -0.00889695 -0.00934213
 -0.00941345 -0.0091752  -0.00927373 -0.00909689 -0.00915619 -0.00903794
 -0.00956875 -0.00930928 -0.008999   -0.00936148 -0.00922621 -0.00924682
 -0.00918518 -0.00934318 -0.00911084 -0.00918177 -0.00925915 -0.00931831
 -0.00932969 -0.00914737 -0.00916804 -0.0092328  -0.00930461 -0.00920477
 -0.00911727 -0.00924599 -0.00911866 -0.00928102 -0.00918431 -0.0091839
 -0.00957148 -0.0092535  -0.00920285 -0.00929266 -0.0091312  -0.0092631
 -0.00929293 -0.00919983 -0.0091327  -0.00929566 -0.00919801 -0.00922606
 -0.00926023 -0.00924299 -0.00930852 -0.009301   -0.00912009 -0.00921356
 -0.00953585 -0.00920711 -0.00928672 -0.00918577 -0.00925684 -0.00925773
 -0.00920804 -0.00902609 -0.00916882 -0.00943016 -0.00919483 -0.00934662
 -0.00937154 -0.00912415 -0.0091265  -0.00924324 -0.00913998 -0.00928386
 -0.00929183 -0.00920178 -0.00922563 -0.00934392 -0.00915527 -0.00921829
 -0.00925907 -0.00926977 -0.00919628 -0.00918921 -0.00910327 -0.00924255
 -0.00900429 -0.00937077 -0.00912367 -0.00929459 -0.00916674 -0.00927235
 -0.00918277 -0.00920241 -0.00921212 -0.00917801 -0.00908944 -0.00945599
 -0.00929046 -0.00913944 -0.00923397 -0.00921811 -0.0090436  -0.00924313
 -0.00927271 -0.00910894 -0.00931661 -0.00920027 -0.00925479 -0.00949997
 -0.0093496  -0.00923662 -0.00918692 -0.00939052 -0.00916493 -0.0090654
 -0.00947311 -0.00920359 -0.00934087 -0.00942787 -0.00935032 -0.00931931
 -0.00938455 -0.00915773 -0.00928828 -0.00896493 -0.00938792 -0.00937792
 -0.00911253 -0.00938363 -0.00920001 -0.00900065 -0.00924848 -0.00940202
 -0.00921666 -0.00926119 -0.00915897 -0.00915549 -0.00917841 -0.00915747
 -0.00921414 -0.00940997 -0.0113359  -0.0093732  -0.00937557 -0.00938581
 -0.00913333 -0.00917738 -0.00928085 -0.00936948 -0.00917694 -0.00919297
 -0.00919773 -0.00924911 -0.00916684 -0.00930905 -0.00925876 -0.00918477
 -0.00918674 -0.00935063 -0.00935113 -0.0091183  -0.0090924  -0.00930689
 -0.00920081 -0.00920183 -0.00920337 -0.00915737 -0.00925628 -0.0092317
 -0.00944604 -0.00930828 -0.00933346 -0.0091823  -0.00922695 -0.0093358
 -0.00914608 -0.00921319 -0.00940682 -0.0093455  -0.00898291 -0.00923841
 -0.0091336  -0.00928066 -0.00924964 -0.00931749 -0.00902099 -0.00921741
 -0.00900544 -0.00941585 -0.00926858 -0.00916283 -0.00910637 -0.00925392
 -0.0091378  -0.00939599 -0.00913926 -0.00916334 -0.00897876 -0.00911691
 -0.00914226 -0.00945238 -0.00905448 -0.00919433 -0.00941829 -0.00916167
 -0.00944139 -0.00931677 -0.00937556 -0.00935818 -0.00916125 -0.0090566
 -0.00931435 -0.00924756 -0.00937855 -0.00957512 -0.00929609 -0.00932058
 -0.00929403 -0.00923367 -0.00923807 -0.00919722 -0.0092985  -0.00926375
 -0.00906598 -0.00930784 -0.00922317 -0.00934472 -0.00941042 -0.00930541
 -0.00950428 -0.00925459 -0.00914297 -0.00921218 -0.00913964 -0.00913469
 -0.00908684 -0.00925663 -0.00906814 -0.00933398 -0.00924208 -0.00923995
 -0.00923856 -0.00934247 -0.00897154 -0.0092409  -0.009077   -0.00919699
 -0.0093902  -0.00922858 -0.00904174 -0.00927555 -0.00926372 -0.00931912
 -0.00900708 -0.00921535 -0.00929111 -0.00928652 -0.00909951 -0.00915078
 -0.00919975 -0.00915269 -0.00914696 -0.00911743 -0.00922973 -0.00923836
 -0.00919848 -0.00932319 -0.00920685 -0.00912547 -0.00939836 -0.00913399
 -0.00922252 -0.00943006 -0.00927062 -0.00919252 -0.00932343 -0.00919884
 -0.00922246 -0.00937212 -0.00935614 -0.00925693 -0.00922986 -0.00928241
 -0.00929918 -0.0091248  -0.00931943 -0.00907102 -0.00915899 -0.00914737
 -0.00927399 -0.00912486 -0.00924982 -0.00920681 -0.00916342 -0.009228
 -0.00940329 -0.00943217 -0.00907231 -0.00924451 -0.00916496 -0.00942172
 -0.00914064 -0.00935498 -0.009124   -0.0091711  -0.00939801 -0.00907073
 -0.00923761 -0.00918375 -0.00938234 -0.0091297  -0.00915034 -0.00931068
 -0.00915022 -0.0093084  -0.00918756 -0.00921393 -0.00915769 -0.00926904
 -0.00945515 -0.00921243 -0.00921439 -0.00929183 -0.00924201 -0.00910558
 -0.00940217 -0.00927602 -0.00925249 -0.00934459 -0.00916426 -0.00920216
 -0.00916285 -0.00920613 -0.00915729 -0.00922632 -0.009311   -0.00919495
 -0.00921612 -0.00918058 -0.0090333  -0.0092283  -0.00913789 -0.00936132
 -0.00921008 -0.00906582 -0.00918863 -0.00922894 -0.00910672 -0.00926405
 -0.00942821 -0.00934139 -0.00921221 -0.00944718 -0.00906032 -0.00937754
 -0.00924786 -0.00914617 -0.00915083 -0.00918244 -0.00922003 -0.00916024
 -0.00948486 -0.00931777 -0.00914489 -0.00921679 -0.00919246 -0.00905736
 -0.00926613 -0.00929795 -0.00931703 -0.0092858  -0.00929165 -0.00917922
 -0.00931125 -0.00910164 -0.00914043 -0.00899009 -0.00940573 -0.00931819
 -0.00896362 -0.00910964 -0.00922092 -0.00926854 -0.00934344 -0.00915699
 -0.00937044 -0.00939073 -0.00914402 -0.00898259 -0.00919522 -0.00905332
 -0.00923118 -0.00931615 -0.00913201 -0.00951351 -0.00926048 -0.00960124
 -0.0092487  -0.00914653 -0.00935726 -0.00937447 -0.00920079 -0.0091353
 -0.00921521 -0.00914113 -0.00926014 -0.00926579 -0.00924998 -0.00930423
 -0.00903927 -0.00919953 -0.0091155  -0.0091684  -0.00907266 -0.00923818
 -0.00936331 -0.00915657 -0.00937334 -0.00942469 -0.00925648 -0.00919079
 -0.00929639 -0.00916079 -0.00932811 -0.0093002  -0.00903837 -0.00936444
 -0.00941485 -0.009286   -0.00935933 -0.00942873 -0.00901046 -0.00914907
 -0.00915566 -0.00902768 -0.00944306 -0.00921772 -0.00925103 -0.00918673
 -0.00936397 -0.00918309 -0.00936777 -0.00905069 -0.00926579 -0.00924271
 -0.00923361 -0.00914029 -0.00922099 -0.00936296 -0.00927096 -0.00913913
 -0.00927523 -0.00935985 -0.00902741 -0.00892961 -0.00921709 -0.00921328
 -0.00923899 -0.00921724 -0.0091938  -0.00896578 -0.00912943 -0.00937323
 -0.00910231 -0.00924251 -0.00903128 -0.00900401 -0.00938321 -0.00937985
 -0.00924338 -0.00923854 -0.00928572 -0.00911043 -0.00922364 -0.00922697
 -0.00917348 -0.00925404 -0.00921621 -0.00921565 -0.00937303 -0.00914351
 -0.00923746 -0.00928408 -0.00933959 -0.0091389  -0.00908232 -0.00926538
 -0.00937369 -0.00927472 -0.00916685 -0.0093953  -0.00917568 -0.00924369
 -0.00933424 -0.00923865 -0.00898722 -0.00915998 -0.00922907 -0.00928311
 -0.00928558 -0.00910143 -0.00929157 -0.00930306 -0.00926024 -0.00933583
 -0.00919817 -0.00917414 -0.00944341 -0.00949692 -0.00937761 -0.00910928
 -0.00923451 -0.00943867 -0.00934382 -0.00897896 -0.00913176 -0.00917394
 -0.00931964 -0.0090664  -0.00931649 -0.00904248 -0.00931174 -0.00941427
 -0.00935881 -0.0093428  -0.00917703 -0.00929263 -0.00941478 -0.00914646
 -0.0093392  -0.00941827 -0.00926496 -0.00924952 -0.00925334 -0.00938067
 -0.00920511 -0.00931184 -0.00926491 -0.0092103  -0.00927638 -0.00931896
 -0.00906975 -0.00914067 -0.0093054  -0.00918629 -0.00935854 -0.00922799
 -0.00923238 -0.00920978 -0.0093918  -0.00925124 -0.00933076 -0.00915481
 -0.00938846 -0.00914779 -0.00935089 -0.0092477  -0.00906519 -0.00921762
 -0.00920788 -0.00933053 -0.00929542 -0.00940798 -0.00912274 -0.00919341
 -0.0093278  -0.00927072 -0.00924199 -0.00912473 -0.00937068 -0.00916713
 -0.00940059 -0.00907997 -0.00934643 -0.00933233 -0.00930365 -0.0092692
 -0.00920592 -0.00916074 -0.00921343 -0.00921572 -0.00919739 -0.0092695
 -0.00924216 -0.00926828 -0.00934738 -0.00923511 -0.00913492 -0.00911919
 -0.00937824 -0.00914923 -0.00928507 -0.00926744 -0.0093593  -0.00923482
 -0.00914679 -0.00931752 -0.00923639 -0.00918179 -0.00925667 -0.00930846]"
Date Sandwich Cake,"[""1 3/4 c. oatmeal"", ""1 1/2 c. flour"", ""1 c. brown sugar"", ""1 tsp. baking soda"", ""1 tsp. salt"", ""3/4 c. soft butter"", ""1 lb. dates"", ""1/4 c. brown sugar"", ""3/4 c. water"", ""1 tsp. vanilla""]","[""Mix oatmeal, flour, sugar, baking soda, and salt."", ""Add softened butter and rub together until crumbly."", ""Spread 1/2 of crumbs in a 9 x 11 pan."", ""Cook dates with water and sugar until thickened."", ""Add vanilla."", ""Spread date mixture on crumbs; then top with remaining crumbs and press in gently. Bake in a 325 to 350\u00b0 oven until lightly browned."", ""Suggestion:"", ""You may delete the sugar cooked with dates if you wish to lessen the sweetness."", ""Better to bake 2 days before using so crumbs get moist and don't fall off.""]","[""vanilla"", ""brown sugar"", ""baking soda"", ""water"", ""flour"", ""dates"", ""oatmeal"", ""butter"", ""salt""]","[-0.01069156 -0.01083517 -0.01055702 -0.01061198 -0.01064131 -0.01067176
 -0.0107073  -0.01056696 -0.01070396 -0.01075372 -0.01068255 -0.01071699
 -0.01057252 -0.01065674 -0.0108204  -0.010807   -0.01067599 -0.01050931
 -0.01064246 -0.01064162 -0.01068208 -0.01088413 -0.01077328 -0.01067249
 -0.01057692 -0.01067454 -0.01081795 -0.01057245 -0.01058733 -0.01066348
 -0.01073633 -0.01071643 -0.01040361 -0.010727   -0.01060015 -0.01079954
 -0.01057247 -0.01067571 -0.01085044 -0.01060586 -0.01073127 -0.01074195
 -0.01052694 -0.01074758 -0.01076927 -0.01074744 -0.0107042  -0.01069223
 -0.01072816 -0.01066213 -0.01061139 -0.01065258 -0.01085754 -0.01063443
 -0.01065643 -0.01066089 -0.01058216 -0.01066828 -0.01069288 -0.01068536
 -0.01062742 -0.01061653 -0.01064467 -0.01076357 -0.01075377 -0.01065791
 -0.01050155 -0.01052103 -0.010836   -0.01070783 -0.01068482 -0.01068762
 -0.01066331 -0.01064022 -0.01059144 -0.01073469 -0.010641   -0.01064908
 -0.01068027 -0.01060063 -0.01073744 -0.01072233 -0.01046137 -0.01058262
 -0.01072961 -0.01057789 -0.01071667 -0.01071368 -0.010907   -0.0104558
 -0.01070205 -0.01063191 -0.01060057 -0.01064865 -0.01072501 -0.01074292
 -0.01076915 -0.01052477 -0.01053991 -0.01071735 -0.01085423 -0.01076749
 -0.01068945 -0.01052816 -0.01078462 -0.01072793 -0.01070908 -0.01070021
 -0.01055387 -0.01075514 -0.01066244 -0.01082272 -0.01048892 -0.0105507
 -0.0108713  -0.01053479 -0.01075756 -0.01057967 -0.01079847 -0.01067317
 -0.01075168 -0.01070853 -0.01062408 -0.01048977 -0.0105176  -0.01062928
 -0.01076569 -0.01072556 -0.01066203 -0.01075245 -0.01055593 -0.01069239
 -0.01068554 -0.01070134 -0.01069481 -0.010638   -0.01062741 -0.01063122
 -0.0105697  -0.01085813 -0.01082124 -0.0105624  -0.01065428 -0.0108175
 -0.01060291 -0.01069675 -0.010698   -0.01062608 -0.01064246 -0.01054263
 -0.01065595 -0.01043732 -0.01085066 -0.01091034 -0.01054184 -0.01062391
 -0.01081927 -0.01065125 -0.01092082 -0.01063326 -0.01054565 -0.01064624
 -0.01079936 -0.01054046 -0.01074668 -0.01061425 -0.01060603 -0.01052688
 -0.01067898 -0.01063476 -0.01078835 -0.01064307 -0.01040661 -0.0106698
 -0.01072283 -0.0105397  -0.01061416 -0.01064759 -0.0106671  -0.01063439
 -0.01097899 -0.01061639 -0.01065012 -0.01079284 -0.01065254 -0.01071548
 -0.01059875 -0.01075701 -0.0105776  -0.01062875 -0.01093202 -0.01068027
 -0.01071254 -0.01075148 -0.01063928 -0.01078895 -0.01072006 -0.01067637
 -0.01052489 -0.01071248 -0.01059935 -0.01059765 -0.01051728 -0.01060105
 -0.01076375 -0.01065717 -0.01060877 -0.01075414 -0.01070584 -0.01071688
 -0.01074622 -0.01055687 -0.01046198 -0.01074836 -0.0107496  -0.0106844
 -0.01055294 -0.01073508 -0.01081575 -0.01075236 -0.01058719 -0.01061706
 -0.01089166 -0.01063457 -0.01076507 -0.0105299  -0.01068408 -0.01060504
 -0.01060474 -0.01059053 -0.01077521 -0.0107397  -0.01074288 -0.01061205
 -0.01070379 -0.01054701 -0.01060768 -0.01067655 -0.01072982 -0.01082301
 -0.01083017 -0.0106655  -0.01064504 -0.01070363 -0.01083904 -0.0106473
 -0.01066215 -0.01065015 -0.01067246 -0.01076777 -0.01070759 -0.01066367
 -0.01060224 -0.01073939 -0.01068947 -0.01067401 -0.01068761 -0.0107152
 -0.01056771 -0.01057479 -0.0106189  -0.01059557 -0.01046003 -0.01076912
 -0.01071861 -0.01058761 -0.01078382 -0.01067971 -0.01062096 -0.01062345
 -0.01080633 -0.01068853 -0.01073371 -0.01070713 -0.01081753 -0.01096075
 -0.01068072 -0.01057397 -0.01059622 -0.0108237  -0.01071985 -0.01074304
 -0.01085969 -0.01067089 -0.01055761 -0.0109114  -0.01074139 -0.01079355
 -0.01085483 -0.01066889 -0.01060962 -0.01034182 -0.01075457 -0.01087048
 -0.01050327 -0.01065571 -0.01058165 -0.0105481  -0.01060913 -0.01063329
 -0.01060437 -0.01066449 -0.01070704 -0.01059809 -0.01064099 -0.01063292
 -0.01066524 -0.01071737 -0.01307198 -0.01079822 -0.01080761 -0.01073388
 -0.01069002 -0.01071816 -0.01065823 -0.01085344 -0.01075632 -0.01076301
 -0.01068926 -0.01068207 -0.01058791 -0.01073314 -0.01068488 -0.01075395
 -0.01068401 -0.01080681 -0.01064955 -0.01061307 -0.01081409 -0.01078236
 -0.01059793 -0.01065734 -0.01076506 -0.01050631 -0.01071512 -0.01062748
 -0.01091273 -0.01070186 -0.01066407 -0.01071686 -0.01060431 -0.0107486
 -0.01065896 -0.01072939 -0.01074085 -0.01079857 -0.0105927  -0.01058527
 -0.0105142  -0.01064797 -0.01072784 -0.01077412 -0.0105415  -0.01086509
 -0.01051141 -0.0107678  -0.01066893 -0.01049951 -0.01047081 -0.01057051
 -0.01060682 -0.01075674 -0.01068578 -0.01047402 -0.01056317 -0.01056227
 -0.01076791 -0.01088412 -0.01066839 -0.01078245 -0.01070985 -0.01062296
 -0.01081613 -0.0106238  -0.01073058 -0.01083106 -0.01077579 -0.01058025
 -0.01073829 -0.01094579 -0.01072379 -0.0109719  -0.01079315 -0.01069558
 -0.01081157 -0.01080137 -0.01057378 -0.01071668 -0.01066734 -0.01079679
 -0.01063366 -0.0105869  -0.01075703 -0.01066083 -0.01074979 -0.0109091
 -0.01090704 -0.0106126  -0.01057874 -0.01068055 -0.01067762 -0.01063753
 -0.01056506 -0.01045608 -0.01071261 -0.01070711 -0.01077456 -0.01072179
 -0.0107982  -0.01069791 -0.01054419 -0.01077156 -0.01062229 -0.01081499
 -0.0108963  -0.01068547 -0.01070527 -0.01075976 -0.01069816 -0.01073519
 -0.01056774 -0.01069243 -0.01071242 -0.0107839  -0.01071095 -0.01060306
 -0.01064348 -0.01060038 -0.01079649 -0.01059375 -0.01074767 -0.01075057
 -0.01069936 -0.01072863 -0.01073796 -0.01081567 -0.01056688 -0.01058445
 -0.01066368 -0.01064106 -0.01080918 -0.0106369  -0.01066595 -0.01069961
 -0.0109183  -0.01081605 -0.01063881 -0.01059016 -0.0106525  -0.01067651
 -0.010804   -0.01066296 -0.01063171 -0.01051501 -0.010845   -0.01079213
 -0.01060274 -0.01049783 -0.01071202 -0.01069864 -0.010524   -0.01073855
 -0.01071862 -0.01083203 -0.01059647 -0.01071824 -0.01075589 -0.01071321
 -0.01063897 -0.01095608 -0.01064984 -0.0105358  -0.0107868  -0.01047436
 -0.01076761 -0.0106998  -0.01086838 -0.01068429 -0.01065257 -0.01066473
 -0.01076863 -0.01057777 -0.01076167 -0.01065355 -0.01060397 -0.01080928
 -0.01081768 -0.01070302 -0.01067501 -0.01076949 -0.01058484 -0.010604
 -0.0105296  -0.01072864 -0.01072228 -0.01067745 -0.01057008 -0.01056823
 -0.01070783 -0.01064132 -0.01073604 -0.01076239 -0.01075689 -0.01088043
 -0.01059777 -0.0105791  -0.01058068 -0.01067537 -0.01071079 -0.0107422
 -0.01082591 -0.01062821 -0.01057247 -0.01063185 -0.01056903 -0.01075605
 -0.01067905 -0.01075963 -0.01068386 -0.01093317 -0.01062253 -0.01086071
 -0.01065968 -0.01055793 -0.01076164 -0.01064748 -0.01062963 -0.01067805
 -0.0107466  -0.01069354 -0.01070653 -0.01076612 -0.01067018 -0.01060905
 -0.01065135 -0.01080001 -0.01069324 -0.0106602  -0.01052441 -0.01073148
 -0.01077358 -0.01050547 -0.01057109 -0.01052697 -0.01092941 -0.01074135
 -0.01062504 -0.01066594 -0.01064136 -0.01078736 -0.01075353 -0.01074158
 -0.01080546 -0.01064945 -0.01070536 -0.01051822 -0.01060251 -0.01058073
 -0.01080564 -0.01061986 -0.01068936 -0.01087161 -0.01070031 -0.01100507
 -0.01083036 -0.01076395 -0.01086893 -0.01061255 -0.01080597 -0.0105285
 -0.01057629 -0.01062504 -0.01073378 -0.01072681 -0.01061251 -0.0107206
 -0.0107193  -0.0105078  -0.01070527 -0.01065594 -0.01053411 -0.01070176
 -0.01071405 -0.01067042 -0.01063421 -0.01098792 -0.01064618 -0.01062608
 -0.01063982 -0.01060748 -0.01082476 -0.01063885 -0.01064535 -0.01080826
 -0.0108401  -0.01066664 -0.01086129 -0.01055205 -0.01052512 -0.0105851
 -0.01061451 -0.01063101 -0.01067572 -0.01051167 -0.01060423 -0.01060995
 -0.01089632 -0.01061653 -0.01073643 -0.01055105 -0.0105768  -0.01082262
 -0.01081329 -0.01060926 -0.01070284 -0.01075369 -0.01076086 -0.01056129
 -0.01065808 -0.01075365 -0.01067256 -0.01047132 -0.01066333 -0.01064509
 -0.01060586 -0.01080759 -0.01079731 -0.0105983  -0.0106446  -0.01068142
 -0.01058339 -0.0105964  -0.01062499 -0.01064158 -0.01097127 -0.01061544
 -0.01077927 -0.01054788 -0.0107726  -0.01061949 -0.01063679 -0.01073536
 -0.01058722 -0.01073072 -0.010676   -0.01078311 -0.01068744 -0.01071293
 -0.01065531 -0.01061845 -0.01084226 -0.01056798 -0.01044083 -0.01071088
 -0.01060735 -0.01081403 -0.01054906 -0.01063442 -0.01068751 -0.01068548
 -0.01077321 -0.01088234 -0.01047686 -0.01051807 -0.01074612 -0.01064405
 -0.01066222 -0.01069279 -0.01071764 -0.01073304 -0.01073143 -0.01070045
 -0.01065508 -0.01059468 -0.01093877 -0.01060256 -0.01069058 -0.01051302
 -0.01068862 -0.01090581 -0.01070024 -0.01048894 -0.01073782 -0.01059577
 -0.01089339 -0.01045938 -0.01077482 -0.01063477 -0.01088114 -0.01075733
 -0.01080318 -0.01062775 -0.01066922 -0.01077839 -0.0107331  -0.01072034
 -0.01080759 -0.01075985 -0.01066495 -0.01080795 -0.01079975 -0.01087467
 -0.01049236 -0.01073344 -0.01070534 -0.01068333 -0.01060606 -0.0106315
 -0.01067348 -0.0108078  -0.01067421 -0.01071401 -0.01066147 -0.01066153
 -0.01067488 -0.01067135 -0.0108515  -0.01068471 -0.01072241 -0.01054208
 -0.01085988 -0.01064369 -0.0108068  -0.01069885 -0.01066586 -0.01063134
 -0.0107428  -0.01089172 -0.01064643 -0.01073626 -0.01057619 -0.01061542
 -0.01076056 -0.01072853 -0.01076958 -0.01060382 -0.01072321 -0.01066867
 -0.01073181 -0.01057024 -0.01072957 -0.01083869 -0.01068375 -0.01073832
 -0.01073751 -0.01058323 -0.01068207 -0.01077192 -0.01057253 -0.01066703
 -0.01076881 -0.01057092 -0.01095543 -0.01068684 -0.01059329 -0.01060117
 -0.01083309 -0.01091205 -0.01063529 -0.01077131 -0.01059465 -0.01070871
 -0.01069766 -0.01062899 -0.01065315 -0.01068512 -0.01069259 -0.0107583 ]"
Chicken Mozzarella,"[""1 Tbsp. vegetable oil"", ""2 Tbsp. grated Parmesan cheese"", ""2/3 c. Bisquick mix"", ""2 tsp. Italian seasoning"", ""1 tsp. paprika"", ""1/4 tsp. pepper"", ""6 large chicken breast halves"", ""2/3 c. chili sauce"", ""3/4 c. shredded Mozzarella cheese""]","[""Brush bottom of rectangular pan, 13 x 9 x 2-inch, with oil. Mix Parmesan cheese, Bisquick, seasoning, paprika and pepper; coat chicken."", ""Place, skin side down, in pan."", ""Bake 45 minutes; turn chicken.""]","[""bisquick mix"", ""pepper"", ""italian seasoning"", ""chili sauce"", ""mozzarella cheese"", ""parmesan cheese"", ""chicken breast halves"", ""paprika"", ""vegetable oil""]","[-0.00977059 -0.0098364  -0.00969451 -0.00966668 -0.00957234 -0.00973433
 -0.00971943 -0.00949104 -0.00984822 -0.00977448 -0.00965536 -0.00962077
 -0.00967929 -0.00959661 -0.0097713  -0.00979832 -0.00962515 -0.00969606
 -0.00969918 -0.00959834 -0.00957349 -0.00994372 -0.00991507 -0.00968677
 -0.00969419 -0.0098081  -0.00976541 -0.00966495 -0.00958501 -0.00964921
 -0.00972786 -0.0097561  -0.00943739 -0.00966687 -0.00959382 -0.00979507
 -0.00957066 -0.00961551 -0.00989891 -0.00958014 -0.00974208 -0.00978996
 -0.00941572 -0.00985226 -0.00963229 -0.00980385 -0.00970297 -0.00976685
 -0.0097441  -0.00978033 -0.00965008 -0.00955366 -0.0098814  -0.00973599
 -0.00973483 -0.00952062 -0.0096805  -0.00972838 -0.00978799 -0.00967972
 -0.00962205 -0.00966576 -0.00973254 -0.00979532 -0.00980907 -0.00967856
 -0.00965704 -0.00964623 -0.00991293 -0.00965102 -0.00977755 -0.00978186
 -0.00977063 -0.00976796 -0.00969983 -0.00970654 -0.00971179 -0.00969756
 -0.00967218 -0.00971054 -0.00985602 -0.00984923 -0.00960534 -0.00956057
 -0.00977821 -0.00956092 -0.00986126 -0.0098164  -0.00978918 -0.00943071
 -0.00986486 -0.00963826 -0.00961098 -0.00968516 -0.0097093  -0.00976027
 -0.00981652 -0.00959347 -0.00968179 -0.00964432 -0.00987651 -0.00958594
 -0.00973815 -0.00951534 -0.00979972 -0.00970217 -0.0098649  -0.00968209
 -0.00962193 -0.00973477 -0.00968968 -0.00978602 -0.00958195 -0.00975887
 -0.00997656 -0.00964062 -0.00976512 -0.00965784 -0.00972527 -0.00979415
 -0.00978996 -0.00971186 -0.00973443 -0.00944666 -0.00975288 -0.00989013
 -0.00971447 -0.00975386 -0.00966157 -0.00988614 -0.00968516 -0.0096253
 -0.00970946 -0.0097157  -0.00981463 -0.00962549 -0.00965202 -0.00977864
 -0.00969232 -0.00984995 -0.0097961  -0.00950118 -0.0097435  -0.00977781
 -0.00979051 -0.00978012 -0.00979817 -0.0096098  -0.0097175  -0.00970417
 -0.00967091 -0.00952401 -0.00993788 -0.00998571 -0.00968915 -0.00961296
 -0.00983966 -0.00971374 -0.00964743 -0.00969991 -0.00955978 -0.00978192
 -0.00969537 -0.0098276  -0.00980258 -0.00976137 -0.00967462 -0.00956355
 -0.00976262 -0.00950869 -0.00978593 -0.0096291  -0.00929687 -0.00979271
 -0.00975997 -0.00968649 -0.00971551 -0.0097057  -0.00958164 -0.00961676
 -0.00998912 -0.00980137 -0.00960611 -0.00986694 -0.00957171 -0.00980247
 -0.00952142 -0.00989126 -0.00962591 -0.00946354 -0.00983948 -0.00969773
 -0.00979635 -0.00980546 -0.00968243 -0.00972101 -0.00981373 -0.00969396
 -0.00955461 -0.00981306 -0.00972598 -0.00962129 -0.0095484  -0.0096409
 -0.00981749 -0.00965871 -0.00965266 -0.00982048 -0.0097074  -0.00964836
 -0.00980136 -0.00959566 -0.00956764 -0.0098128  -0.00967718 -0.00964418
 -0.00964209 -0.00967145 -0.00984852 -0.00970543 -0.00967506 -0.00980755
 -0.00997821 -0.00953446 -0.00975652 -0.00960453 -0.00984766 -0.00958176
 -0.00968276 -0.00961108 -0.00976267 -0.00977342 -0.00960664 -0.00961579
 -0.00986666 -0.00959021 -0.00965341 -0.00967687 -0.00972853 -0.00985568
 -0.00977488 -0.00960496 -0.00960817 -0.00980302 -0.00973099 -0.0097045
 -0.00973116 -0.00971556 -0.00971306 -0.00975392 -0.00960568 -0.00976427
 -0.00961296 -0.00984782 -0.00964891 -0.00984273 -0.00966105 -0.00971029
 -0.00968091 -0.009609   -0.00972356 -0.00970948 -0.00939282 -0.00975751
 -0.0097226  -0.00958038 -0.00985775 -0.00972447 -0.00975731 -0.00965995
 -0.00984456 -0.00967133 -0.00974732 -0.00972159 -0.00971721 -0.00997346
 -0.00971896 -0.00972289 -0.0097461  -0.00982896 -0.00964415 -0.00971517
 -0.00993947 -0.00951791 -0.00978816 -0.00999545 -0.00973992 -0.00985071
 -0.0099288  -0.00966272 -0.00972355 -0.00955311 -0.00990333 -0.00987216
 -0.00958997 -0.00970866 -0.00961665 -0.00957333 -0.00961491 -0.00984302
 -0.00958523 -0.00977741 -0.00967271 -0.00963034 -0.00965121 -0.00969225
 -0.00970862 -0.00973414 -0.01158649 -0.00979735 -0.00991749 -0.00973207
 -0.0096853  -0.00975708 -0.00994929 -0.00998592 -0.00976876 -0.00976591
 -0.00984538 -0.00978709 -0.00957629 -0.00966627 -0.00977638 -0.00979416
 -0.00970753 -0.00974776 -0.00980584 -0.00957092 -0.00952238 -0.00989851
 -0.00965165 -0.00967796 -0.00967627 -0.00962644 -0.00978383 -0.00959429
 -0.0099514  -0.00965215 -0.00982129 -0.00975499 -0.00974138 -0.00982447
 -0.00965505 -0.00975908 -0.00986976 -0.0097911  -0.00942951 -0.00958471
 -0.00958458 -0.00972322 -0.00979376 -0.00985509 -0.00949992 -0.00977306
 -0.00962814 -0.00991646 -0.00977215 -0.00957449 -0.00956706 -0.00973053
 -0.00973306 -0.00972259 -0.00965708 -0.00958528 -0.00948451 -0.00959964
 -0.00969082 -0.00993206 -0.00959305 -0.00974543 -0.00981814 -0.00973249
 -0.00984092 -0.00978248 -0.00982225 -0.00977788 -0.009705   -0.0095645
 -0.00974097 -0.00979284 -0.00969373 -0.00998399 -0.00976721 -0.00975228
 -0.00988518 -0.00980861 -0.0097193  -0.00967147 -0.00973075 -0.00988693
 -0.00974322 -0.00983553 -0.00972584 -0.00971256 -0.00986982 -0.00986511
 -0.01001142 -0.00976886 -0.00962357 -0.00981653 -0.00956481 -0.00965494
 -0.00962601 -0.00957123 -0.00981613 -0.00971563 -0.00974263 -0.00982888
 -0.00991872 -0.00995105 -0.00945296 -0.00979652 -0.00972216 -0.00972421
 -0.00987911 -0.00980563 -0.00968949 -0.00970061 -0.00971054 -0.00985843
 -0.00966101 -0.00981652 -0.00983625 -0.00979311 -0.00959224 -0.00966937
 -0.00971374 -0.00972023 -0.00968206 -0.00971244 -0.00973225 -0.00983961
 -0.0097673  -0.00981698 -0.00960835 -0.00963207 -0.00964181 -0.00960135
 -0.00980744 -0.00978618 -0.00974718 -0.00959    -0.00965703 -0.00977508
 -0.00991332 -0.00994205 -0.00987179 -0.00961459 -0.00965861 -0.0095466
 -0.00978016 -0.00966634 -0.00986181 -0.00942285 -0.00964607 -0.00979503
 -0.00970163 -0.00956655 -0.00973453 -0.00963538 -0.00967532 -0.00975486
 -0.00971288 -0.00993688 -0.00961227 -0.00974379 -0.00972146 -0.00985354
 -0.00964593 -0.00975371 -0.00956841 -0.00962301 -0.00989635 -0.00944753
 -0.00969994 -0.00974107 -0.00986127 -0.00950738 -0.00973283 -0.00971275
 -0.00972605 -0.00959487 -0.00989967 -0.00967745 -0.00958812 -0.00978683
 -0.00989128 -0.00962943 -0.00965622 -0.00985159 -0.00958588 -0.00958636
 -0.00981973 -0.00985061 -0.00958629 -0.00978561 -0.0095949  -0.00973085
 -0.0097627  -0.00962253 -0.00954819 -0.00982272 -0.00970843 -0.00977922
 -0.00974306 -0.00958519 -0.00956577 -0.00975127 -0.00978845 -0.00985345
 -0.00985919 -0.00952284 -0.00954255 -0.00964011 -0.00957435 -0.00976084
 -0.00979062 -0.00973421 -0.00968915 -0.00994431 -0.00948297 -0.00981127
 -0.0096699  -0.00947853 -0.00965251 -0.00972835 -0.00969865 -0.00967758
 -0.00987724 -0.0097531  -0.00966512 -0.00978759 -0.00982711 -0.00964814
 -0.00973567 -0.00977321 -0.00973174 -0.00970992 -0.00965098 -0.00967817
 -0.0097343  -0.0096473  -0.00951975 -0.00951435 -0.00979764 -0.0098052
 -0.00959934 -0.0097116  -0.00962384 -0.00978835 -0.00976183 -0.00959185
 -0.00977819 -0.00980777 -0.00972475 -0.00954473 -0.00966849 -0.00963829
 -0.00977937 -0.00966747 -0.00970334 -0.00989057 -0.00970624 -0.00998593
 -0.00976564 -0.00965808 -0.00991742 -0.00976399 -0.0098185  -0.00958911
 -0.00967548 -0.00953586 -0.00973238 -0.00979399 -0.0097176  -0.00965474
 -0.00957277 -0.00955755 -0.0095781  -0.00974758 -0.00956708 -0.00968514
 -0.00974192 -0.00971363 -0.00971871 -0.01000337 -0.00967493 -0.00970704
 -0.00974226 -0.00960214 -0.00990967 -0.00970442 -0.00970696 -0.00990594
 -0.00986328 -0.009474   -0.00988691 -0.00964512 -0.00954235 -0.00973642
 -0.00958159 -0.00965922 -0.00980158 -0.00959856 -0.00963649 -0.00966181
 -0.00995598 -0.00964517 -0.00999572 -0.00974021 -0.00976398 -0.00976144
 -0.00976228 -0.00968145 -0.00987653 -0.00980704 -0.00989921 -0.00961604
 -0.00969105 -0.00992267 -0.00960481 -0.00952266 -0.00971172 -0.00972735
 -0.00977971 -0.00983218 -0.00969634 -0.00945681 -0.00957755 -0.00980457
 -0.00965382 -0.00968049 -0.00955333 -0.00960384 -0.01001774 -0.00973698
 -0.00978646 -0.00967527 -0.00994186 -0.00960406 -0.0097242  -0.00979565
 -0.00962197 -0.00976553 -0.00973524 -0.00980362 -0.00980628 -0.00971991
 -0.00959052 -0.00968699 -0.00992076 -0.00960882 -0.00953979 -0.00974187
 -0.00981468 -0.00985843 -0.00960451 -0.00977092 -0.0097324  -0.00972834
 -0.00964664 -0.00978252 -0.00941825 -0.00970686 -0.00978573 -0.00972782
 -0.00970888 -0.0096863  -0.00985268 -0.00967641 -0.00973719 -0.00995528
 -0.00960029 -0.00960258 -0.00991415 -0.00983529 -0.00978787 -0.00945288
 -0.00973609 -0.00989005 -0.00983708 -0.00960951 -0.00976124 -0.00969676
 -0.01000327 -0.00945528 -0.00977541 -0.00964049 -0.00997465 -0.00967456
 -0.00989364 -0.00972033 -0.00971939 -0.00959925 -0.00977394 -0.00989317
 -0.00982624 -0.00980396 -0.00982917 -0.00982541 -0.0098214  -0.00982407
 -0.00954521 -0.0097854  -0.00981796 -0.00981633 -0.00964475 -0.00966696
 -0.00966789 -0.00974788 -0.00979012 -0.00966225 -0.00986572 -0.00978764
 -0.00972389 -0.00965324 -0.00995628 -0.00975487 -0.00980231 -0.00960502
 -0.0099009  -0.00962699 -0.0099033  -0.00972822 -0.00957915 -0.00980495
 -0.00970496 -0.00977015 -0.009705   -0.00980189 -0.00967659 -0.00968732
 -0.00975926 -0.00979983 -0.00978927 -0.00964282 -0.00984292 -0.00967287
 -0.0098163  -0.00942035 -0.00966057 -0.00980101 -0.00987869 -0.00978405
 -0.00956665 -0.00972726 -0.00981804 -0.00986138 -0.00953763 -0.0097333
 -0.00978146 -0.00960396 -0.00997435 -0.00980545 -0.00957526 -0.00968977
 -0.00979463 -0.00978246 -0.00980571 -0.00968663 -0.00970324 -0.0097246
 -0.00970254 -0.00967593 -0.00971791 -0.00969148 -0.00972583 -0.00975599]"
Chicken And Broccoli Casserole,"[""1 pkg. frozen broccoli"", ""2 c. chicken, cooked and sliced"", ""1 can cream of chicken or mushroom soup"", ""1/2 c. mayonnaise"", ""1/2 c. shredded cheese"", ""1/2 tsp. lemon juice"", ""1/4 tsp. curry powder"", ""1/3 c. seasoned bread crumbs*""]","[""*I use Pepperidge Farm crumbs or stuffing, or make own.""]","[""cream of chicken"", ""lemon juice"", ""curry powder"", ""shredded cheese"", ""mayonnaise"", ""bread crumbs"", ""frozen broccoli"", ""chicken""]","[-0.00959987 -0.00972304 -0.00955706 -0.00942059 -0.0092595  -0.00953117
 -0.00975071 -0.00927113 -0.0098177  -0.00976807 -0.00961591 -0.00964105
 -0.00955824 -0.00941619 -0.00961453 -0.00957294 -0.00952834 -0.00961742
 -0.00953775 -0.00928927 -0.00928749 -0.00993364 -0.00982861 -0.00944369
 -0.00937912 -0.00960969 -0.00970614 -0.00955827 -0.00936303 -0.00973029
 -0.00947625 -0.0094793  -0.00933789 -0.00953019 -0.00945163 -0.00964098
 -0.00928221 -0.00956446 -0.00979047 -0.00933589 -0.00961114 -0.00955783
 -0.00914563 -0.00964465 -0.00932664 -0.00964395 -0.00946574 -0.00966651
 -0.00959959 -0.00965973 -0.0095227  -0.00958476 -0.00968502 -0.00970275
 -0.00947816 -0.00921122 -0.00950927 -0.00954581 -0.00961945 -0.00946194
 -0.0094733  -0.00945004 -0.0096002  -0.00980558 -0.00948517 -0.00959637
 -0.00951558 -0.00948173 -0.00971746 -0.00939711 -0.00968852 -0.00946947
 -0.00965787 -0.00940728 -0.00946    -0.00959297 -0.0095011  -0.00953241
 -0.00964165 -0.00962458 -0.00969558 -0.00959623 -0.00941772 -0.00947079
 -0.00954929 -0.00926184 -0.00982254 -0.00962078 -0.00970759 -0.00931218
 -0.00966732 -0.00947287 -0.00940475 -0.00955391 -0.00951907 -0.00951039
 -0.00959657 -0.00945578 -0.00941267 -0.00943303 -0.00978765 -0.00943682
 -0.00940156 -0.00941023 -0.00977484 -0.00957182 -0.00972657 -0.00957381
 -0.0095437  -0.0094276  -0.00941292 -0.00953745 -0.00935259 -0.00960045
 -0.00988655 -0.00941054 -0.00962032 -0.00961728 -0.00961341 -0.00964055
 -0.00955997 -0.00955068 -0.00968809 -0.00909235 -0.00956776 -0.00970306
 -0.00954391 -0.00948892 -0.00933045 -0.00978951 -0.00945823 -0.00934269
 -0.0095796  -0.00961335 -0.00971636 -0.00943591 -0.00933468 -0.00978429
 -0.0096219  -0.00982819 -0.00982551 -0.00962969 -0.00938463 -0.00957374
 -0.00952116 -0.00956633 -0.00961731 -0.00938504 -0.00943753 -0.00968045
 -0.00943847 -0.00941382 -0.00989044 -0.00973928 -0.00965678 -0.00953224
 -0.00968818 -0.00957459 -0.00942974 -0.00951462 -0.00910635 -0.00971822
 -0.00952051 -0.00957462 -0.00962641 -0.00957187 -0.00937136 -0.00930496
 -0.00964327 -0.00924543 -0.00972755 -0.00942877 -0.00916438 -0.00977852
 -0.00964303 -0.00955749 -0.0096101  -0.00947841 -0.00937541 -0.0094282
 -0.00994603 -0.00963078 -0.00934443 -0.00986195 -0.00936439 -0.00968953
 -0.00949663 -0.00985458 -0.00945646 -0.00932392 -0.00963469 -0.00946628
 -0.00979203 -0.00958926 -0.00935811 -0.00973517 -0.00962418 -0.00946219
 -0.00941421 -0.00977735 -0.009544   -0.00943884 -0.0094803  -0.00951013
 -0.00973819 -0.00956503 -0.00950323 -0.00972921 -0.00938833 -0.00951329
 -0.0097966  -0.00926432 -0.00930687 -0.00963175 -0.0095107  -0.00965694
 -0.00950258 -0.00944975 -0.00974311 -0.00959632 -0.00950343 -0.00954363
 -0.00998538 -0.00926655 -0.0096397  -0.00957122 -0.00965767 -0.0096137
 -0.00968334 -0.00925526 -0.00953525 -0.00972577 -0.00935072 -0.00961286
 -0.00990934 -0.00947216 -0.00958949 -0.00943761 -0.00943369 -0.00985257
 -0.00967545 -0.0094879  -0.00940947 -0.00985019 -0.00961343 -0.00954584
 -0.00957955 -0.00940376 -0.00954425 -0.00977359 -0.00939248 -0.00969659
 -0.00934265 -0.0099294  -0.00955511 -0.00962225 -0.00946304 -0.00972627
 -0.00945526 -0.00929423 -0.00929791 -0.00959018 -0.00931698 -0.0097076
 -0.00960526 -0.00948314 -0.00964556 -0.00959226 -0.00958587 -0.00960212
 -0.00956947 -0.00959572 -0.00974718 -0.00950248 -0.00968201 -0.00981301
 -0.00945018 -0.00958181 -0.00967405 -0.00985131 -0.00937305 -0.00940915
 -0.00981053 -0.00930744 -0.00984043 -0.00986475 -0.00963736 -0.00980725
 -0.00987684 -0.00957229 -0.00939913 -0.00927675 -0.00984217 -0.00981464
 -0.00930809 -0.00962873 -0.00945692 -0.00941942 -0.00939843 -0.00987009
 -0.00928855 -0.00972441 -0.00945693 -0.00939507 -0.00972026 -0.00961133
 -0.00954182 -0.00976205 -0.01070332 -0.009705   -0.00982384 -0.00959384
 -0.00954579 -0.00963126 -0.00966347 -0.00987791 -0.009586   -0.00940241
 -0.0096369  -0.00978605 -0.00921059 -0.00956312 -0.00950259 -0.0097293
 -0.00954267 -0.00970147 -0.00960655 -0.00930926 -0.00935878 -0.00978422
 -0.00945203 -0.00947191 -0.0094297  -0.0096352  -0.00974016 -0.00946821
 -0.0098962  -0.00962138 -0.00960855 -0.0095863  -0.00957844 -0.00966403
 -0.00952504 -0.00959216 -0.00972715 -0.00961747 -0.00926057 -0.00948862
 -0.0095321  -0.00967825 -0.00978247 -0.0097945  -0.00910053 -0.0095794
 -0.00942685 -0.00985468 -0.00962295 -0.00943909 -0.00948203 -0.00950209
 -0.00954242 -0.00966792 -0.00954606 -0.0095142  -0.00928126 -0.00940162
 -0.00953822 -0.00981122 -0.00944297 -0.00961175 -0.00979386 -0.00959363
 -0.00980149 -0.00967885 -0.00983321 -0.00979611 -0.00958961 -0.00948905
 -0.0096257  -0.00959397 -0.00940327 -0.00993164 -0.00961056 -0.00978717
 -0.00985204 -0.00966814 -0.00956751 -0.00962933 -0.00957239 -0.00977493
 -0.00945737 -0.00958429 -0.00955237 -0.00954901 -0.00964899 -0.00998753
 -0.00997407 -0.00978033 -0.00925692 -0.00960479 -0.00941206 -0.00939815
 -0.00954949 -0.00929782 -0.00949344 -0.00968028 -0.00963283 -0.00970822
 -0.00979975 -0.00965156 -0.00917698 -0.0096686  -0.00957766 -0.00966097
 -0.00966728 -0.00966524 -0.00940351 -0.00955993 -0.00952292 -0.00979854
 -0.00941096 -0.00974302 -0.00970832 -0.00952407 -0.00938027 -0.00931833
 -0.00952243 -0.0094861  -0.0094395  -0.00949666 -0.00963131 -0.00962633
 -0.00964658 -0.00958159 -0.00955607 -0.00953618 -0.00950717 -0.009409
 -0.00971325 -0.00959739 -0.00952674 -0.00950604 -0.00961232 -0.0097144
 -0.00970402 -0.00983495 -0.00977886 -0.00936743 -0.00959166 -0.00936684
 -0.00964813 -0.00951876 -0.00995755 -0.00924102 -0.00932586 -0.00961192
 -0.00947817 -0.00946647 -0.00969879 -0.00951694 -0.0096532  -0.00967119
 -0.00978904 -0.00996077 -0.00935506 -0.00950444 -0.0095395  -0.00985621
 -0.00941845 -0.00960724 -0.00938784 -0.0093949  -0.00979792 -0.00913205
 -0.00967763 -0.00950172 -0.00976741 -0.00935566 -0.00970378 -0.00959154
 -0.00969035 -0.00953637 -0.00969102 -0.00965545 -0.00950695 -0.00959215
 -0.0098595  -0.00940609 -0.00953696 -0.00976735 -0.00955385 -0.00938531
 -0.0096093  -0.00969662 -0.00943893 -0.00970788 -0.00931944 -0.00962252
 -0.00967118 -0.00947491 -0.00949355 -0.00969558 -0.00955937 -0.00957983
 -0.00958539 -0.00962485 -0.00936512 -0.00964326 -0.00959117 -0.00964497
 -0.00964734 -0.0093547  -0.00939393 -0.00952211 -0.00939329 -0.00961777
 -0.00962426 -0.00957822 -0.00961969 -0.0098893  -0.00946836 -0.00996044
 -0.00946727 -0.00939233 -0.00943321 -0.00958208 -0.00963014 -0.00947961
 -0.00976485 -0.00958    -0.00945517 -0.00952748 -0.00974555 -0.00941667
 -0.00937281 -0.00957389 -0.00973522 -0.00964589 -0.00958834 -0.00958984
 -0.00954154 -0.0095004  -0.00945731 -0.00929635 -0.00967528 -0.00987802
 -0.00947331 -0.00944085 -0.00947572 -0.00978925 -0.00949008 -0.00957734
 -0.00964693 -0.00972219 -0.00948028 -0.00938623 -0.00941853 -0.00952675
 -0.00964202 -0.00947416 -0.00968008 -0.01001185 -0.00960831 -0.01005301
 -0.00976128 -0.00949196 -0.00989218 -0.00956029 -0.00968702 -0.00940887
 -0.00957899 -0.0092677  -0.00954187 -0.00973164 -0.00953503 -0.00949293
 -0.00943485 -0.00937668 -0.00937519 -0.00969011 -0.00938584 -0.00962065
 -0.00947146 -0.00954206 -0.00960197 -0.01002292 -0.00932955 -0.00965976
 -0.00968102 -0.00943876 -0.009575   -0.00956772 -0.00948997 -0.0097831
 -0.00965159 -0.009261   -0.00970478 -0.00960789 -0.00927035 -0.00962201
 -0.0094246  -0.00960431 -0.00970074 -0.00941568 -0.00950148 -0.00942808
 -0.00964519 -0.00949771 -0.00996071 -0.00955155 -0.00976511 -0.00955898
 -0.00971447 -0.00941648 -0.00958237 -0.00981503 -0.00972428 -0.0095196
 -0.00946638 -0.00988273 -0.00935079 -0.00913403 -0.00961136 -0.00944312
 -0.00978038 -0.00956614 -0.00958056 -0.00915741 -0.00947335 -0.00967967
 -0.009499   -0.00951863 -0.00954079 -0.0093453  -0.00992504 -0.00968576
 -0.00971606 -0.00954112 -0.01000296 -0.00943888 -0.00971466 -0.00964094
 -0.0096332  -0.00973679 -0.00968447 -0.00954284 -0.00963626 -0.00952046
 -0.00946216 -0.00946213 -0.00974701 -0.00961031 -0.00932378 -0.00948249
 -0.00974999 -0.00968977 -0.00944626 -0.00970573 -0.0096052  -0.00967311
 -0.00943944 -0.00968233 -0.00932004 -0.0096342  -0.00966922 -0.00955464
 -0.00944635 -0.00932266 -0.00958251 -0.00962554 -0.00965712 -0.01000934
 -0.00945914 -0.00933372 -0.00966845 -0.00987164 -0.00959221 -0.00926293
 -0.00954321 -0.0097974  -0.00967528 -0.00940059 -0.00958985 -0.00940963
 -0.00996531 -0.00938603 -0.00977377 -0.0093642  -0.00977705 -0.0096153
 -0.00994865 -0.00966647 -0.00963302 -0.00944196 -0.00980935 -0.00954739
 -0.009807   -0.00964981 -0.0096859  -0.00967956 -0.00954952 -0.00965698
 -0.00945723 -0.00964372 -0.00955041 -0.00965192 -0.00938161 -0.00963203
 -0.00946458 -0.00956122 -0.00965402 -0.00963159 -0.00972598 -0.00956761
 -0.0095159  -0.00936067 -0.00992545 -0.00964828 -0.00991639 -0.0093891
 -0.00974923 -0.00949915 -0.00959744 -0.00963535 -0.00942932 -0.0096109
 -0.00967823 -0.00957484 -0.00958739 -0.00978741 -0.00938817 -0.00952964
 -0.00965388 -0.00963466 -0.00971151 -0.00934132 -0.00966165 -0.00946788
 -0.00962681 -0.00932154 -0.00966001 -0.00978727 -0.00979332 -0.00952341
 -0.0094339  -0.00951022 -0.0096299  -0.0096858  -0.00957589 -0.00950691
 -0.00951118 -0.00936388 -0.00960477 -0.00948747 -0.00931724 -0.00941067
 -0.00971016 -0.00955752 -0.00959684 -0.00950466 -0.00957146 -0.00947103
 -0.00956202 -0.00948806 -0.00954372 -0.00959466 -0.00950548 -0.00974222]"
7 Layer Salad,"[""1 head lettuce"", ""3/4 c. celery"", ""8 oz. fresh spinach (with stems removed)"", ""diced onion to taste"", ""6 hard-boiled eggs, diced"", ""10 oz. frozen peas"", ""4 oz. shredded Cheddar cheese"", ""1/2 c. bacon bits"", ""3 diced tomatoes""]","[""Layer in a 9 x 13 container the lettuce, celery, spinach, onion, eggs and peas.""]","[""head lettuce"", ""tomatoes"", ""fresh spinach"", ""eggs"", ""cheddar cheese"", ""bacon bits"", ""onion"", ""celery"", ""frozen peas""]","[-0.01000284 -0.00994139 -0.00979506 -0.00986516 -0.00988857 -0.00992927
 -0.00993894 -0.00973972 -0.00999049 -0.01003231 -0.00988352 -0.00983986
 -0.00981247 -0.00987872 -0.00995063 -0.00999532 -0.00976682 -0.00979287
 -0.009882   -0.00981301 -0.00986969 -0.01009288 -0.00998132 -0.00995455
 -0.0098489  -0.00985732 -0.01001542 -0.00982411 -0.01003    -0.00989598
 -0.00996873 -0.01002247 -0.00961907 -0.00988337 -0.00977854 -0.01006412
 -0.0098467  -0.00985103 -0.01008672 -0.00989991 -0.00997364 -0.00991854
 -0.00978572 -0.01001004 -0.00979514 -0.00988104 -0.00994078 -0.00988164
 -0.0100913  -0.00981354 -0.0099488  -0.00985089 -0.00992866 -0.0099392
 -0.00987439 -0.00992048 -0.00993649 -0.00986539 -0.00998758 -0.00995966
 -0.00989963 -0.00983214 -0.00987314 -0.00995078 -0.01002006 -0.009939
 -0.00992701 -0.00981777 -0.01004995 -0.00982736 -0.00989753 -0.00990615
 -0.00992667 -0.00990047 -0.00982466 -0.00985302 -0.00993755 -0.00998234
 -0.00982091 -0.00989719 -0.00997212 -0.00996914 -0.00974114 -0.00988948
 -0.01000501 -0.00970508 -0.01000038 -0.00990758 -0.00998394 -0.00981302
 -0.01001942 -0.00980943 -0.00981037 -0.00985796 -0.0099358  -0.01005598
 -0.01012478 -0.00992473 -0.00986921 -0.0100458  -0.00999701 -0.00994295
 -0.00984525 -0.00980072 -0.0100239  -0.01000147 -0.01003765 -0.00990202
 -0.00985056 -0.00994616 -0.00986014 -0.00995501 -0.00986321 -0.0098468
 -0.01007382 -0.00978727 -0.01002772 -0.00982085 -0.00993422 -0.00996327
 -0.0098926  -0.00986691 -0.00988417 -0.00972835 -0.00989817 -0.00998834
 -0.00998904 -0.00995139 -0.00991192 -0.00993321 -0.00982845 -0.00994634
 -0.00983138 -0.00998086 -0.00995815 -0.00989735 -0.0099204  -0.00984591
 -0.00976487 -0.01007833 -0.0099862  -0.00980076 -0.0098832  -0.01009447
 -0.00984117 -0.00996162 -0.00986301 -0.00982901 -0.00994786 -0.00998625
 -0.00982099 -0.0096253  -0.01002495 -0.01000819 -0.00987327 -0.00977098
 -0.01001598 -0.00988717 -0.01002549 -0.00990081 -0.00978496 -0.00979387
 -0.00983694 -0.00986888 -0.00985894 -0.00994819 -0.00999895 -0.009784
 -0.00988039 -0.00976586 -0.00997239 -0.00996833 -0.00961981 -0.01004529
 -0.00994299 -0.00987388 -0.00993359 -0.00991833 -0.00986758 -0.00989605
 -0.01020852 -0.00999893 -0.00994257 -0.01004405 -0.00991812 -0.01004064
 -0.00975667 -0.00988054 -0.00976396 -0.00981079 -0.0100917  -0.00996058
 -0.00987122 -0.00996484 -0.00982695 -0.00992264 -0.0100452  -0.00992443
 -0.00978355 -0.00997689 -0.00976098 -0.00981221 -0.00977976 -0.00976121
 -0.01004622 -0.00987182 -0.00984626 -0.01004063 -0.00995879 -0.00989507
 -0.01004507 -0.00982532 -0.00981067 -0.00998194 -0.00986785 -0.00993557
 -0.00986769 -0.00991676 -0.00990354 -0.01002811 -0.00986984 -0.00989828
 -0.01011492 -0.00990186 -0.01017041 -0.00986648 -0.00993025 -0.00989232
 -0.00982826 -0.00977632 -0.01004052 -0.0100346  -0.00987358 -0.00985012
 -0.00997448 -0.00979256 -0.00988948 -0.00985143 -0.00990914 -0.0099834
 -0.00996647 -0.01002604 -0.00997555 -0.00997664 -0.00998813 -0.00985707
 -0.00991104 -0.00984983 -0.01000498 -0.01006631 -0.00985869 -0.00999852
 -0.0098078  -0.0100151  -0.01001029 -0.00999833 -0.0098593  -0.00997906
 -0.00976846 -0.00973132 -0.00995338 -0.00980619 -0.00971788 -0.01011284
 -0.00990122 -0.00983278 -0.0101019  -0.0100569  -0.00973982 -0.00998739
 -0.00995596 -0.00999844 -0.01013856 -0.00996341 -0.00994093 -0.01012079
 -0.00983705 -0.00989397 -0.00984591 -0.01002383 -0.01000448 -0.009905
 -0.00998353 -0.00992352 -0.00989315 -0.01011842 -0.010085   -0.00994074
 -0.00995409 -0.01005153 -0.00982841 -0.00972175 -0.01000335 -0.01001404
 -0.00974342 -0.00996681 -0.00988058 -0.0099192  -0.009759   -0.01000983
 -0.00987305 -0.00996266 -0.00996626 -0.00984563 -0.00992487 -0.0099476
 -0.0099687  -0.00996858 -0.01229492 -0.01002633 -0.0100101  -0.009924
 -0.00990404 -0.00993169 -0.01001994 -0.01009005 -0.00989195 -0.00994171
 -0.00995578 -0.00989554 -0.00977075 -0.00984015 -0.00989109 -0.00987807
 -0.00996999 -0.01000176 -0.01002406 -0.00975787 -0.00994788 -0.00994727
 -0.00973853 -0.00995145 -0.01001294 -0.00984718 -0.00996017 -0.00985528
 -0.01016055 -0.00993643 -0.00992521 -0.00994319 -0.00994891 -0.00994059
 -0.00990015 -0.01002083 -0.01002787 -0.01002942 -0.00977695 -0.00980124
 -0.0097255  -0.00987498 -0.00987292 -0.00998569 -0.00974999 -0.00995573
 -0.00974341 -0.01005344 -0.00995865 -0.0098028  -0.00965329 -0.00980523
 -0.00983458 -0.00998095 -0.00997888 -0.00972466 -0.00982679 -0.0097319
 -0.00991127 -0.01011054 -0.00979413 -0.00999559 -0.00997564 -0.00988525
 -0.00996697 -0.00975426 -0.00995679 -0.00987408 -0.00996388 -0.00991837
 -0.00989998 -0.01011245 -0.00981731 -0.01010589 -0.00988889 -0.00990105
 -0.01013914 -0.01012394 -0.00983769 -0.00982004 -0.00985048 -0.0100599
 -0.00983506 -0.00982165 -0.00996042 -0.00990357 -0.00987458 -0.00998536
 -0.01007933 -0.00992993 -0.00980589 -0.00985884 -0.00990213 -0.00990316
 -0.00976254 -0.00982852 -0.00989608 -0.00999728 -0.00989424 -0.00995538
 -0.00999142 -0.00993068 -0.00973125 -0.00998893 -0.0098821  -0.00999927
 -0.01005481 -0.00990252 -0.00999841 -0.01002616 -0.00986232 -0.01001685
 -0.00982847 -0.01005969 -0.00997036 -0.00997489 -0.00989161 -0.00987678
 -0.00986929 -0.00986852 -0.00990822 -0.00987282 -0.00983014 -0.00992646
 -0.00992052 -0.00990583 -0.00985776 -0.01008196 -0.00989164 -0.00981624
 -0.00998042 -0.00989202 -0.00988049 -0.00989382 -0.01000726 -0.0099112
 -0.01009192 -0.00989258 -0.01000799 -0.00993616 -0.00980998 -0.00995357
 -0.00999877 -0.00981323 -0.0099241  -0.0098252  -0.0099358  -0.00988194
 -0.00989003 -0.00970357 -0.00987039 -0.00989945 -0.00979843 -0.00983289
 -0.01014675 -0.01013744 -0.00977794 -0.00999333 -0.00989286 -0.00992648
 -0.00979482 -0.01012832 -0.00988606 -0.00972516 -0.01002134 -0.00977006
 -0.00996509 -0.01003134 -0.00996789 -0.00982784 -0.00990863 -0.01001007
 -0.01001228 -0.00977041 -0.01001103 -0.0099513  -0.00983411 -0.01012438
 -0.01004475 -0.00981471 -0.00985801 -0.01008125 -0.00982666 -0.00977335
 -0.0098806  -0.00989584 -0.01011738 -0.00992845 -0.00980486 -0.00982541
 -0.00992292 -0.00994737 -0.00994328 -0.00995787 -0.01000083 -0.00991961
 -0.00989363 -0.00970549 -0.00988996 -0.00984404 -0.00985604 -0.00996642
 -0.0100713  -0.00977168 -0.00973836 -0.0098606  -0.00979642 -0.00991438
 -0.010044   -0.01006869 -0.00992044 -0.01011632 -0.00982594 -0.00999108
 -0.00999433 -0.00975496 -0.01002502 -0.00984924 -0.00988108 -0.0099826
 -0.01015293 -0.00995708 -0.00980092 -0.00996733 -0.00997432 -0.00976557
 -0.00980908 -0.00998685 -0.00994818 -0.00985066 -0.00983436 -0.009936
 -0.00995082 -0.00970577 -0.00967882 -0.00972267 -0.01014492 -0.01001487
 -0.00982566 -0.00977006 -0.0099878  -0.01006491 -0.010064   -0.00997676
 -0.01002242 -0.00997595 -0.00991544 -0.00979652 -0.009852   -0.00989534
 -0.00995805 -0.00992746 -0.00985612 -0.01017416 -0.00980701 -0.010133
 -0.00988734 -0.0099439  -0.01007297 -0.00990187 -0.01006242 -0.00963901
 -0.00988793 -0.00980603 -0.00998734 -0.01002857 -0.00983561 -0.01000315
 -0.00983882 -0.00978006 -0.00987476 -0.00990033 -0.00985634 -0.00987675
 -0.00987994 -0.00993831 -0.01001744 -0.01027224 -0.009944   -0.00990141
 -0.00996314 -0.00979652 -0.01005662 -0.0098061  -0.00984968 -0.01000135
 -0.01002753 -0.00987253 -0.01008155 -0.00984923 -0.00980442 -0.00992779
 -0.00984248 -0.00985012 -0.00992591 -0.00973984 -0.00992079 -0.00987955
 -0.01005829 -0.0098675  -0.00988637 -0.00972385 -0.00991359 -0.00989543
 -0.00992363 -0.00976576 -0.00989738 -0.00998033 -0.009996   -0.00990733
 -0.00998885 -0.00995886 -0.00985805 -0.00978624 -0.0100727  -0.00990921
 -0.00999788 -0.01008856 -0.00987012 -0.00986666 -0.00983086 -0.00992738
 -0.00981905 -0.00980383 -0.00992806 -0.00992617 -0.01012023 -0.00994665
 -0.00990637 -0.00990117 -0.00996481 -0.00983587 -0.00999206 -0.00990886
 -0.00982346 -0.0099162  -0.00989788 -0.00994298 -0.0099399  -0.0098715
 -0.00984593 -0.00987162 -0.00999267 -0.00992405 -0.00985339 -0.00982639
 -0.00992113 -0.01008442 -0.00986298 -0.00994575 -0.00997403 -0.00994447
 -0.00982409 -0.01010024 -0.00990384 -0.00972966 -0.01001053 -0.00990724
 -0.00992427 -0.00995648 -0.00995136 -0.00979871 -0.00985284 -0.0100652
 -0.00998041 -0.0098851  -0.01022011 -0.00999422 -0.01004793 -0.00972216
 -0.00997306 -0.01007079 -0.00996991 -0.0097061  -0.01002754 -0.00978174
 -0.01015057 -0.00970921 -0.00991712 -0.00980943 -0.0100307  -0.01010089
 -0.01006214 -0.00990901 -0.0099093  -0.00998047 -0.00992565 -0.00988859
 -0.01001328 -0.00989599 -0.0099591  -0.01003331 -0.0100039  -0.01007138
 -0.00970641 -0.00987628 -0.00994296 -0.01002409 -0.00979048 -0.01005962
 -0.00986192 -0.00990984 -0.00985696 -0.00983197 -0.00999347 -0.00991514
 -0.00998091 -0.00994723 -0.01007813 -0.00991038 -0.00990877 -0.00989317
 -0.01009141 -0.00983586 -0.01013019 -0.0099558  -0.00992605 -0.00994264
 -0.00993907 -0.01006857 -0.00992244 -0.00994239 -0.00987451 -0.00978522
 -0.01001661 -0.0099285  -0.01005649 -0.00976033 -0.00993478 -0.00974641
 -0.00997752 -0.00979768 -0.00997701 -0.01002363 -0.00994739 -0.00993873
 -0.00986196 -0.00987792 -0.00999168 -0.009964   -0.00982553 -0.00994033
 -0.0099517  -0.00993503 -0.01031572 -0.00995304 -0.00991328 -0.00981432
 -0.0100889  -0.00990508 -0.00991897 -0.00993576 -0.00991083 -0.00987867
 -0.00984954 -0.00989694 -0.00985716 -0.0097471  -0.00997729 -0.00984556]"
Crab Spread,"[""1 (8 oz.) pkg. cream cheese"", ""1/2 c. mayonnaise or salad dressing"", ""2 oz. Cheddar cheese, grated"", ""1 small garlic clove, pressed"", ""1 tsp. Worcestershire sauce"", ""1/8 tsp. pepper"", ""1/8 tsp. salt"", ""1 (6 oz.) pkg. crab meat""]","[""Soften cream cheese."", ""Add salad dressing or mayonnaise, grated cheese, garlic and Worcestershire sauce."", ""Add salt and pepper. Rinse the crab meat several times, then squeeze out excess water and shred before adding to cheese mixture."", ""Serve with assorted crackers.""]","[""pepper"", ""cheddar cheese"", ""crab meat"", ""cream cheese"", ""mayonnaise"", ""garlic"", ""worcestershire sauce"", ""salt""]","[-0.01025783 -0.01020443 -0.01038033 -0.01016128 -0.01014498 -0.01016153
 -0.01009597 -0.00996167 -0.01037307 -0.01029686 -0.01013748 -0.01018322
 -0.0101724  -0.01017591 -0.01027002 -0.01029937 -0.01017951 -0.0100876
 -0.01003004 -0.01015004 -0.01021105 -0.01033262 -0.01037484 -0.01027661
 -0.01008677 -0.01010169 -0.01021962 -0.01020791 -0.01020184 -0.01016148
 -0.01034106 -0.01022717 -0.01001868 -0.01013435 -0.01014366 -0.01040053
 -0.0102068  -0.01021128 -0.010334   -0.01016943 -0.01018029 -0.01011515
 -0.01007897 -0.01022581 -0.0100833  -0.01014622 -0.01027705 -0.01009015
 -0.01015806 -0.01025161 -0.01026389 -0.01013314 -0.01022216 -0.01014271
 -0.01027311 -0.01015817 -0.01008027 -0.01009326 -0.01012603 -0.01022726
 -0.01012312 -0.01024274 -0.01017234 -0.01009292 -0.01024506 -0.01002216
 -0.00998368 -0.01010709 -0.01036177 -0.01003645 -0.01019285 -0.01029373
 -0.01024171 -0.01019301 -0.0101396  -0.01029536 -0.01024304 -0.01018225
 -0.01005702 -0.01008848 -0.01003502 -0.01028414 -0.01012541 -0.01017518
 -0.01026816 -0.01019802 -0.01014977 -0.0102145  -0.01039877 -0.01001457
 -0.01028579 -0.01018062 -0.01013408 -0.01015838 -0.01029178 -0.01021146
 -0.01032129 -0.01004546 -0.01003474 -0.0101688  -0.01039464 -0.01023759
 -0.01019693 -0.01001614 -0.01029941 -0.01025733 -0.0103438  -0.01013442
 -0.01021927 -0.0102777  -0.01006935 -0.01017652 -0.00998591 -0.0100629
 -0.01033105 -0.00984539 -0.01019687 -0.01031819 -0.01018946 -0.01024459
 -0.01020713 -0.01006279 -0.01015218 -0.01002947 -0.01012589 -0.01027567
 -0.01026667 -0.01026144 -0.01012262 -0.01041083 -0.0100917  -0.01005084
 -0.01018608 -0.01012107 -0.01022596 -0.01022777 -0.01029127 -0.01009845
 -0.01004081 -0.01035948 -0.0102471  -0.01006841 -0.01014765 -0.01026498
 -0.01017526 -0.01014224 -0.01016328 -0.01011686 -0.01022698 -0.01010135
 -0.01018891 -0.00995473 -0.01035465 -0.0103402  -0.01024366 -0.01013376
 -0.01022224 -0.01023632 -0.0101163  -0.01011951 -0.01016404 -0.01029152
 -0.01013501 -0.01031432 -0.01029381 -0.01014617 -0.01014217 -0.01011621
 -0.01029271 -0.01002293 -0.01031606 -0.01018484 -0.00993563 -0.01008933
 -0.0102666  -0.010227   -0.01022216 -0.01024942 -0.01016587 -0.010058
 -0.01049339 -0.01015964 -0.01007991 -0.01021737 -0.0102146  -0.0102585
 -0.01007798 -0.01032309 -0.00985253 -0.01007783 -0.01033591 -0.01029204
 -0.01015299 -0.01024871 -0.01010246 -0.01026256 -0.01019743 -0.01024862
 -0.01002198 -0.01033244 -0.01009561 -0.01019055 -0.01013398 -0.01009287
 -0.0104493  -0.01013745 -0.01018186 -0.01028674 -0.01024997 -0.01026194
 -0.01042115 -0.01005256 -0.0099669  -0.01032554 -0.01004606 -0.01019313
 -0.01015116 -0.0102503  -0.01030022 -0.01027486 -0.01006152 -0.01028545
 -0.01022569 -0.01013743 -0.01031546 -0.01012368 -0.01018457 -0.01017263
 -0.01016304 -0.01010165 -0.01027783 -0.010266   -0.01011031 -0.01013433
 -0.01038756 -0.01003246 -0.01014744 -0.01024998 -0.01023741 -0.01018682
 -0.01023599 -0.01012631 -0.0102154  -0.01016213 -0.01028377 -0.01023545
 -0.01013996 -0.01032055 -0.01007257 -0.01021666 -0.01008832 -0.01010501
 -0.01009864 -0.01030191 -0.01022779 -0.01022345 -0.01022555 -0.01026251
 -0.01010974 -0.0100777  -0.01026524 -0.01016311 -0.01001503 -0.01019019
 -0.01008335 -0.00995136 -0.01033163 -0.01024922 -0.01006594 -0.01019359
 -0.01015766 -0.01011628 -0.01017377 -0.01029622 -0.01023722 -0.01038301
 -0.0101749  -0.01024257 -0.01018045 -0.01037668 -0.0102052  -0.01020973
 -0.0103502  -0.01029009 -0.00995867 -0.01038131 -0.01026416 -0.01029792
 -0.01033435 -0.01017541 -0.01021835 -0.00998091 -0.01015535 -0.01021814
 -0.01018375 -0.01022015 -0.0102413  -0.01013942 -0.01015574 -0.01022808
 -0.01002209 -0.01020272 -0.01027906 -0.01018408 -0.01002883 -0.01012937
 -0.01018387 -0.01015208 -0.01262594 -0.01032563 -0.01015265 -0.01020524
 -0.01011406 -0.0101494  -0.01035716 -0.01031045 -0.01015232 -0.01009165
 -0.0101009  -0.01022799 -0.01014136 -0.0101894  -0.01015098 -0.0103388
 -0.01015083 -0.01028581 -0.01031148 -0.0100509  -0.01021483 -0.01028011
 -0.01010202 -0.01017933 -0.01036634 -0.01009521 -0.01018809 -0.01025243
 -0.01035016 -0.01020576 -0.01031085 -0.0102531  -0.01019923 -0.01015
 -0.01019725 -0.01024196 -0.01017502 -0.01028996 -0.00996511 -0.01002811
 -0.01005944 -0.01018535 -0.01025843 -0.01006332 -0.01008727 -0.01023295
 -0.01006574 -0.0102935  -0.01024978 -0.01012179 -0.01005108 -0.01013961
 -0.01009655 -0.0102583  -0.01015793 -0.0101259  -0.01008626 -0.01008548
 -0.01023921 -0.01039835 -0.01000663 -0.01023414 -0.01017457 -0.01007684
 -0.01025986 -0.01027    -0.01018621 -0.01027039 -0.01013675 -0.01020533
 -0.01022928 -0.01031229 -0.0101705  -0.01059435 -0.0101758  -0.01011387
 -0.01026409 -0.01029111 -0.01018163 -0.01029554 -0.01010057 -0.01020753
 -0.01010483 -0.01002934 -0.01022045 -0.01033581 -0.01022033 -0.01030451
 -0.01044256 -0.01017906 -0.01019538 -0.01022211 -0.0100557  -0.01009485
 -0.01001744 -0.00990564 -0.01017862 -0.01030461 -0.01025167 -0.01016773
 -0.01007653 -0.01031351 -0.01019404 -0.01020253 -0.01017189 -0.01029484
 -0.0102113  -0.01010257 -0.01001522 -0.01028002 -0.01004691 -0.01013438
 -0.01012662 -0.01026069 -0.01029225 -0.01017232 -0.01012626 -0.0101339
 -0.01016344 -0.01008093 -0.01029604 -0.01023238 -0.01012408 -0.01015498
 -0.01016892 -0.0103019  -0.01016536 -0.0103336  -0.01025173 -0.01011446
 -0.01028222 -0.01025297 -0.01020111 -0.01029126 -0.0101859  -0.01020735
 -0.0103688  -0.01022791 -0.01019621 -0.01006561 -0.01028418 -0.01017213
 -0.01029597 -0.01013685 -0.01024739 -0.0100017  -0.01029292 -0.01018727
 -0.01011567 -0.00997368 -0.01005991 -0.01025588 -0.01011053 -0.01009797
 -0.01031901 -0.01049936 -0.01005773 -0.01031367 -0.01022049 -0.01015773
 -0.01019328 -0.01030984 -0.01018983 -0.0100424  -0.01019313 -0.00995762
 -0.01010672 -0.01012721 -0.01036056 -0.01015732 -0.01011767 -0.0103021
 -0.01021578 -0.00999644 -0.01030225 -0.01017471 -0.01023232 -0.01034212
 -0.01030403 -0.01017169 -0.01012393 -0.01035532 -0.01011989 -0.01006718
 -0.01014457 -0.01034909 -0.01034056 -0.01036188 -0.01011416 -0.01002779
 -0.01018378 -0.01033228 -0.01012427 -0.01025359 -0.01029112 -0.0101567
 -0.01012768 -0.00993438 -0.01014565 -0.01026088 -0.01038138 -0.01033945
 -0.01022235 -0.01009296 -0.01012587 -0.01021915 -0.00998886 -0.0102159
 -0.01028147 -0.01032626 -0.01006775 -0.01025143 -0.010184   -0.01031977
 -0.01015279 -0.01001045 -0.01017431 -0.01001857 -0.01019309 -0.01025675
 -0.01027579 -0.01027281 -0.01020601 -0.01030445 -0.01018678 -0.01002282
 -0.01018469 -0.01025435 -0.01019467 -0.01012726 -0.0100792  -0.01004602
 -0.01019642 -0.01007927 -0.01005891 -0.0100549  -0.01039448 -0.01024829
 -0.01017609 -0.01020985 -0.01010166 -0.01033322 -0.01033293 -0.01019243
 -0.0102948  -0.01030094 -0.0102111  -0.01003482 -0.01015905 -0.01009162
 -0.01019204 -0.01011138 -0.01016153 -0.01031028 -0.01014619 -0.01047961
 -0.01022086 -0.010169   -0.01030703 -0.01018432 -0.01020725 -0.01003582
 -0.01019002 -0.01005872 -0.01027364 -0.01030085 -0.0102903  -0.01019666
 -0.01006256 -0.01015991 -0.01019053 -0.01016706 -0.01001141 -0.01013038
 -0.01024564 -0.01023915 -0.01019911 -0.01028509 -0.01020434 -0.01023959
 -0.01016096 -0.01004266 -0.01040086 -0.01015952 -0.01018395 -0.01027327
 -0.01033944 -0.01035925 -0.01021283 -0.01014028 -0.01002928 -0.01013676
 -0.01014917 -0.01009521 -0.01016179 -0.01014291 -0.01021111 -0.01017979
 -0.01041435 -0.0102118  -0.01046288 -0.01014592 -0.01013789 -0.01029864
 -0.01028552 -0.01013805 -0.01027483 -0.01018842 -0.010342   -0.0101339
 -0.01018696 -0.01023995 -0.01030009 -0.0101043  -0.01019063 -0.01006917
 -0.01016709 -0.01035104 -0.01017656 -0.01003562 -0.01010023 -0.01028371
 -0.01011942 -0.01015566 -0.01008592 -0.01009539 -0.01042625 -0.01010813
 -0.01021601 -0.01014634 -0.01019238 -0.0102296  -0.01019884 -0.01028965
 -0.01004477 -0.01025598 -0.01010506 -0.01030579 -0.01031903 -0.01023591
 -0.01004501 -0.0101882  -0.01037546 -0.01028832 -0.0101734  -0.01026447
 -0.01019653 -0.01027409 -0.01025577 -0.01009385 -0.01022456 -0.01027411
 -0.01024213 -0.01027752 -0.01010384 -0.01025393 -0.01028833 -0.01014782
 -0.0101854  -0.01018619 -0.01019027 -0.01017262 -0.01031857 -0.0102219
 -0.01032099 -0.01005035 -0.0103042  -0.01026588 -0.01030365 -0.01018489
 -0.01012659 -0.01037952 -0.01020926 -0.01004408 -0.01030253 -0.01010606
 -0.01023963 -0.01007647 -0.01027417 -0.01016779 -0.0103204  -0.01024611
 -0.01029606 -0.01022785 -0.01000305 -0.01018195 -0.0102336  -0.01017232
 -0.01035198 -0.01025543 -0.01025104 -0.01025476 -0.01024262 -0.01021979
 -0.01006772 -0.01015492 -0.01015826 -0.01022052 -0.0101996  -0.01012272
 -0.01006011 -0.01012981 -0.01019617 -0.01019465 -0.01028765 -0.01022131
 -0.0101484  -0.01012706 -0.01027747 -0.01025368 -0.01009731 -0.01007123
 -0.01034139 -0.01011407 -0.01026373 -0.01019604 -0.01005949 -0.01024749
 -0.01006663 -0.01025284 -0.01014724 -0.01021597 -0.01018312 -0.01007557
 -0.01027107 -0.01021047 -0.01032462 -0.01018179 -0.01024133 -0.01007208
 -0.01030194 -0.00999404 -0.01031548 -0.01034744 -0.0101735  -0.01020806
 -0.01022973 -0.01019321 -0.010159   -0.01025868 -0.01011351 -0.01024276
 -0.01021074 -0.01017857 -0.01049873 -0.01030941 -0.01015123 -0.01022784
 -0.0102444  -0.01021183 -0.01009529 -0.01026564 -0.0102328  -0.01012233
 -0.01015898 -0.01021701 -0.01005237 -0.01012297 -0.01010453 -0.01018954]"
Frozen Punch(Best Punch Recipe)  ,"[""1 family size package of jello (any flavor) I like raspberry"", ""1 can (46 ounce) pineapple juice"", ""1 gallon plastic jug clean and empty"", ""2 cups sugar"", ""2 cup boiling water""]","[""Boil water."", ""Stir jello in water, dissolve."", ""Add sugar to jello and water and dissolve."", ""Pour into gallon jug (plastic). Add juice to plastic jug and stir contents well."", ""Fill jug with water, but leave room for expansion as it freezes and to be able to cut top of jug when thawed."", ""Pull frozen mixture out 5 hours before party."", ""You need 1 lemon-lime soda to add to the punch bowl with the frozen mixture."", ""Chop up frozen mixture and stir well. Serve!"", ""Enjoy!""]","[""sugar"", ""pineapple juice"", ""gallon plastic"", ""jello"", ""boiling water""]","[-0.0090387  -0.00898335 -0.00878208 -0.00883891 -0.00881817 -0.0088554
 -0.00880383 -0.00876196 -0.00890256 -0.00894756 -0.00886768 -0.00910107
 -0.00877365 -0.00876636 -0.00887971 -0.00896189 -0.00887932 -0.00871051
 -0.00873858 -0.0087581  -0.0087295  -0.00914329 -0.00887438 -0.00886524
 -0.00873233 -0.00886354 -0.00888387 -0.00885234 -0.00888955 -0.00890472
 -0.00886917 -0.0088249  -0.00869295 -0.00894157 -0.00869033 -0.0089103
 -0.00890475 -0.00881074 -0.00901002 -0.00868634 -0.00893301 -0.00893069
 -0.00863184 -0.00902691 -0.00883674 -0.00884184 -0.00896359 -0.00896922
 -0.00896632 -0.00889585 -0.00884147 -0.0087582  -0.00889882 -0.00898493
 -0.00881901 -0.00868167 -0.00889776 -0.00871301 -0.00898935 -0.00890936
 -0.00893362 -0.00880885 -0.00900248 -0.00905262 -0.00887849 -0.00890177
 -0.00878616 -0.0085804  -0.00905022 -0.00879589 -0.00880252 -0.00891688
 -0.0087998  -0.00890171 -0.0087869  -0.00891298 -0.00882224 -0.00878017
 -0.00872647 -0.00892862 -0.00886577 -0.00896825 -0.0087732  -0.0086669
 -0.00898605 -0.00865358 -0.008802   -0.0089514  -0.00896156 -0.00867598
 -0.0090539  -0.00882893 -0.00872446 -0.00890891 -0.00891519 -0.00909267
 -0.0091047  -0.00879395 -0.0086993  -0.00884782 -0.00894404 -0.0089653
 -0.00881653 -0.00867097 -0.00905469 -0.00881395 -0.0089154  -0.00888814
 -0.00881457 -0.00880937 -0.00883578 -0.0089154  -0.0087464  -0.00886666
 -0.00911769 -0.00876945 -0.00887933 -0.00878803 -0.00895517 -0.00882679
 -0.00885348 -0.00896002 -0.00886087 -0.00867551 -0.00883831 -0.00878708
 -0.00893574 -0.00881656 -0.00867489 -0.00894631 -0.00890015 -0.00888277
 -0.00883527 -0.00902112 -0.00891756 -0.00876412 -0.00886479 -0.00899158
 -0.00887734 -0.0089354  -0.00898105 -0.00886643 -0.00884669 -0.00895496
 -0.00886705 -0.00891449 -0.00902894 -0.00874753 -0.00878432 -0.00884369
 -0.00885542 -0.00859417 -0.00907534 -0.00898519 -0.00894942 -0.00865882
 -0.0090485  -0.00879874 -0.00898    -0.00893933 -0.008662   -0.00878081
 -0.00895911 -0.00876635 -0.00905363 -0.00887755 -0.00882367 -0.00873268
 -0.00896352 -0.00883467 -0.00886481 -0.00882417 -0.00845549 -0.00875327
 -0.00880373 -0.00883915 -0.00885704 -0.00873539 -0.00892851 -0.00885352
 -0.00923805 -0.00876843 -0.00878741 -0.00897787 -0.00888189 -0.00898731
 -0.00871375 -0.00908117 -0.00868785 -0.00886765 -0.00898946 -0.00896696
 -0.00892046 -0.00899444 -0.00892319 -0.0088085  -0.00898473 -0.00888776
 -0.00878187 -0.00886559 -0.00874379 -0.0087985  -0.00880737 -0.00883622
 -0.00900215 -0.0087632  -0.00877687 -0.00898637 -0.00886544 -0.00892134
 -0.00901739 -0.00890042 -0.00876198 -0.00890782 -0.0088227  -0.00886544
 -0.00885861 -0.00890521 -0.00885814 -0.00890712 -0.00875859 -0.00874307
 -0.00904972 -0.00886578 -0.00903245 -0.00868826 -0.00876335 -0.00894408
 -0.00868902 -0.00876015 -0.00884577 -0.00901027 -0.00886191 -0.00891028
 -0.00895129 -0.00881047 -0.00874326 -0.00883858 -0.00866248 -0.00906103
 -0.00893848 -0.00889411 -0.00872031 -0.00896216 -0.00889418 -0.00885956
 -0.00882095 -0.00882151 -0.00884296 -0.00897584 -0.00875927 -0.00899985
 -0.00874686 -0.00890127 -0.00874515 -0.0088938  -0.00893008 -0.00894972
 -0.00879821 -0.0087709  -0.00880686 -0.00893344 -0.00850579 -0.00905873
 -0.00897985 -0.00888539 -0.00898475 -0.00894305 -0.00877945 -0.00884375
 -0.00898326 -0.00899208 -0.00896204 -0.008919   -0.00894076 -0.00902651
 -0.0088964  -0.00883956 -0.00884785 -0.00896353 -0.00884352 -0.00873588
 -0.00910309 -0.00882165 -0.0090112  -0.00906784 -0.00889194 -0.00906755
 -0.00899423 -0.00877149 -0.00881354 -0.008737   -0.00908929 -0.00910024
 -0.00865853 -0.00889649 -0.00886931 -0.00874106 -0.00881379 -0.00896496
 -0.00867752 -0.00885274 -0.00882423 -0.00890568 -0.00892627 -0.0087519
 -0.00893875 -0.00907354 -0.01100104 -0.00908775 -0.00900673 -0.00881286
 -0.00873623 -0.00901694 -0.00890171 -0.00896909 -0.00894724 -0.00880504
 -0.00884744 -0.00892793 -0.00866002 -0.00894085 -0.00887468 -0.00895571
 -0.00877928 -0.00908921 -0.00887233 -0.00877018 -0.00887142 -0.0090306
 -0.00879911 -0.00895676 -0.0088383  -0.00886156 -0.00889031 -0.00864833
 -0.0092639  -0.008938   -0.00903553 -0.00893961 -0.00893754 -0.00895152
 -0.00890263 -0.00898681 -0.00898307 -0.00895187 -0.00878368 -0.00875024
 -0.00874619 -0.00887295 -0.0089194  -0.0089573  -0.00849972 -0.00897586
 -0.00867793 -0.00904531 -0.00902253 -0.00883894 -0.00859806 -0.00894448
 -0.00877325 -0.00884515 -0.0088191  -0.00881072 -0.00876166 -0.00874336
 -0.00884738 -0.00903371 -0.00880022 -0.00882483 -0.00898638 -0.00880558
 -0.00905825 -0.00887228 -0.00898703 -0.00910323 -0.00901436 -0.00885116
 -0.0089662  -0.00902426 -0.00894554 -0.0092686  -0.00893454 -0.00879153
 -0.00891084 -0.00889117 -0.00889775 -0.00888984 -0.00896074 -0.00902798
 -0.00888636 -0.0086667  -0.00891627 -0.00896869 -0.00892113 -0.00890073
 -0.00906783 -0.00885519 -0.0087983  -0.00887973 -0.00873017 -0.00890637
 -0.0088894  -0.00885919 -0.00879669 -0.00894119 -0.00888524 -0.00894719
 -0.00908659 -0.00895101 -0.00867389 -0.00909144 -0.00876802 -0.00890274
 -0.00911874 -0.00888673 -0.00877978 -0.00901942 -0.008966   -0.0090421
 -0.00888455 -0.00882132 -0.0089334  -0.00890482 -0.00879146 -0.00876503
 -0.00880714 -0.00873652 -0.00902721 -0.00868243 -0.00889412 -0.00900736
 -0.00893289 -0.00894875 -0.00886704 -0.00884273 -0.00868262 -0.00876213
 -0.00900005 -0.00892638 -0.00892713 -0.00870791 -0.008805   -0.0088209
 -0.00898774 -0.00890926 -0.009      -0.0089804  -0.00865138 -0.00880971
 -0.00890191 -0.0088339  -0.00886104 -0.00873546 -0.00878138 -0.0088277
 -0.00884714 -0.00872621 -0.00885853 -0.00889278 -0.00872381 -0.00891507
 -0.00901251 -0.00901689 -0.00882656 -0.00881172 -0.00885856 -0.00899316
 -0.00876187 -0.00904679 -0.0088058  -0.0087938  -0.00895638 -0.0085447
 -0.00890023 -0.00885913 -0.00895069 -0.00876621 -0.00876875 -0.00884478
 -0.0090132  -0.00890151 -0.00887546 -0.00886862 -0.0088688  -0.00910413
 -0.00891787 -0.00874314 -0.00894041 -0.00907084 -0.0088927  -0.00885522
 -0.00891583 -0.00876533 -0.00885701 -0.00899141 -0.00857046 -0.00874784
 -0.00896484 -0.00870046 -0.00880914 -0.00903578 -0.00895608 -0.00902695
 -0.0088282  -0.00867986 -0.0088204  -0.00893006 -0.00886432 -0.00899704
 -0.00900441 -0.00879931 -0.00857717 -0.00890613 -0.0088093  -0.00880608
 -0.00891621 -0.00886612 -0.00881164 -0.00919436 -0.0088791  -0.00899298
 -0.00895766 -0.00880932 -0.00896313 -0.00885957 -0.00887641 -0.00892072
 -0.00911769 -0.0090095  -0.00893862 -0.00894801 -0.00884587 -0.00874966
 -0.00880358 -0.00896153 -0.00898882 -0.0088655  -0.00879494 -0.00885558
 -0.00887862 -0.0086429  -0.00879034 -0.00860561 -0.00918344 -0.0088748
 -0.00896211 -0.00884837 -0.00892335 -0.00899288 -0.00899973 -0.00893025
 -0.00901598 -0.00897017 -0.00876325 -0.00869782 -0.00886209 -0.00875446
 -0.00906328 -0.00881385 -0.00880584 -0.00913323 -0.00888743 -0.00913164
 -0.00886212 -0.00890854 -0.00908267 -0.00893067 -0.00894223 -0.00867325
 -0.00882418 -0.00877674 -0.00880623 -0.00882752 -0.00899465 -0.00910334
 -0.00887077 -0.00882915 -0.00888951 -0.00895871 -0.00878416 -0.00885399
 -0.00898453 -0.00876051 -0.00894249 -0.00915564 -0.00886997 -0.00889771
 -0.00887427 -0.00881401 -0.00900428 -0.00882185 -0.0086926  -0.00894756
 -0.00906157 -0.00879267 -0.0091144  -0.00870976 -0.00874074 -0.00871581
 -0.00885369 -0.00879158 -0.00901194 -0.00889513 -0.00889455 -0.0088352
 -0.00902067 -0.00885038 -0.00894821 -0.00872075 -0.00878142 -0.0088151
 -0.00897236 -0.00863462 -0.00893816 -0.00909413 -0.00884682 -0.00892713
 -0.00871246 -0.00910662 -0.00867659 -0.00864838 -0.00877254 -0.0088593
 -0.00874697 -0.00909573 -0.00907601 -0.00860918 -0.00880265 -0.00891014
 -0.00882313 -0.00887978 -0.00887562 -0.00872478 -0.00906931 -0.00892615
 -0.00881825 -0.00886088 -0.00891428 -0.00872443 -0.00895574 -0.00873134
 -0.00872831 -0.00894971 -0.00885385 -0.00884906 -0.00891181 -0.00890145
 -0.00887501 -0.00882287 -0.00895628 -0.0088482  -0.00875392 -0.00885518
 -0.00906317 -0.00899007 -0.00872756 -0.00887184 -0.00898112 -0.00888374
 -0.0089772  -0.00898032 -0.00877935 -0.00885347 -0.00884248 -0.00906551
 -0.00878386 -0.00886908 -0.00899542 -0.00898288 -0.0087874  -0.00896346
 -0.00902777 -0.00875397 -0.00892284 -0.00903525 -0.00895804 -0.00874793
 -0.00895493 -0.00906114 -0.00892055 -0.00873457 -0.00895835 -0.00887861
 -0.00895924 -0.00871439 -0.00896558 -0.00879748 -0.00899724 -0.00888905
 -0.00911754 -0.00867871 -0.00890702 -0.0089633  -0.00891358 -0.0088445
 -0.00899931 -0.00890423 -0.00896256 -0.00885606 -0.00888891 -0.0090988
 -0.00873786 -0.00903589 -0.00892188 -0.00886212 -0.00885073 -0.0088943
 -0.00873042 -0.00893224 -0.00882107 -0.0086826  -0.00892332 -0.00873702
 -0.00899786 -0.0089202  -0.00908108 -0.00884358 -0.00889019 -0.008762
 -0.00919615 -0.00894617 -0.00900327 -0.00892518 -0.00881503 -0.00882507
 -0.00884558 -0.00905302 -0.00893657 -0.00898504 -0.00875802 -0.0087341
 -0.00897606 -0.00898172 -0.00896135 -0.00880115 -0.00898551 -0.00888016
 -0.00909414 -0.00877622 -0.00883745 -0.00887157 -0.009021   -0.00888166
 -0.00880313 -0.00879855 -0.00899934 -0.00895819 -0.00884463 -0.00866344
 -0.00882664 -0.00876333 -0.00914677 -0.00886506 -0.0087973  -0.00879908
 -0.00894674 -0.00892228 -0.00892008 -0.00891007 -0.008881   -0.00897217
 -0.00877357 -0.00883455 -0.00889165 -0.00881617 -0.00891016 -0.00882589]"
Oysters Moresi,"[""1 1/2 c. Progresso crumbs"", ""1 qt. oysters"", ""3 or 4 pods garlic"", ""1 stick butter"", ""1 c. white wine"", ""Parmesan cheese"", ""paprika""]","[""Make a batter of eggs and milk."", ""Put a little mustard and sugar in batter."", ""Stir good with fork or whisk."", ""Add salt, pepper and Worcestershire sauce."", ""Set aside.""]","[""progresso crumbs"", ""parmesan cheese"", ""oysters"", ""white wine"", ""paprika"", ""garlic"", ""butter""]","[-0.01137708 -0.01150394 -0.01153262 -0.01138554 -0.01123273 -0.01146627
 -0.01129216 -0.01109828 -0.0114531  -0.01147736 -0.01125789 -0.01138444
 -0.01134561 -0.01130606 -0.01146834 -0.01137628 -0.01155607 -0.01146703
 -0.01135643 -0.01130835 -0.01129492 -0.0115684  -0.01150695 -0.01140498
 -0.01124798 -0.01147422 -0.01136062 -0.0112854  -0.01131923 -0.01147298
 -0.01136968 -0.01131212 -0.01137368 -0.01133545 -0.01135602 -0.01144549
 -0.01122978 -0.01146267 -0.01145223 -0.01125355 -0.01148105 -0.01136457
 -0.0111218  -0.01134061 -0.01126386 -0.01140701 -0.01125928 -0.01146602
 -0.01144475 -0.01151551 -0.01143167 -0.01137212 -0.01140524 -0.01123988
 -0.01129646 -0.01112472 -0.01143892 -0.01134844 -0.01135192 -0.01138532
 -0.01141428 -0.0112955  -0.01146726 -0.01142034 -0.01125599 -0.0112123
 -0.01136009 -0.01126456 -0.0115259  -0.01126767 -0.01138197 -0.0114673
 -0.01145619 -0.01136361 -0.01130717 -0.01141254 -0.01150328 -0.01124286
 -0.01129602 -0.01144521 -0.01129516 -0.01132588 -0.01130028 -0.01134621
 -0.01131147 -0.01118257 -0.01142594 -0.01141078 -0.01152109 -0.01121612
 -0.01151214 -0.01149524 -0.0112216  -0.01147542 -0.01123374 -0.01126081
 -0.0115378  -0.01124103 -0.01125815 -0.01125324 -0.01150891 -0.01124975
 -0.0114471  -0.01125178 -0.0116002  -0.01139588 -0.01154562 -0.01139491
 -0.01135638 -0.01156515 -0.01146885 -0.01129643 -0.01124679 -0.01151196
 -0.01161768 -0.01121897 -0.01128187 -0.01140523 -0.01142493 -0.01135951
 -0.01131186 -0.01153569 -0.01129085 -0.01107248 -0.0114199  -0.01136762
 -0.01124781 -0.0113763  -0.01129695 -0.01136619 -0.01146494 -0.01115865
 -0.01146292 -0.01148614 -0.01151017 -0.01134556 -0.01134669 -0.01141366
 -0.01142463 -0.01160115 -0.01154893 -0.01122604 -0.01168002 -0.01146409
 -0.01132474 -0.01135742 -0.01128912 -0.01139586 -0.01127732 -0.01135682
 -0.01124589 -0.01123386 -0.01157374 -0.01143991 -0.01144977 -0.01154352
 -0.01137074 -0.01147494 -0.0112739  -0.01126296 -0.01119325 -0.01140724
 -0.01129986 -0.01134996 -0.01150314 -0.01144919 -0.01139105 -0.01122123
 -0.01139856 -0.0112782  -0.01155065 -0.01145254 -0.01109479 -0.01146582
 -0.01141864 -0.01132655 -0.01133194 -0.01126253 -0.01139646 -0.01128126
 -0.0120772  -0.01144443 -0.01131801 -0.01149675 -0.01123917 -0.01151988
 -0.0113672  -0.01143593 -0.01121475 -0.01138949 -0.01128884 -0.01142778
 -0.01162872 -0.01130513 -0.0113839  -0.0114179  -0.0112942  -0.01137666
 -0.01125676 -0.01145586 -0.01147301 -0.01138903 -0.01139428 -0.01119211
 -0.01171962 -0.01097477 -0.01133684 -0.01159855 -0.01131762 -0.0113154
 -0.01165746 -0.01147372 -0.01127358 -0.01154999 -0.01118146 -0.01144248
 -0.0113842  -0.01133657 -0.01158344 -0.01156501 -0.01132216 -0.01138943
 -0.01159861 -0.01123658 -0.01145226 -0.01126919 -0.01128522 -0.01142231
 -0.01142566 -0.0114221  -0.01134613 -0.01141362 -0.01135913 -0.01140002
 -0.01152423 -0.01125475 -0.01131357 -0.01131637 -0.0112698  -0.0113359
 -0.01130971 -0.01135994 -0.01124548 -0.01140026 -0.01145386 -0.01148605
 -0.01137134 -0.01139846 -0.01134723 -0.01137111 -0.01129113 -0.01152477
 -0.01134955 -0.01151167 -0.01136674 -0.01145598 -0.01130004 -0.01140341
 -0.01137402 -0.01124584 -0.011583   -0.01129221 -0.01112933 -0.01123046
 -0.01158597 -0.01130798 -0.01138688 -0.01135688 -0.01134886 -0.01134875
 -0.01134703 -0.01143595 -0.01154397 -0.01179096 -0.01152939 -0.01141577
 -0.0113721  -0.01138155 -0.01129849 -0.0113509  -0.01129987 -0.01121129
 -0.01150047 -0.01135754 -0.01134435 -0.01158729 -0.01139575 -0.0114835
 -0.01138335 -0.01149922 -0.01140421 -0.0112868  -0.01159702 -0.01151936
 -0.01137563 -0.01147652 -0.01132801 -0.01136969 -0.01134305 -0.0117091
 -0.01135836 -0.01138943 -0.01120705 -0.01130452 -0.01144966 -0.01134632
 -0.01129941 -0.01144056 -0.01272694 -0.01149587 -0.01147286 -0.01145972
 -0.01132281 -0.01145588 -0.01142141 -0.01154848 -0.01160357 -0.01148888
 -0.01129062 -0.01147226 -0.01131989 -0.01129119 -0.01133033 -0.01122891
 -0.01139023 -0.01141609 -0.01145535 -0.01129846 -0.01143684 -0.01154518
 -0.01132481 -0.01133876 -0.01135327 -0.01149801 -0.01150651 -0.01129866
 -0.0116551  -0.01139652 -0.01162383 -0.01141802 -0.0113762  -0.01148772
 -0.0113564  -0.01139399 -0.01154533 -0.01144997 -0.01113275 -0.01143316
 -0.0114109  -0.01138885 -0.01139451 -0.01122111 -0.01124852 -0.01127239
 -0.01124588 -0.0114029  -0.01132162 -0.01124115 -0.01131781 -0.01138618
 -0.01123009 -0.01139704 -0.01143864 -0.01146021 -0.01113    -0.01125856
 -0.01143951 -0.01143788 -0.01117955 -0.01139801 -0.01135998 -0.01126235
 -0.01147217 -0.01140943 -0.01144101 -0.01139684 -0.01136575 -0.01140024
 -0.01144762 -0.01147821 -0.01139724 -0.01175771 -0.01155676 -0.01136701
 -0.01157032 -0.01136568 -0.01126394 -0.01139438 -0.01135556 -0.01140287
 -0.01131562 -0.0112832  -0.01135831 -0.01145724 -0.01137212 -0.01156235
 -0.0116308  -0.01145985 -0.01138572 -0.01143096 -0.01118281 -0.01135334
 -0.01140511 -0.01130736 -0.01123705 -0.0115142  -0.01122115 -0.01128428
 -0.01136751 -0.01150986 -0.0112703  -0.01140595 -0.01128214 -0.01137709
 -0.01147094 -0.01131049 -0.01135375 -0.01146404 -0.01124946 -0.01156464
 -0.01139761 -0.01145633 -0.01131329 -0.01145762 -0.01129683 -0.01109197
 -0.01129801 -0.01141832 -0.01130367 -0.01114109 -0.01130189 -0.01140406
 -0.01137834 -0.01144198 -0.01123677 -0.0114989  -0.01159695 -0.01131961
 -0.01140103 -0.01150309 -0.01146243 -0.01145966 -0.0113537  -0.01141535
 -0.01142092 -0.01149251 -0.01143334 -0.01126178 -0.01141048 -0.01136495
 -0.01145209 -0.0113004  -0.01151131 -0.01123356 -0.01137988 -0.01142675
 -0.01119893 -0.0113302  -0.01134137 -0.01150405 -0.01146185 -0.01152823
 -0.01139455 -0.01160337 -0.01129092 -0.01135028 -0.01148375 -0.01157493
 -0.01145335 -0.01139883 -0.0113497  -0.01152199 -0.01158862 -0.01134671
 -0.01138139 -0.01139291 -0.01153445 -0.01125224 -0.01139407 -0.01134763
 -0.01138585 -0.01136007 -0.01155303 -0.01138446 -0.01145171 -0.0114338
 -0.0114906  -0.01131713 -0.01131664 -0.01150509 -0.01131069 -0.01139274
 -0.01139542 -0.01147104 -0.0114146  -0.01156293 -0.01132654 -0.01139749
 -0.01140681 -0.01136077 -0.01142748 -0.01145201 -0.0114811  -0.0113175
 -0.01123012 -0.01150002 -0.01120057 -0.01149385 -0.01128459 -0.0114845
 -0.01152276 -0.01121075 -0.01130042 -0.01151089 -0.01117282 -0.01124162
 -0.01152448 -0.011383   -0.01140513 -0.01160763 -0.01140868 -0.011492
 -0.01150205 -0.01134362 -0.01118487 -0.01130364 -0.01140516 -0.01127051
 -0.01150842 -0.01156648 -0.01124631 -0.01146944 -0.01153664 -0.01122647
 -0.01137907 -0.01142391 -0.01156422 -0.01136036 -0.01129822 -0.01139931
 -0.01127626 -0.01129406 -0.01127741 -0.01117678 -0.01147154 -0.01142344
 -0.01139188 -0.011329   -0.01132338 -0.01149911 -0.01148224 -0.01150235
 -0.01146913 -0.01146263 -0.01137673 -0.01108529 -0.01150163 -0.01143472
 -0.01142739 -0.01134043 -0.01133903 -0.01165829 -0.01135205 -0.01156274
 -0.01139325 -0.01130298 -0.0114445  -0.011435   -0.01131743 -0.01123152
 -0.01141545 -0.01120537 -0.01120379 -0.01147424 -0.01140998 -0.0112883
 -0.01134881 -0.01125352 -0.01133477 -0.01132765 -0.01123621 -0.01128902
 -0.01156402 -0.01134103 -0.01132355 -0.01167654 -0.01124303 -0.01153866
 -0.01117601 -0.01130135 -0.0114396  -0.01138205 -0.01128224 -0.01150386
 -0.01162798 -0.01121466 -0.01146647 -0.0112838  -0.01104117 -0.01155811
 -0.01129914 -0.01121072 -0.01124579 -0.01111842 -0.01140545 -0.01136783
 -0.01153461 -0.01138387 -0.01165501 -0.01117337 -0.01136439 -0.01143893
 -0.01137128 -0.01132858 -0.01146282 -0.01149955 -0.01143194 -0.01144786
 -0.01156677 -0.01146178 -0.01136013 -0.0111466  -0.0115755  -0.01125239
 -0.01141653 -0.01143479 -0.01132545 -0.0111927  -0.01127352 -0.01145598
 -0.01129467 -0.01138687 -0.0112527  -0.0112117  -0.01153792 -0.01147691
 -0.01137921 -0.01129568 -0.0113581  -0.01121243 -0.01144086 -0.01130468
 -0.01139566 -0.01150261 -0.01128198 -0.01142428 -0.01149314 -0.0114709
 -0.01112087 -0.01125822 -0.01134235 -0.01141834 -0.01135495 -0.0113808
 -0.01146683 -0.01138376 -0.0113792  -0.01133156 -0.01127612 -0.01146443
 -0.0113598  -0.01137032 -0.01133172 -0.01153036 -0.0113957  -0.0114416
 -0.01131984 -0.01159979 -0.01131324 -0.01150377 -0.01145356 -0.01153109
 -0.01143717 -0.01116157 -0.01162336 -0.0114191  -0.0116093  -0.01130996
 -0.01124393 -0.01143137 -0.01138281 -0.01123091 -0.01116402 -0.0113629
 -0.01165844 -0.01137132 -0.0114919  -0.01121765 -0.01146171 -0.0113084
 -0.01146207 -0.01159696 -0.01128185 -0.01159584 -0.01140664 -0.01147711
 -0.01145422 -0.01138556 -0.01146912 -0.01132508 -0.01134715 -0.01142161
 -0.01139972 -0.01147111 -0.01130565 -0.01130146 -0.01144594 -0.0114475
 -0.01116208 -0.01139456 -0.0114835  -0.01133792 -0.01146065 -0.01129857
 -0.01134605 -0.01137077 -0.01165961 -0.01136961 -0.01133652 -0.0113062
 -0.01172997 -0.01134381 -0.01128071 -0.01125597 -0.01131081 -0.01131673
 -0.01157845 -0.01137545 -0.01150311 -0.01160788 -0.01119388 -0.01123454
 -0.01135077 -0.01135578 -0.01144972 -0.01118071 -0.01130227 -0.0114097
 -0.01148961 -0.01115975 -0.01134662 -0.01145397 -0.01151787 -0.01124278
 -0.01126408 -0.01135444 -0.01147533 -0.01151247 -0.01134312 -0.01139878
 -0.01132645 -0.01128479 -0.01238914 -0.0114662  -0.01129143 -0.01151546
 -0.01132858 -0.01150259 -0.01121455 -0.0114421  -0.01142809 -0.01135524
 -0.01140392 -0.0115184  -0.01135796 -0.01140204 -0.01146256 -0.01150886]"
Snickers Salad,"[""6 to 8 Granny Smith apples"", ""16 oz. Cool Whip"", ""1 pkg. miniature Snickers bars""]","[""Cut apples into chunks (peel or not as you wish)."", ""Stir apples into Cool Whip."", ""Using blender, chop fine Snickers bars (do only 3 to 4 at a time; empty blender and do again)."", ""Stir Snickers into the salad."", ""Refrigerate and serve the same day.""]","[""snickers"", ""apples""]","[-0.01009987 -0.01018955 -0.01031085 -0.01018117 -0.01018634 -0.01026263
 -0.01028089 -0.00978768 -0.01034678 -0.01015079 -0.01026268 -0.01042235
 -0.01010317 -0.01006389 -0.01045094 -0.01028539 -0.01027021 -0.01022692
 -0.01014588 -0.01010695 -0.01004802 -0.010383   -0.01044897 -0.0101326
 -0.0100321  -0.01018598 -0.01024175 -0.01029693 -0.01019757 -0.01039713
 -0.01010254 -0.01025118 -0.01003085 -0.01029194 -0.01023253 -0.01044312
 -0.01006478 -0.01018594 -0.01042057 -0.01005501 -0.010413   -0.01032385
 -0.00982942 -0.01025931 -0.01008887 -0.01030937 -0.01008708 -0.01042647
 -0.01035703 -0.01019597 -0.01001862 -0.01027899 -0.01032599 -0.01035769
 -0.01016944 -0.01001837 -0.01033107 -0.01034991 -0.01027328 -0.01017011
 -0.01019911 -0.0100203  -0.01021452 -0.01036319 -0.01017822 -0.01020309
 -0.01021339 -0.01006718 -0.01049638 -0.01011344 -0.01044012 -0.01006981
 -0.01031279 -0.01016915 -0.01007789 -0.01036261 -0.01006073 -0.01011381
 -0.01021453 -0.01041222 -0.01038224 -0.01015477 -0.01016189 -0.00997921
 -0.01021647 -0.01004274 -0.01049147 -0.01047439 -0.01030948 -0.00989177
 -0.01040845 -0.01026112 -0.01015375 -0.01017236 -0.01014113 -0.01032923
 -0.01049013 -0.0101524  -0.01018867 -0.01006695 -0.01012403 -0.01025057
 -0.01025482 -0.00996694 -0.01054521 -0.01020715 -0.01028833 -0.01020181
 -0.01024036 -0.01035157 -0.01005897 -0.0102818  -0.00997355 -0.01015988
 -0.01048753 -0.01015128 -0.01033509 -0.01026953 -0.0102181  -0.01023424
 -0.01038996 -0.01037462 -0.01011431 -0.00991709 -0.01022042 -0.01026297
 -0.01038862 -0.01014816 -0.01022914 -0.01038578 -0.01020486 -0.01005415
 -0.01020896 -0.01015769 -0.01048002 -0.01005341 -0.01023777 -0.01030779
 -0.01035072 -0.01027136 -0.01027392 -0.01010057 -0.01042283 -0.01018368
 -0.01006319 -0.01026657 -0.01018264 -0.01013817 -0.01014944 -0.0102216
 -0.01010264 -0.01005037 -0.01046352 -0.01039835 -0.01022497 -0.01024947
 -0.01028336 -0.01027288 -0.01010888 -0.01006227 -0.01011093 -0.01025182
 -0.0102937  -0.01017077 -0.01014969 -0.01028312 -0.01020948 -0.01008745
 -0.01028858 -0.01008057 -0.01043997 -0.01018178 -0.00979693 -0.01027295
 -0.01000361 -0.01023056 -0.01026177 -0.01016147 -0.01008247 -0.0100989
 -0.01094137 -0.01020792 -0.01000337 -0.010222   -0.01018028 -0.01044108
 -0.01013865 -0.01049867 -0.0101621  -0.00998432 -0.01027089 -0.01022936
 -0.01028659 -0.01013881 -0.01014181 -0.01031486 -0.01025718 -0.01010647
 -0.01022741 -0.01038528 -0.01016356 -0.0101096  -0.01013223 -0.00998336
 -0.01031329 -0.01000313 -0.01011866 -0.01040501 -0.01039117 -0.01012336
 -0.01055701 -0.01008577 -0.01008479 -0.01040415 -0.01018861 -0.01028324
 -0.01013891 -0.0102335  -0.01043359 -0.01030185 -0.01033807 -0.01013176
 -0.01056426 -0.0101269  -0.01030017 -0.01017383 -0.01015005 -0.01008845
 -0.0103166  -0.01015942 -0.01017163 -0.01038869 -0.01008168 -0.01003743
 -0.01031154 -0.01023749 -0.01036995 -0.01020689 -0.01022354 -0.01046544
 -0.01039959 -0.01013988 -0.00993312 -0.01040149 -0.01021177 -0.01022977
 -0.01015641 -0.01004757 -0.0102037  -0.0103009  -0.0102355  -0.01034272
 -0.01014998 -0.01042088 -0.01030629 -0.0101889  -0.01030744 -0.01040638
 -0.01012307 -0.0101025  -0.01010909 -0.01028184 -0.00971705 -0.01015141
 -0.01051994 -0.01015134 -0.01036919 -0.01012117 -0.01038408 -0.01014167
 -0.01018829 -0.0103118  -0.01036316 -0.01038342 -0.01036781 -0.01035476
 -0.01018097 -0.01019166 -0.01022752 -0.01037821 -0.01014754 -0.01008946
 -0.01060027 -0.01013785 -0.01036746 -0.01058808 -0.01023041 -0.01025647
 -0.01031469 -0.01044128 -0.01009159 -0.00992314 -0.01031575 -0.01044845
 -0.01021167 -0.01020313 -0.01021775 -0.01007849 -0.01019372 -0.01050098
 -0.01009799 -0.01036318 -0.01015218 -0.01008398 -0.01042046 -0.01007959
 -0.01023427 -0.01051611 -0.01098088 -0.01031979 -0.01036732 -0.01031644
 -0.01008399 -0.01036954 -0.01030294 -0.01048395 -0.01046719 -0.01019102
 -0.0104415  -0.01042528 -0.01001032 -0.01010895 -0.01018635 -0.01052498
 -0.01031109 -0.01041154 -0.01027663 -0.01009412 -0.01022935 -0.01033275
 -0.01011681 -0.01022632 -0.01015737 -0.01022701 -0.01039016 -0.010091
 -0.01052746 -0.01025235 -0.01048638 -0.01039047 -0.01024862 -0.0101297
 -0.01021776 -0.01028325 -0.01038437 -0.01024863 -0.0100054  -0.01004715
 -0.01020961 -0.0102065  -0.010286   -0.01028417 -0.0098625  -0.0102138
 -0.01012929 -0.01049313 -0.01020414 -0.01013072 -0.01011923 -0.01023338
 -0.01021825 -0.01030634 -0.01022872 -0.01020574 -0.01005822 -0.01003165
 -0.01028071 -0.01053925 -0.01004886 -0.01034715 -0.01022629 -0.01002087
 -0.0104143  -0.01024872 -0.01057445 -0.01043353 -0.01014863 -0.01024296
 -0.01026253 -0.01033291 -0.0101888  -0.01062902 -0.01039211 -0.01024703
 -0.01047284 -0.01026453 -0.01005741 -0.01006997 -0.01029058 -0.01048108
 -0.01020566 -0.01038554 -0.01019285 -0.01031696 -0.01031383 -0.01040264
 -0.0104125  -0.01045852 -0.0101675  -0.01009645 -0.01009983 -0.01024074
 -0.0102755  -0.00994862 -0.01018297 -0.01018481 -0.01016556 -0.01025509
 -0.01056775 -0.01048941 -0.00990476 -0.01023538 -0.01013572 -0.01013816
 -0.01055529 -0.01017485 -0.01033839 -0.01026125 -0.01018896 -0.01051191
 -0.01001995 -0.01045289 -0.01041604 -0.01032169 -0.00999633 -0.0098944
 -0.01034047 -0.01022555 -0.01004884 -0.0100336  -0.0102123  -0.01037585
 -0.01012225 -0.01017691 -0.01020786 -0.01047311 -0.01009039 -0.01012616
 -0.01022907 -0.01027299 -0.01016367 -0.01026031 -0.01015361 -0.0103233
 -0.01044196 -0.01047494 -0.01032745 -0.0101226  -0.01019654 -0.01018889
 -0.01022751 -0.01003875 -0.01059319 -0.00987938 -0.01020658 -0.01032841
 -0.01018446 -0.01001654 -0.01051838 -0.01028094 -0.01027568 -0.01038579
 -0.01017882 -0.01047977 -0.0099838  -0.0102851  -0.01023651 -0.01033576
 -0.01019528 -0.01029595 -0.01015814 -0.01004249 -0.01036903 -0.01008675
 -0.01017811 -0.01025804 -0.01041932 -0.00999785 -0.01027114 -0.01029745
 -0.01024462 -0.0100943  -0.0103074  -0.01017108 -0.01018196 -0.01034808
 -0.01049568 -0.01024766 -0.01021434 -0.01035933 -0.01037401 -0.01042966
 -0.01019606 -0.01018071 -0.01025207 -0.01035011 -0.0100487  -0.0103292
 -0.01037794 -0.01009744 -0.01030687 -0.01048498 -0.01044136 -0.01030536
 -0.01016046 -0.01039477 -0.01005894 -0.01021638 -0.01014599 -0.01026376
 -0.01032461 -0.01014561 -0.00993504 -0.01018886 -0.01005856 -0.0101742
 -0.0103622  -0.01016953 -0.0104274  -0.01061574 -0.01039944 -0.01055697
 -0.01011985 -0.01005385 -0.01014617 -0.01029107 -0.01021085 -0.00999981
 -0.01052312 -0.01028823 -0.01021911 -0.01013251 -0.01038901 -0.01015254
 -0.01026172 -0.01020911 -0.0102856  -0.01003676 -0.01014286 -0.01048688
 -0.01006818 -0.01015641 -0.00994612 -0.00991097 -0.01044185 -0.01032709
 -0.01029952 -0.01033232 -0.01024401 -0.01043614 -0.01022751 -0.01036339
 -0.01019877 -0.01047254 -0.01024178 -0.01001705 -0.01016889 -0.0102425
 -0.01037774 -0.01019799 -0.01019781 -0.01044827 -0.01016526 -0.0104944
 -0.01045789 -0.01028196 -0.01037625 -0.01028828 -0.0104766  -0.01011951
 -0.01011734 -0.00998296 -0.01023943 -0.01030697 -0.01008079 -0.01022763
 -0.01010735 -0.01008108 -0.01027283 -0.01041715 -0.01007171 -0.01015197
 -0.01022848 -0.0101741  -0.01027772 -0.01059926 -0.01009892 -0.01023685
 -0.0101929  -0.01004121 -0.01030483 -0.0102904  -0.01004142 -0.01034995
 -0.01035383 -0.01005303 -0.01042498 -0.01014762 -0.00984618 -0.01010265
 -0.01025486 -0.00990453 -0.01033927 -0.01014125 -0.0101467  -0.01008059
 -0.01034268 -0.01011781 -0.01035733 -0.01019769 -0.0101341  -0.01015692
 -0.01028168 -0.01018288 -0.01041325 -0.01034199 -0.01020653 -0.01035313
 -0.01020932 -0.01056996 -0.01004905 -0.00990629 -0.0103426  -0.0100976
 -0.01015195 -0.0103464  -0.01033476 -0.00989018 -0.01012852 -0.01028367
 -0.00988466 -0.01026182 -0.01004484 -0.01000388 -0.01059368 -0.01038281
 -0.01029786 -0.01022621 -0.01049254 -0.01026585 -0.0103124  -0.01019323
 -0.01012362 -0.01042057 -0.01023922 -0.01010847 -0.01033037 -0.0102651
 -0.01013929 -0.01027556 -0.01028502 -0.01006891 -0.01009898 -0.01011277
 -0.01032031 -0.01035899 -0.01000479 -0.0101647  -0.01020982 -0.01020633
 -0.01026339 -0.0101972  -0.0099275  -0.010313   -0.01032354 -0.0103166
 -0.01028178 -0.01022741 -0.01028677 -0.01025005 -0.01022304 -0.01057099
 -0.01027169 -0.00986391 -0.0102879  -0.01040808 -0.01027793 -0.01015166
 -0.01016672 -0.01044745 -0.01018949 -0.01007641 -0.0102904  -0.01014071
 -0.01059987 -0.010044   -0.01031684 -0.01016498 -0.01031338 -0.01020391
 -0.01055959 -0.01037416 -0.01025464 -0.01033558 -0.01036681 -0.01031657
 -0.01020034 -0.01037574 -0.01020772 -0.01018531 -0.01010912 -0.01047758
 -0.01008063 -0.01027212 -0.01007442 -0.0102177  -0.01021042 -0.01025343
 -0.01021987 -0.01049107 -0.01040916 -0.01024301 -0.01031566 -0.01008777
 -0.01019314 -0.01009238 -0.01040734 -0.01041259 -0.01038394 -0.01004188
 -0.01047601 -0.01039569 -0.01040803 -0.01010081 -0.01010298 -0.01018645
 -0.01041655 -0.01030479 -0.01013689 -0.01027582 -0.01018766 -0.01019796
 -0.01038415 -0.01022203 -0.01035857 -0.01008586 -0.01005962 -0.01039187
 -0.01040091 -0.00996959 -0.01028116 -0.01028573 -0.01030103 -0.01013062
 -0.01019455 -0.0100734  -0.01042463 -0.01047612 -0.01014402 -0.0103521
 -0.0099831  -0.01011178 -0.01087703 -0.01036684 -0.01030261 -0.01024813
 -0.01020375 -0.01037067 -0.01034426 -0.01019106 -0.01023166 -0.01018669
 -0.01004974 -0.01026708 -0.01020834 -0.01009424 -0.01029591 -0.01038076]"
Pie Crust,"[""1 c. lard"", ""3 c. flour"", ""1 tsp. salt"", ""1/2 tsp. baking powder"", ""1/2 c. boiling water""]","[""Sift together flour, salt and baking powder 3 times."", ""Break lard into small pieces (the smaller the better)."", ""Pour 1/2 cup boiling water over this and mix until creamy."", ""Add dry ingredients until you can mix it into a mass (with your hands, of course). Makes 2 crusts.""]","[""baking powder"", ""lard"", ""flour"", ""boiling water"", ""salt""]","[-0.01080979 -0.01080308 -0.01088062 -0.01072536 -0.01078287 -0.01063183
 -0.01081155 -0.01067172 -0.01075757 -0.0108832  -0.0107807  -0.01081128
 -0.01076663 -0.01080147 -0.01091886 -0.01098349 -0.01069704 -0.01071265
 -0.01071247 -0.01066392 -0.01070857 -0.01092669 -0.01086852 -0.01084738
 -0.01070131 -0.01069303 -0.01090906 -0.01083805 -0.01079614 -0.01079689
 -0.01087263 -0.01081571 -0.01058203 -0.01077778 -0.01073458 -0.01096564
 -0.01071851 -0.01067454 -0.01102238 -0.01068102 -0.01078878 -0.01081946
 -0.01056983 -0.01084636 -0.01079379 -0.01077538 -0.01089186 -0.01071892
 -0.01094891 -0.01091368 -0.01079324 -0.01079165 -0.01084192 -0.01078247
 -0.01079373 -0.01075503 -0.01069979 -0.0107803  -0.01068213 -0.01073974
 -0.01087074 -0.01067215 -0.01074098 -0.01091506 -0.0108256  -0.0107559
 -0.01064328 -0.010653   -0.01096861 -0.01071039 -0.01080527 -0.01089826
 -0.01068896 -0.01077689 -0.01069372 -0.01091337 -0.01074916 -0.01062173
 -0.01075982 -0.0107404  -0.01083375 -0.01071693 -0.01064507 -0.0107071
 -0.01076834 -0.01066867 -0.01085649 -0.01080881 -0.01092894 -0.01060775
 -0.01081393 -0.01083139 -0.01071984 -0.01073851 -0.01081487 -0.01084079
 -0.01086713 -0.01069407 -0.01074055 -0.01078144 -0.01091398 -0.01087192
 -0.01079665 -0.0105413  -0.01096032 -0.01083777 -0.01080812 -0.01075102
 -0.01078292 -0.01087316 -0.01068085 -0.01082926 -0.01057624 -0.01068624
 -0.01098957 -0.01066195 -0.01081177 -0.01081258 -0.01083047 -0.01088433
 -0.01095497 -0.01083756 -0.01076454 -0.01053249 -0.01064208 -0.01086498
 -0.01091985 -0.01081265 -0.01083858 -0.01089832 -0.01082028 -0.01073108
 -0.01077255 -0.01070598 -0.0108719  -0.01068104 -0.01075573 -0.01074226
 -0.01073648 -0.01094173 -0.01086359 -0.01056327 -0.01079117 -0.01097346
 -0.01066802 -0.01080328 -0.01076491 -0.0106702  -0.01076614 -0.01081167
 -0.0107576  -0.01053763 -0.01091906 -0.01105048 -0.01075941 -0.01069465
 -0.0108537  -0.01076094 -0.01076272 -0.01066453 -0.01065608 -0.01075856
 -0.01081704 -0.01080279 -0.01077445 -0.0107785  -0.01073408 -0.01070298
 -0.01079755 -0.01060153 -0.0109209  -0.01076712 -0.01046229 -0.01068557
 -0.01080661 -0.01077525 -0.01069829 -0.01073978 -0.01074842 -0.01080749
 -0.01142342 -0.01085035 -0.01060831 -0.01087495 -0.01078455 -0.01087264
 -0.01065762 -0.01100847 -0.01064568 -0.01072383 -0.01099657 -0.0109442
 -0.0107999  -0.01082874 -0.01068029 -0.01082926 -0.01087507 -0.01081552
 -0.01052936 -0.01090961 -0.01073893 -0.01081056 -0.0107055  -0.01071336
 -0.01081028 -0.010505   -0.01071788 -0.01093305 -0.01070871 -0.01078383
 -0.01090117 -0.01065696 -0.01062812 -0.01087155 -0.01068984 -0.01081729
 -0.01058353 -0.01089876 -0.01094112 -0.010853   -0.01074119 -0.01077446
 -0.01088277 -0.01067613 -0.01087619 -0.01073139 -0.01067191 -0.01072922
 -0.01069481 -0.01072492 -0.01080668 -0.01088076 -0.01078748 -0.01071042
 -0.01085378 -0.01073424 -0.01065992 -0.01079462 -0.01074577 -0.01092815
 -0.01085189 -0.01069024 -0.01061334 -0.01087594 -0.01089628 -0.01079865
 -0.01065436 -0.01072645 -0.01063309 -0.01094017 -0.01077994 -0.01087074
 -0.01066205 -0.01094068 -0.01087165 -0.01079611 -0.01084032 -0.01091186
 -0.01069548 -0.01069683 -0.01079934 -0.01070081 -0.01050284 -0.01083623
 -0.0108096  -0.01062838 -0.01083916 -0.01078811 -0.01069717 -0.0108395
 -0.01081593 -0.01072693 -0.01078729 -0.01091265 -0.01090629 -0.01095513
 -0.01074067 -0.01079955 -0.01079599 -0.01092943 -0.01076248 -0.01066645
 -0.01108502 -0.01073065 -0.01077425 -0.01095777 -0.01084141 -0.01096149
 -0.01092601 -0.01080424 -0.01076294 -0.01050679 -0.01086502 -0.01090084
 -0.01060328 -0.01079271 -0.01076886 -0.01074324 -0.01078033 -0.01087326
 -0.01062602 -0.01075351 -0.01077573 -0.010777   -0.01070953 -0.01075188
 -0.01078063 -0.01089937 -0.0124984  -0.010936   -0.01081242 -0.01094313
 -0.01061742 -0.01081504 -0.01096758 -0.01098393 -0.01084211 -0.01072528
 -0.01086823 -0.01083409 -0.01062837 -0.01069849 -0.01072171 -0.01092048
 -0.01082162 -0.01085265 -0.01090413 -0.01071725 -0.01076832 -0.01096973
 -0.01067264 -0.01075885 -0.01082446 -0.01079633 -0.01080262 -0.01063897
 -0.01097393 -0.01083493 -0.01082339 -0.01082687 -0.01080153 -0.01068116
 -0.01072021 -0.01077522 -0.01081232 -0.01076483 -0.01042802 -0.01071067
 -0.01057196 -0.01061935 -0.01086961 -0.01081518 -0.010628   -0.01087183
 -0.01066125 -0.01098578 -0.01080323 -0.01059486 -0.01058034 -0.01078497
 -0.01085108 -0.01087764 -0.01073754 -0.01069804 -0.01067138 -0.0106355
 -0.01093054 -0.01101518 -0.01076105 -0.01092641 -0.01075676 -0.01071154
 -0.01102576 -0.01085237 -0.01094284 -0.01088269 -0.0108185  -0.01072902
 -0.0108938  -0.01096459 -0.0107968  -0.01119515 -0.01089617 -0.01080329
 -0.01087107 -0.01093868 -0.01067648 -0.01073839 -0.01067524 -0.01087643
 -0.01074179 -0.01073686 -0.01080675 -0.0107985  -0.01081542 -0.01102838
 -0.01092326 -0.01087206 -0.01072833 -0.01081861 -0.01068218 -0.01073927
 -0.0105686  -0.01060198 -0.01073872 -0.01081881 -0.01086154 -0.01084498
 -0.01098013 -0.01097251 -0.0106998  -0.01079883 -0.01067309 -0.01084865
 -0.01103177 -0.01082234 -0.01075744 -0.0107977  -0.01075372 -0.01087793
 -0.01061335 -0.01081619 -0.01086261 -0.01083394 -0.01081916 -0.01071983
 -0.01082838 -0.01068329 -0.01080487 -0.01071784 -0.01076969 -0.01085539
 -0.01079662 -0.01086223 -0.01063743 -0.01101204 -0.01071164 -0.01072215
 -0.01081274 -0.01077488 -0.01084639 -0.01082895 -0.01078526 -0.0107783
 -0.01089579 -0.01083312 -0.01075218 -0.01057331 -0.0107165  -0.01077071
 -0.0109184  -0.01071065 -0.0108611  -0.01054386 -0.01086769 -0.01085986
 -0.01069724 -0.01062611 -0.01070048 -0.01073469 -0.01070955 -0.01077483
 -0.01079794 -0.01100802 -0.01067771 -0.01098116 -0.01084823 -0.01080959
 -0.01073511 -0.01082123 -0.01073411 -0.01056013 -0.01091536 -0.01069901
 -0.01072348 -0.0107703  -0.01100443 -0.01074556 -0.01069243 -0.01089871
 -0.01079727 -0.01063115 -0.01086455 -0.01069235 -0.0107434  -0.01094503
 -0.01092129 -0.01081152 -0.01075893 -0.01092518 -0.01069247 -0.01072018
 -0.01061806 -0.01081617 -0.01093392 -0.01079172 -0.01059062 -0.01068439
 -0.01078509 -0.01077975 -0.01080834 -0.01081017 -0.01089501 -0.01091344
 -0.0107297  -0.01068483 -0.01066218 -0.0108404  -0.01078582 -0.01093074
 -0.01089999 -0.01080814 -0.0106967  -0.01084261 -0.0106336  -0.01074925
 -0.0109031  -0.01091818 -0.01079482 -0.01102417 -0.01093636 -0.01098053
 -0.01081288 -0.01061295 -0.01076999 -0.01063847 -0.01069001 -0.01079819
 -0.0109373  -0.01094904 -0.01082354 -0.01083938 -0.01083902 -0.01075461
 -0.0108109  -0.0109237  -0.01069597 -0.01068852 -0.01064359 -0.010736
 -0.01085872 -0.0106602  -0.01051433 -0.01058404 -0.0110522  -0.01078008
 -0.01078706 -0.01086683 -0.01065535 -0.01100716 -0.01093013 -0.01080316
 -0.01094336 -0.01078252 -0.01070816 -0.01054563 -0.01066558 -0.01069025
 -0.01087377 -0.01073583 -0.01075156 -0.01097156 -0.01075674 -0.01109506
 -0.01093293 -0.01084656 -0.01094207 -0.01077033 -0.01096533 -0.01076348
 -0.01071167 -0.01065899 -0.01081636 -0.01092828 -0.01081596 -0.01080182
 -0.01066317 -0.01068284 -0.01077672 -0.01081461 -0.01065707 -0.01076641
 -0.01094583 -0.01092057 -0.01065241 -0.01113231 -0.0107616  -0.01083052
 -0.01072984 -0.01064562 -0.01090755 -0.01084964 -0.01091871 -0.01093956
 -0.01089676 -0.01081962 -0.01110097 -0.01078483 -0.01060992 -0.01071282
 -0.01077009 -0.01076569 -0.0108095  -0.01057927 -0.01085876 -0.0107756
 -0.01098909 -0.01067671 -0.01079332 -0.01076441 -0.01072906 -0.01076162
 -0.01087339 -0.01066728 -0.01084662 -0.01085058 -0.0108384  -0.0108468
 -0.01081947 -0.01089871 -0.01070318 -0.01057501 -0.0109703  -0.0107272
 -0.01069225 -0.01109041 -0.0109273  -0.01048969 -0.01074132 -0.0107907
 -0.01068086 -0.01072526 -0.01064816 -0.01063241 -0.01106597 -0.01081669
 -0.01083255 -0.01075423 -0.01079989 -0.01072152 -0.01088159 -0.01083323
 -0.01062622 -0.01092582 -0.01075806 -0.01079932 -0.01084447 -0.01080919
 -0.01078545 -0.01075135 -0.01083244 -0.01079    -0.01073214 -0.01075243
 -0.01082801 -0.0110023  -0.01070039 -0.01061442 -0.01082497 -0.0107865
 -0.01086307 -0.01088982 -0.01071549 -0.01088335 -0.01081874 -0.01074822
 -0.01084856 -0.01087101 -0.01078381 -0.01074504 -0.01082352 -0.01096596
 -0.01073481 -0.01055953 -0.0109579  -0.01086736 -0.01089097 -0.0107597
 -0.01080837 -0.01084783 -0.01070246 -0.01055022 -0.010907   -0.01071157
 -0.0109448  -0.01049298 -0.01095907 -0.01077589 -0.01081411 -0.01077616
 -0.01095616 -0.01079335 -0.0105579  -0.01075919 -0.01084947 -0.01084998
 -0.01077383 -0.01082727 -0.0107818  -0.01084042 -0.01074734 -0.01080263
 -0.01063133 -0.01086023 -0.01074213 -0.01088565 -0.01063581 -0.01072873
 -0.01058978 -0.01080076 -0.01079828 -0.01076597 -0.010878   -0.01075816
 -0.0107154  -0.01071727 -0.01096165 -0.01091597 -0.01070451 -0.01074965
 -0.01106325 -0.01076407 -0.0108665  -0.01081255 -0.01076447 -0.01068575
 -0.01080249 -0.01086946 -0.01079964 -0.01079333 -0.01067671 -0.01070765
 -0.01081715 -0.0108786  -0.01092006 -0.01068978 -0.01084227 -0.01071022
 -0.01092116 -0.01058168 -0.01087468 -0.01087577 -0.01065438 -0.01072456
 -0.01081027 -0.01078655 -0.0108671  -0.01092287 -0.01072821 -0.01089616
 -0.01073203 -0.01068919 -0.01141611 -0.01080101 -0.01069768 -0.0107691
 -0.01090908 -0.01089925 -0.01073504 -0.01077337 -0.01073844 -0.01085315
 -0.01072546 -0.01089225 -0.01077561 -0.01070068 -0.01079907 -0.0108784 ]"
Meat Loaf,"[""1 envelope onion soup mix"", ""2 eggs"", ""1/3 c. catsup"", ""3/4 c. warm water"", ""1 1/2 c. soft bread crumbs (I use 4 slices bread)"", ""3 lb. ground beef""]","[""Break eggs in bowl."", ""Beat slightly."", ""Stir in catsup, warm water and soup mix."", ""Add bread crumbs and ground beef."", ""Mix well. Bake at 350\u00b0 for 1 1/2 hours.""]","[""warm water"", ""onion soup"", ""eggs"", ""catsup"", ""ground beef"", ""bread crumbs""]","[-0.01079758 -0.01093063 -0.01109472 -0.0108761  -0.01085585 -0.01078825
 -0.01082118 -0.01072288 -0.01095131 -0.01097029 -0.01085573 -0.01081945
 -0.01087604 -0.01084933 -0.01098151 -0.01091411 -0.01090431 -0.01080778
 -0.01088338 -0.01076029 -0.01074004 -0.01094792 -0.01103182 -0.01084812
 -0.01069226 -0.01076003 -0.01098768 -0.01088319 -0.01096051 -0.01081716
 -0.0108855  -0.01092687 -0.01066964 -0.01083139 -0.01077076 -0.01101448
 -0.01080087 -0.01083763 -0.0110743  -0.01078114 -0.01094633 -0.01091862
 -0.01056638 -0.01092798 -0.01080003 -0.01092384 -0.01071794 -0.01079936
 -0.01102793 -0.01093645 -0.01085401 -0.0109146  -0.01104865 -0.01079783
 -0.01091376 -0.01083076 -0.01081564 -0.01084399 -0.01089112 -0.01089071
 -0.01085536 -0.01086649 -0.01080376 -0.01103994 -0.01091017 -0.01081119
 -0.01079256 -0.01067402 -0.01109256 -0.01079944 -0.01092304 -0.0108184
 -0.01090974 -0.01090446 -0.01074143 -0.01092489 -0.01083726 -0.01072268
 -0.01094661 -0.01084745 -0.01084108 -0.01082358 -0.01084197 -0.01068708
 -0.0109965  -0.01081898 -0.01094989 -0.01101843 -0.01093266 -0.0105792
 -0.01090139 -0.01089331 -0.01083829 -0.01080611 -0.01087614 -0.01080174
 -0.01101378 -0.0107892  -0.01082199 -0.01094693 -0.0109704  -0.01088559
 -0.01092597 -0.0106972  -0.01104325 -0.0108743  -0.01087955 -0.01095064
 -0.01071887 -0.01105599 -0.01069403 -0.01093199 -0.01070673 -0.01087494
 -0.01100982 -0.01074271 -0.0108735  -0.01094    -0.01098408 -0.01082239
 -0.01109427 -0.01095509 -0.01089845 -0.01062534 -0.01083776 -0.0110354
 -0.01099058 -0.01092721 -0.01086357 -0.01102023 -0.01090189 -0.01068558
 -0.01083609 -0.01089828 -0.011069   -0.01072587 -0.01084388 -0.01071905
 -0.01094846 -0.01099032 -0.01101013 -0.01068678 -0.01092244 -0.01110645
 -0.01074407 -0.01096134 -0.0107709  -0.01081386 -0.01065997 -0.01089829
 -0.01080974 -0.01073214 -0.01103108 -0.01107657 -0.01086959 -0.01083015
 -0.01092684 -0.01081706 -0.01071376 -0.0107778  -0.01077461 -0.01087675
 -0.01083926 -0.01084533 -0.01098162 -0.01084768 -0.01089977 -0.01075541
 -0.01092429 -0.01091257 -0.0109439  -0.01073239 -0.01046017 -0.01078835
 -0.01081916 -0.01073855 -0.01075871 -0.01081836 -0.01085401 -0.01078988
 -0.01152439 -0.01090376 -0.01068741 -0.01101223 -0.01062306 -0.01095757
 -0.010712   -0.01106746 -0.01071661 -0.01073845 -0.01111951 -0.01096399
 -0.01093818 -0.01088804 -0.0107109  -0.01095112 -0.01088038 -0.01096531
 -0.01072771 -0.01092576 -0.01083957 -0.01083745 -0.01075844 -0.01077815
 -0.01092078 -0.01063055 -0.01073118 -0.01101148 -0.0108588  -0.01085442
 -0.01100987 -0.01061809 -0.01080886 -0.01099158 -0.01081833 -0.01086291
 -0.01074134 -0.01090687 -0.01111029 -0.01090552 -0.01076522 -0.01080721
 -0.01104933 -0.01083155 -0.01101657 -0.01084146 -0.01092018 -0.01072494
 -0.01083515 -0.01087263 -0.01083157 -0.01094205 -0.0108662  -0.01075245
 -0.01105354 -0.01081124 -0.01084398 -0.01088385 -0.01078713 -0.01109151
 -0.01091909 -0.01064263 -0.01072343 -0.01099509 -0.01093123 -0.01087821
 -0.01078787 -0.01087556 -0.01083228 -0.01087922 -0.01077558 -0.01095786
 -0.01073128 -0.01101475 -0.01085968 -0.01090865 -0.01087852 -0.0109499
 -0.01079358 -0.01079829 -0.01071028 -0.01081213 -0.01054386 -0.01084444
 -0.01095258 -0.01079558 -0.01090036 -0.01087981 -0.01094128 -0.01089392
 -0.01089828 -0.01079051 -0.01099733 -0.01098413 -0.01090054 -0.01103599
 -0.01074956 -0.01092126 -0.01081127 -0.01094704 -0.01089394 -0.01087387
 -0.01101848 -0.01080556 -0.01092026 -0.01102404 -0.01100897 -0.01101551
 -0.01103965 -0.01088854 -0.01084929 -0.01070805 -0.01094349 -0.01105076
 -0.01068545 -0.01089748 -0.01087376 -0.01075137 -0.01091041 -0.01100205
 -0.01071692 -0.01077672 -0.01087663 -0.01078612 -0.01081597 -0.0107824
 -0.01092732 -0.01089344 -0.01235045 -0.01097402 -0.0109208  -0.01099303
 -0.01071085 -0.01103659 -0.01104941 -0.01099667 -0.01097156 -0.01095139
 -0.01087114 -0.01098636 -0.01065663 -0.01078371 -0.0108669  -0.01101
 -0.01090761 -0.01093604 -0.01097334 -0.01063277 -0.01077138 -0.01099373
 -0.01073231 -0.01100691 -0.01086952 -0.0108271  -0.01092298 -0.01079952
 -0.01103725 -0.01089294 -0.01093993 -0.01091686 -0.0109446  -0.01089367
 -0.01076958 -0.01091603 -0.01100439 -0.01086161 -0.01049579 -0.01077116
 -0.01069679 -0.01076102 -0.0109119  -0.01100338 -0.01064682 -0.01097455
 -0.01081727 -0.01102373 -0.01090887 -0.01078494 -0.01067624 -0.01087476
 -0.01088485 -0.01093483 -0.01084045 -0.01082651 -0.01073651 -0.01079564
 -0.01089236 -0.01107082 -0.01076746 -0.01103884 -0.01087741 -0.0106802
 -0.01109499 -0.01093618 -0.01089959 -0.01101528 -0.01085777 -0.01080875
 -0.01097722 -0.01097143 -0.01083428 -0.01129026 -0.01099391 -0.01092288
 -0.01102692 -0.01093974 -0.01081403 -0.0109931  -0.01074662 -0.01085858
 -0.01081676 -0.01090509 -0.01091716 -0.01092292 -0.01087909 -0.01103909
 -0.0110655  -0.01092271 -0.01084399 -0.01088813 -0.01079593 -0.01080546
 -0.01076046 -0.01078    -0.01074602 -0.01089124 -0.01099906 -0.01092135
 -0.01097866 -0.01088985 -0.01065567 -0.01086891 -0.0109356  -0.01086264
 -0.01108502 -0.01085853 -0.01081045 -0.01088268 -0.01084339 -0.01106563
 -0.01072841 -0.0109871  -0.01102049 -0.01094262 -0.01090552 -0.01081593
 -0.01086329 -0.01074774 -0.01095492 -0.01082823 -0.01090751 -0.0109306
 -0.01084784 -0.01084517 -0.01089492 -0.01111725 -0.01085162 -0.01078363
 -0.0110089  -0.01085145 -0.01088402 -0.0108944  -0.01090204 -0.01081632
 -0.01098038 -0.01094605 -0.01090862 -0.01069929 -0.01075135 -0.010804
 -0.01094801 -0.01080512 -0.01095087 -0.01061722 -0.01077053 -0.01085655
 -0.01081336 -0.01075564 -0.01086785 -0.0107944  -0.01084964 -0.0109354
 -0.01082594 -0.01103851 -0.01084276 -0.01093805 -0.01098504 -0.0109653
 -0.01079593 -0.01095385 -0.01076519 -0.01081028 -0.01093356 -0.01070838
 -0.01073691 -0.01088409 -0.01116087 -0.01072623 -0.01083839 -0.01104041
 -0.01089971 -0.01081108 -0.01103741 -0.01080155 -0.01084509 -0.011041
 -0.01111949 -0.01073688 -0.01078376 -0.01092564 -0.01076976 -0.01086901
 -0.01075187 -0.01104061 -0.01097543 -0.0107888  -0.01070212 -0.01072499
 -0.01084678 -0.01083154 -0.01087971 -0.01095532 -0.01095643 -0.01100646
 -0.01072044 -0.01083926 -0.01071311 -0.0109216  -0.0108272  -0.01097217
 -0.0109409  -0.01082061 -0.01073024 -0.01073669 -0.01075203 -0.01082594
 -0.01099608 -0.01094474 -0.0108605  -0.01106681 -0.01082201 -0.01105291
 -0.01088068 -0.01071655 -0.01077237 -0.01082523 -0.01084186 -0.01082687
 -0.01108316 -0.01103507 -0.0107992  -0.01094863 -0.01089245 -0.01080174
 -0.01092865 -0.01088879 -0.01086958 -0.01077675 -0.01086996 -0.01079636
 -0.01098163 -0.01083399 -0.01070578 -0.0107216  -0.01110965 -0.01090984
 -0.01082016 -0.01092213 -0.0108077  -0.01110017 -0.01093316 -0.01087817
 -0.01084352 -0.01088116 -0.01086614 -0.01054771 -0.01068752 -0.01084761
 -0.01095154 -0.01082088 -0.01085568 -0.01114505 -0.01091987 -0.01123006
 -0.01109718 -0.01089565 -0.01092241 -0.01090151 -0.01104048 -0.01066332
 -0.01083937 -0.01073421 -0.01090581 -0.01099497 -0.01093508 -0.0109289
 -0.01065926 -0.0106893  -0.0108616  -0.01100731 -0.01069733 -0.01079918
 -0.011069   -0.01092694 -0.01082003 -0.01119191 -0.01086522 -0.01090829
 -0.01084654 -0.01067393 -0.011059   -0.01093351 -0.01080599 -0.01104878
 -0.01092739 -0.01092365 -0.01101207 -0.0108636  -0.01068395 -0.01073688
 -0.01074227 -0.01080463 -0.01098494 -0.01073203 -0.0109652  -0.01086711
 -0.01107359 -0.01075876 -0.01096265 -0.01087277 -0.01081049 -0.01087559
 -0.01096027 -0.01084541 -0.01096969 -0.01107799 -0.01088415 -0.01087599
 -0.01096121 -0.01092744 -0.01076123 -0.01070242 -0.01103827 -0.01086323
 -0.01076289 -0.0110572  -0.01093519 -0.0106082  -0.01087962 -0.01095588
 -0.01075385 -0.01082082 -0.0107195  -0.01070751 -0.01121843 -0.01094472
 -0.01094274 -0.01075814 -0.01095995 -0.0107793  -0.01089531 -0.01087811
 -0.01074395 -0.01092379 -0.01080407 -0.01080037 -0.01099081 -0.01087641
 -0.0108955  -0.01085208 -0.01104256 -0.01084821 -0.01080104 -0.01093413
 -0.01086466 -0.01101836 -0.01076055 -0.0108426  -0.01086368 -0.01091954
 -0.01083912 -0.01093985 -0.010736   -0.01082756 -0.01081271 -0.01084742
 -0.01097374 -0.01099775 -0.01089686 -0.01086492 -0.01083315 -0.01106074
 -0.01085114 -0.01066817 -0.01109146 -0.01098039 -0.01097473 -0.01084436
 -0.0108052  -0.01098555 -0.01089722 -0.01066259 -0.01087275 -0.01071429
 -0.01092426 -0.01062548 -0.011078   -0.01091185 -0.01095482 -0.01092357
 -0.01102938 -0.01100763 -0.01068522 -0.01086174 -0.0108899  -0.01092752
 -0.01088477 -0.01103001 -0.01084845 -0.01091444 -0.010845   -0.01084335
 -0.01075777 -0.01097937 -0.01093395 -0.01082704 -0.01084167 -0.01077813
 -0.01073805 -0.01097811 -0.01092469 -0.01078583 -0.0109246  -0.0108831
 -0.01071807 -0.01091991 -0.01107667 -0.01098614 -0.01088825 -0.01082295
 -0.01124935 -0.01078135 -0.0110119  -0.01083086 -0.01088337 -0.0108332
 -0.01090061 -0.01097251 -0.01084083 -0.0108695  -0.01085499 -0.01079956
 -0.01105525 -0.01082783 -0.01100356 -0.01075213 -0.01085781 -0.01072799
 -0.01104941 -0.01077522 -0.01102557 -0.01098369 -0.01076255 -0.01079751
 -0.01083851 -0.01090838 -0.01100834 -0.01104525 -0.01083459 -0.01091859
 -0.01083158 -0.01081532 -0.01138968 -0.01092193 -0.01080563 -0.01075283
 -0.0108719  -0.01088762 -0.01082684 -0.0109276  -0.01085765 -0.01088992
 -0.01079908 -0.01092514 -0.01077866 -0.01080239 -0.01084545 -0.01103865]"
